#At time: 0.000000e+00, nsteps= 0


0.000000e+00, 2.124177e-20, 2.124177e-20
7.812500e-03, 2.901634e-20, 2.901634e-20
2.343750e-02, 5.394562e-20, 5.394562e-20
3.906250e-02, 9.980425e-20, 9.980425e-20
5.468750e-02, 1.837475e-19, 1.837475e-19
7.031250e-02, 3.366457e-19, 3.366457e-19
8.593750e-02, 6.137680e-19, 6.137680e-19
1.015625e-01, 1.113563e-18, 1.113563e-18
1.171875e-01, 2.010504e-18, 2.010504e-18
1.328125e-01, 3.612221e-18, 3.612221e-18
1.484375e-01, 6.458373e-18, 6.458373e-18
1.640625e-01, 1.149083e-17, 1.149083e-17
1.796875e-01, 2.034506e-17, 2.034506e-17
1.953125e-01, 3.584645e-17, 3.584645e-17
2.109375e-01, 6.285107e-17, 6.285107e-17
2.265625e-01, 1.096626e-16, 1.096626e-16
2.421875e-01, 1.904075e-16, 1.904075e-16
2.578125e-01, 3.289946e-16, 3.289946e-16
2.734375e-01, 5.656829e-16, 5.656829e-16
2.890625e-01, 9.679138e-16, 9.679138e-16
3.046875e-01, 1.648085e-15, 1.648085e-15
3.203125e-01, 2.792558e-15, 2.792558e-15
3.359375e-01, 4.708734e-15, 4.708734e-15
3.515625e-01, 7.901061e-15, 7.901061e-15
3.671875e-01, 1.319308e-14, 1.319308e-14
3.828125e-01, 2.192231e-14, 2.192231e-14
3.984375e-01, 3.624983e-14, 3.624983e-14
4.140625e-01, 5.964924e-14, 5.964924e-14
4.296875e-01, 9.767499e-14, 9.767499e-14
4.453125e-01, 1.591627e-13, 1.591627e-13
4.609375e-01, 2.580944e-13, 2.580944e-13
4.765625e-01, 4.164810e-13, 4.164810e-13
4.921875e-01, 6.687924e-13, 6.687924e-13
5.078125e-01, 1.068727e-12, 1.068727e-12
5.234375e-01, 1.699503e-12, 1.699503e-12
5.390625e-01, 2.689405e-12, 2.689405e-12
5.546875e-01, 4.235162e-12, 4.235162e-12
5.703125e-01, 6.636869e-12, 6.636869e-12
5.859375e-01, 1.034989e-11, 1.034989e-11
6.015625e-01, 1.606157e-11, 1.606157e-11
6.171875e-01, 2.480387e-11, 2.480387e-11
6.328125e-01, 3.811802e-11, 3.811802e-11
6.484375e-01, 5.829357e-11, 5.829357e-11
6.640625e-01, 8.871364e-11, 8.871364e-11
6.796875e-01, 1.343506e-10, 1.343506e-10
6.953125e-01, 2.024735e-10, 2.024735e-10
7.109375e-01, 3.036520e-10, 3.036520e-10
7.265625e-01, 4.531726e-10, 4.531726e-10
7.421875e-01, 6.730239e-10, 6.730239e-10
7.578125e-01, 9.946649e-10, 9.946649e-10
7.734375e-01, 1.462859e-09, 1.462859e-09
7.890625e-01, 2.140955e-09, 2.140955e-09
8.046875e-01, 3.118115e-09, 3.118115e-09
8.203125e-01, 4.519144e-09, 4.519144e-09
8.359375e-01, 6.517777e-09, 6.517777e-09
8.515625e-01, 9.354538e-09, 9.354538e-09
8.671875e-01, 1.336056e-08, 1.336056e-08
8.828125e-01, 1.898918e-08, 1.898918e-08
8.984375e-01, 2.685761e-08, 2.685761e-08
9.140625e-01, 3.780139e-08, 3.780139e-08
9.296875e-01, 5.294534e-08, 5.294534e-08
9.453125e-01, 7.379502e-08, 7.379502e-08
9.609375e-01, 1.023542e-07, 1.023542e-07
9.765625e-01, 1.412746e-07, 1.412746e-07
9.921875e-01, 1.940446e-07, 1.940446e-07
1.007813e+00, 2.652275e-07, 2.652275e-07
1.023438e+00, 3.607573e-07, 3.607573e-07
1.039063e+00, 4.883047e-07, 4.883047e-07
1.054688e+00, 6.577278e-07, 6.577278e-07
1.070313e+00, 8.816190e-07, 8.816190e-07
1.085938e+00, 1.175967e-06, 1.175967e-06
1.101563e+00, 1.560949e-06, 1.560949e-06
1.117188e+00, 2.061872e-06, 2.061872e-06
1.132813e+00, 2.710279e-06, 2.710279e-06
1.148438e+00, 3.545241e-06, 3.545241e-06
1.164063e+00, 4.614844e-06, 4.614844e-06
1.179688e+00, 5.977887e-06, 5.977887e-06
1.195313e+00, 7.705801e-06, 7.705801e-06
1.210938e+00, 9.884787e-06, 9.884787e-06
1.226563e+00, 1.261817e-05, 1.261817e-05
1.242188e+00, 1.602893e-05, 1.602893e-05
1.257813e+00, 2.026247e-05, 2.026247e-05
1.273438e+00, 2.548940e-05, 2.548940e-05
1.289063e+00, 3.190848e-05, 3.190848e-05
1.304688e+00, 3.974955e-05, 3.974955e-05
1.320313e+00, 4.927625e-05, 4.927625e-05
1.335938e+00, 6.078865e-05, 6.078865e-05
1.351563e+00, 7.462543e-05, 7.462543e-05
1.367188e+00, 9.116550e-05, 9.116550e-05
1.382813e+00, 1.108291e-04, 1.108291e-04
1.398438e+00, 1.340776e-04, 1.340776e-04
1.414063e+00, 1.614129e-04, 1.614129e-04
1.429688e+00, 1.933747e-04, 1.933747e-04
1.445313e+00, 2.305369e-04, 2.305369e-04
1.460938e+00, 2.735021e-04, 2.735021e-04
1.476563e+00, 3.228943e-04, 3.228943e-04
1.492188e+00, 3.793495e-04, 3.793495e-04
1.507813e+00, 4.435045e-04, 4.435045e-04
1.523438e+00, 5.159836e-04, 5.159836e-04
1.539063e+00, 5.973836e-04, 5.973836e-04
1.554688e+00, 6.882561e-04, 6.882561e-04
1.570313e+00, 7.890895e-04, 7.890895e-04
1.585938e+00, 9.002888e-04, 9.002888e-04
1.601563e+00, 1.022155e-03, 1.022155e-03
1.617188e+00, 1.154865e-03, 1.154865e-03
1.632813e+00, 1.298450e-03, 1.298450e-03
1.648438e+00, 1.452776e-03, 1.452776e-03
1.664063e+00, 1.617526e-03, 1.617526e-03
1.679688e+00, 1.792187e-03, 1.792187e-03
1.695313e+00, 1.976037e-03, 1.976037e-03
1.710938e+00, 2.168133e-03, 2.168133e-03
1.726563e+00, 2.367317e-03, 2.367317e-03
1.742188e+00, 2.572209e-03, 2.572209e-03
1.757813e+00, 2.781221e-03, 2.781221e-03
1.773438e+00, 2.992569e-03, 2.992569e-03
1.789063e+00, 3.204293e-03, 3.204293e-03
1.804688e+00, 3.414285e-03, 3.414285e-03
1.820313e+00, 3.620318e-03, 3.620318e-03
1.835938e+00, 3.820086e-03, 3.820086e-03
1.851563e+00, 4.011242e-03, 4.011242e-03
1.867188e+00, 4.191448e-03, 4.191448e-03
1.882813e+00, 4.358417e-03, 4.358417e-03
1.898438e+00, 4.509961e-03, 4.509961e-03
1.914063e+00, 4.644043e-03, 4.644043e-03
1.929688e+00, 4.758819e-03, 4.758819e-03
1.945313e+00, 4.852678e-03, 4.852678e-03
1.960938e+00, 4.924285e-03, 4.924285e-03
1.976563e+00, 4.972609e-03, 4.972609e-03
1.992188e+00, 4.996949e-03, 4.996949e-03
2.007813e+00, 4.996949e-03, 4.996949e-03
2.023438e+00, 4.972609e-03, 4.972609e-03
2.039063e+00, 4.924285e-03, 4.924285e-03
2.054688e+00, 4.852678e-03, 4.852678e-03
2.070313e+00, 4.758819e-03, 4.758819e-03
2.085938e+00, 4.644043e-03, 4.644043e-03
2.101563e+00, 4.509961e-03, 4.509961e-03
2.117188e+00, 4.358417e-03, 4.358417e-03
2.132813e+00, 4.191448e-03, 4.191448e-03
2.148438e+00, 4.011242e-03, 4.011242e-03
2.164063e+00, 3.820086e-03, 3.820086e-03
2.179688e+00, 3.620318e-03, 3.620318e-03
2.195313e+00, 3.414285e-03, 3.414285e-03
2.210938e+00, 3.204293e-03, 3.204293e-03
2.226563e+00, 2.992569e-03, 2.992569e-03
2.242188e+00, 2.781221e-03, 2.781221e-03
2.257813e+00, 2.572209e-03, 2.572209e-03
2.273438e+00, 2.367317e-03, 2.367317e-03
2.289063e+00, 2.168133e-03, 2.168133e-03
2.304688e+00, 1.976037e-03, 1.976037e-03
2.320313e+00, 1.792187e-03, 1.792187e-03
2.335938e+00, 1.617526e-03, 1.617526e-03
2.351563e+00, 1.452776e-03, 1.452776e-03
2.367188e+00, 1.298450e-03, 1.298450e-03
2.382813e+00, 1.154865e-03, 1.154865e-03
2.398438e+00, 1.022155e-03, 1.022155e-03
2.414063e+00, 9.002888e-04, 9.002888e-04
2.429688e+00, 7.890895e-04, 7.890895e-04
2.445313e+00, 6.882561e-04, 6.882561e-04
2.460938e+00, 5.973836e-04, 5.973836e-04
2.476563e+00, 5.159836e-04, 5.159836e-04
2.492188e+00, 4.435045e-04, 4.435045e-04
2.507813e+00, 3.793495e-04, 3.793495e-04
2.523438e+00, 3.228943e-04, 3.228943e-04
2.539063e+00, 2.735021e-04, 2.735021e-04
2.554688e+00, 2.305369e-04, 2.305369e-04
2.570313e+00, 1.933747e-04, 1.933747e-04
2.585938e+00, 1.614129e-04, 1.614129e-04
2.601563e+00, 1.340776e-04, 1.340776e-04
2.617188e+00, 1.108291e-04, 1.108291e-04
2.632813e+00, 9.116550e-05, 9.116550e-05
2.648438e+00, 7.462543e-05, 7.462543e-05
2.664063e+00, 6.078865e-05, 6.078865e-05
2.679688e+00, 4.927625e-05, 4.927625e-05
2.695313e+00, 3.974955e-05, 3.974955e-05
2.710938e+00, 3.190848e-05, 3.190848e-05
2.726563e+00, 2.548940e-05, 2.548940e-05
2.742188e+00, 2.026247e-05, 2.026247e-05
2.757813e+00, 1.602893e-05, 1.602893e-05
2.773438e+00, 1.261817e-05, 1.261817e-05
2.789063e+00, 9.884787e-06, 9.884787e-06
2.804688e+00, 7.705801e-06, 7.705801e-06
2.820313e+00, 5.977887e-06, 5.977887e-06
2.835938e+00, 4.614844e-06, 4.614844e-06
2.851563e+00, 3.545241e-06, 3.545241e-06
2.867188e+00, 2.710279e-06, 2.710279e-06
2.882813e+00, 2.061872e-06, 2.061872e-06
2.898438e+00, 1.560949e-06, 1.560949e-06
2.914063e+00, 1.175967e-06, 1.175967e-06
2.929688e+00, 8.816190e-07, 8.816190e-07
2.945313e+00, 6.577278e-07, 6.577278e-07
2.960938e+00, 4.883047e-07, 4.883047e-07
2.976563e+00, 3.607573e-07, 3.607573e-07
2.992188e+00, 2.652275e-07, 2.652275e-07
3.007813e+00, 1.940446e-07, 1.940446e-07
3.023438e+00, 1.412746e-07, 1.412746e-07
3.039063e+00, 1.023542e-07, 1.023542e-07
3.054688e+00, 7.379502e-08, 7.379502e-08
3.070313e+00, 5.294534e-08, 5.294534e-08
3.085938e+00, 3.780139e-08, 3.780139e-08
3.101563e+00, 2.685761e-08, 2.685761e-08
3.117188e+00, 1.898918e-08, 1.898918e-08
3.132813e+00, 1.336056e-08, 1.336056e-08
3.148438e+00, 9.354538e-09, 9.354538e-09
3.164063e+00, 6.517777e-09, 6.517777e-09
3.179688e+00, 4.519144e-09, 4.519144e-09
3.195313e+00, 3.118115e-09, 3.118115e-09
3.210938e+00, 2.140955e-09, 2.140955e-09
3.226563e+00, 1.462859e-09, 1.462859e-09
3.242188e+00, 9.946649e-10, 9.946649e-10
3.257813e+00, 6.730239e-10, 6.730239e-10
3.273438e+00, 4.531726e-10, 4.531726e-10
3.289063e+00, 3.036520e-10, 3.036520e-10
3.304688e+00, 2.024735e-10, 2.024735e-10
3.320313e+00, 1.343506e-10, 1.343506e-10
3.335938e+00, 8.871364e-11, 8.871364e-11
3.351563e+00, 5.829357e-11, 5.829357e-11
3.367188e+00, 3.811802e-11, 3.811802e-11
3.382813e+00, 2.480387e-11, 2.480387e-11
3.398438e+00, 1.606157e-11, 1.606157e-11
3.414063e+00, 1.034989e-11, 1.034989e-11
3.429688e+00, 6.636869e-12, 6.636869e-12
3.445313e+00, 4.235162e-12, 4.235162e-12
3.460938e+00, 2.689405e-12, 2.689405e-12
3.476563e+00, 1.699503e-12, 1.699503e-12
3.492188e+00, 1.068727e-12, 1.068727e-12
3.507813e+00, 6.687924e-13, 6.687924e-13
3.523438e+00, 4.164810e-13, 4.164810e-13
3.539063e+00, 2.580944e-13, 2.580944e-13
3.554688e+00, 1.591627e-13, 1.591627e-13
3.570313e+00, 9.767499e-14, 9.767499e-14
3.585938e+00, 5.964924e-14, 5.964924e-14
3.601563e+00, 3.624983e-14, 3.624983e-14
3.617188e+00, 2.192231e-14, 2.192231e-14
3.632813e+00, 1.319308e-14, 1.319308e-14
3.648438e+00, 7.901061e-15, 7.901061e-15
3.664063e+00, 4.708734e-15, 4.708734e-15
3.679688e+00, 2.792558e-15, 2.792558e-15
3.695313e+00, 1.648085e-15, 1.648085e-15
3.710938e+00, 9.679138e-16, 9.679138e-16
3.726563e+00, 5.656829e-16, 5.656829e-16
3.742188e+00, 3.289946e-16, 3.289946e-16
3.757813e+00, 1.904075e-16, 1.904075e-16
3.773438e+00, 1.096626e-16, 1.096626e-16
3.789063e+00, 6.285107e-17, 6.285107e-17
3.804688e+00, 3.584645e-17, 3.584645e-17
3.820313e+00, 2.034506e-17, 2.034506e-17
3.835938e+00, 1.149083e-17, 1.149083e-17
3.851563e+00, 6.458373e-18, 6.458373e-18
3.867188e+00, 3.612221e-18, 3.612221e-18
3.882813e+00, 2.010504e-18, 2.010504e-18
3.898438e+00, 1.113563e-18, 1.113563e-18
3.914063e+00, 6.137680e-19, 6.137680e-19
3.929688e+00, 3.366457e-19, 3.366457e-19
3.945313e+00, 1.837475e-19, 1.837475e-19
3.960938e+00, 9.980425e-20, 9.980425e-20
3.976563e+00, 5.394562e-20, 5.394562e-20
3.992188e+00, 2.901634e-20, 2.901634e-20
4.007813e+00, 1.553133e-20, 1.553133e-20
4.023438e+00, 8.272828e-21, 8.272828e-21
4.039063e+00, 4.385093e-21, 4.385093e-21
4.054688e+00, 2.313039e-21, 2.313039e-21
4.070313e+00, 1.214134e-21, 1.214134e-21
4.085938e+00, 6.342051e-22, 6.342051e-22
4.101563e+00, 3.296645e-22, 3.296645e-22
4.117188e+00, 1.705274e-22, 1.705274e-22
4.132813e+00, 8.777996e-23, 8.777996e-23
4.148438e+00, 4.496516e-23, 4.496516e-23
4.164063e+00, 2.292114e-23, 2.292114e-23
4.179688e+00, 1.162722e-23, 1.162722e-23
4.195313e+00, 5.869416e-24, 5.869416e-24
4.210938e+00, 2.948447e-24, 2.948447e-24
4.226563e+00, 1.473911e-24, 1.473911e-24
4.242188e+00, 7.332101e-25, 7.332101e-25
4.257813e+00, 3.629653e-25, 3.629653e-25
4.273438e+00, 1.788057e-25, 1.788057e-25
4.289063e+00, 8.765502e-26, 8.765502e-26
4.304688e+00, 4.276138e-26, 4.276138e-26
4.320313e+00, 2.075899e-26, 2.075899e-26
4.335938e+00, 1.002859e-26, 1.002859e-26
4.351563e+00, 4.821178e-27, 4.821178e-27
4.367188e+00, 2.306459e-27, 2.306459e-27
4.382813e+00, 1.098039e-27, 1.098039e-27
4.398438e+00, 5.201988e-28, 5.201988e-28
4.414063e+00, 2.452450e-28, 2.452450e-28
4.429688e+00, 1.150563e-28, 1.150563e-28
4.445313e+00, 5.371559e-29, 5.371559e-29
4.460938e+00, 2.495568e-29, 2.495568e-29
4.476563e+00, 1.153767e-29, 1.153767e-29
4.492188e+00, 5.308186e-30, 5.308186e-30
4.507813e+00, 2.430264e-30, 2.430264e-30
4.523438e+00, 1.107236e-30, 1.107236e-30
4.539063e+00, 5.020034e-31, 5.020034e-31
4.554688e+00, 2.264917e-31, 2.264917e-31
4.570313e+00, 1.016898e-31, 1.016898e-31
4.585938e+00, 4.543411e-32, 4.543411e-32
4.601563e+00, 2.020068e-32, 2.020068e-32
4.617188e+00, 8.937774e-33, 8.937774e-33
4.632813e+00, 3.935249e-33, 3.935249e-33
4.648438e+00, 1.724227e-33, 1.724227e-33
4.664063e+00, 7.517892e-34, 7.517892e-34
4.679688e+00, 3.261949e-34, 3.261949e-34
4.695313e+00, 1.408438e-34, 1.408438e-34
4.710938e+00, 6.051702e-35, 6.051702e-35
4.726563e+00, 2.587598e-35, 2.587598e-35
4.742188e+00, 1.101021e-35, 1.101021e-35
4.757813e+00, 4.662017e-36, 4.662017e-36
4.773438e+00, 1.964407e-36, 1.964407e-36
4.789063e+00, 8.236988e-37, 8.236988e-37
4.804688e+00, 3.437042e-37, 3.437042e-37
4.820313e+00, 1.427187e-37, 1.427187e-37
4.835938e+00, 5.897338e-38, 5.897338e-38
4.851563e+00, 2.424994e-38, 2.424994e-38
4.867188e+00, 9.923043e-39, 9.923043e-39
4.882813e+00, 4.040717e-39, 4.040717e-39
4.898438e+00, 1.637387e-39, 1.637387e-39
4.914063e+00, 6.602734e-40, 6.602734e-40
4.929688e+00, 2.649571e-40, 2.649571e-40
4.945313e+00, 1.058052e-40, 1.058052e-40
4.960938e+00, 4.204531e-41, 4.204531e-41
4.976563e+00, 1.662676e-41, 1.662676e-41
4.992188e+00, 6.543003e-42, 6.543003e-42
5.000000e+00, 4.097006e-42, 4.097006e-42


#At time: 2.507267e+01, nsteps= 207


0.000000e+00, 5.471082e-21, 4.529299e-12
7.812500e-03, 1.253169e-12, 5.302835e-12
2.343750e-02, 3.903526e-12, 7.255517e-12
3.906250e-02, 6.950782e-12, 9.903070e-12
5.468750e-02, 1.067417e-11, 1.348381e-11
7.031250e-02, 1.541158e-11, 1.831456e-11
8.593750e-02, 2.158655e-11, 2.481543e-11
1.015625e-01, 2.974161e-11, 3.354194e-11
1.171875e-01, 4.058008e-11, 4.522681e-11
1.328125e-01, 5.501917e-11, 6.083380e-11
1.484375e-01, 7.425776e-11, 8.162724e-11
1.640625e-01, 9.986305e-11, 1.092614e-10
1.796875e-01, 1.338814e-10, 1.458946e-10
1.953125e-01, 1.789798e-10, 1.943360e-10
2.109375e-01, 2.386266e-10, 2.582311e-10
2.265625e-01, 3.173205e-10, 3.422985e-10
2.421875e-01, 4.208818e-10, 4.526293e-10
2.578125e-01, 5.568204e-10, 5.970651e-10
2.734375e-01, 7.347994e-10, 7.856731e-10
2.890625e-01, 9.672183e-10, 1.031344e-09
3.046875e-01, 1.269944e-09, 1.350536e-09
3.203125e-01, 1.663221e-09, 1.764209e-09
3.359375e-01, 2.172813e-09, 2.298980e-09
3.515625e-01, 2.831407e-09, 2.988558e-09
3.671875e-01, 3.680363e-09, 3.875515e-09
3.828125e-01, 4.771865e-09, 5.013470e-09
3.984375e-01, 6.171567e-09, 6.469767e-09
4.140625e-01, 7.961836e-09, 8.328755e-09
4.296875e-01, 1.024571e-08, 1.069579e-08
4.453125e-01, 1.315173e-08, 1.370209e-08
4.609375e-01, 1.683976e-08, 1.751064e-08
4.765625e-01, 2.150810e-08, 2.232330e-08
4.921875e-01, 2.740198e-08, 2.838940e-08
5.078125e-01, 3.482378e-08, 3.601597e-08
5.234375e-01, 4.414532e-08, 4.558010e-08
5.390625e-01, 5.582245e-08, 5.754357e-08
5.546875e-01, 7.041241e-08, 7.247020e-08
5.703125e-01, 8.859435e-08, 9.104654e-08
5.859375e-01, 1.111937e-07, 1.141060e-07
6.015625e-01, 1.392104e-07, 1.426577e-07
6.171875e-01, 1.738529e-07, 1.779192e-07
6.328125e-01, 2.165762e-07, 2.213562e-07
6.484375e-01, 2.691280e-07, 2.747274e-07
6.640625e-01, 3.336008e-07, 3.401367e-07
6.796875e-01, 4.124922e-07, 4.200937e-07
6.953125e-01, 5.087746e-07, 5.175831e-07
7.109375e-01, 6.259744e-07, 6.361438e-07
7.265625e-01, 7.682627e-07, 7.799590e-07
7.421875e-01, 9.405577e-07, 9.539585e-07
7.578125e-01, 1.148641e-06, 1.163934e-06
7.734375e-01, 1.399286e-06, 1.416670e-06
7.890625e-01, 1.700406e-06, 1.720086e-06
8.046875e-01, 2.061216e-06, 2.083401e-06
8.203125e-01, 2.492409e-06, 2.517310e-06
8.359375e-01, 3.006356e-06, 3.034184e-06
8.515625e-01, 3.617325e-06, 3.648282e-06
8.671875e-01, 4.341712e-06, 4.375988e-06
8.828125e-01, 5.198299e-06, 5.236065e-06
8.984375e-01, 6.208530e-06, 6.249932e-06
9.140625e-01, 7.396802e-06, 7.441950e-06
9.296875e-01, 8.790778e-06, 8.839739e-06
9.453125e-01, 1.042172e-05, 1.047450e-05
9.609375e-01, 1.232480e-05, 1.238137e-05
9.765625e-01, 1.453953e-05, 1.459974e-05
9.921875e-01, 1.711001e-05, 1.717365e-05
1.007813e+00, 2.008540e-05, 2.015216e-05
1.023438e+00, 2.352021e-05, 2.358967e-05
1.039063e+00, 2.747469e-05, 2.754630e-05
1.054688e+00, 3.201517e-05, 3.208825e-05
1.070313e+00, 3.721436e-05, 3.728808e-05
1.085938e+00, 4.315165e-05, 4.322502e-05
1.101563e+00, 4.991334e-05, 4.998522e-05
1.117188e+00, 5.759286e-05, 5.766195e-05
1.132813e+00, 6.629088e-05, 6.635570e-05
1.148438e+00, 7.611538e-05, 7.617430e-05
1.164063e+00, 8.718161e-05, 8.723282e-05
1.179688e+00, 9.961196e-05, 9.965351e-05
1.195313e+00, 1.135357e-04, 1.135655e-04
1.210938e+00, 1.290887e-04, 1.291046e-04
1.226563e+00, 1.464129e-04, 1.464125e-04
1.242188e+00, 1.656554e-04, 1.656364e-04
1.257813e+00, 1.869681e-04, 1.869282e-04
1.273438e+00, 2.105065e-04, 2.104433e-04
1.289063e+00, 2.364285e-04, 2.363396e-04
1.304688e+00, 2.648930e-04, 2.647763e-04
1.320313e+00, 2.960589e-04, 2.959123e-04
1.335938e+00, 3.300827e-04, 3.299045e-04
1.351563e+00, 3.671172e-04, 3.669059e-04
1.367188e+00, 4.073093e-04, 4.070637e-04
1.382813e+00, 4.507978e-04, 4.505172e-04
1.398438e+00, 4.977110e-04, 4.973951e-04
1.414063e+00, 5.481647e-04, 5.478138e-04
1.429688e+00, 6.022592e-04, 6.018741e-04
1.445313e+00, 6.600769e-04, 6.596592e-04
1.460938e+00, 7.216799e-04, 7.212317e-04
1.476563e+00, 7.871071e-04, 7.866313e-04
1.492188e+00, 8.563721e-04, 8.558722e-04
1.507813e+00, 9.294600e-04, 9.289404e-04
1.523438e+00, 1.006326e-03, 1.005792e-03
1.539063e+00, 1.086893e-03, 1.086349e-03
1.554688e+00, 1.171048e-03, 1.170502e-03
1.570313e+00, 1.258645e-03, 1.258103e-03
1.585938e+00, 1.349497e-03, 1.348967e-03
1.601563e+00, 1.443382e-03, 1.442872e-03
1.617188e+00, 1.540039e-03, 1.539556e-03
1.632813e+00, 1.639166e-03, 1.638718e-03
1.648438e+00, 1.740424e-03, 1.740021e-03
1.664063e+00, 1.843438e-03, 1.843087e-03
1.679688e+00, 1.947795e-03, 1.947505e-03
1.695313e+00, 2.053050e-03, 2.052828e-03
1.710938e+00, 2.158725e-03, 2.158578e-03
1.726563e+00, 2.264315e-03, 2.264249e-03
1.742188e+00, 2.369289e-03, 2.369310e-03
1.757813e+00, 2.473096e-03, 2.473209e-03
1.773438e+00, 2.575171e-03, 2.575378e-03
1.789063e+00, 2.674935e-03, 2.675238e-03
1.804688e+00, 2.771803e-03, 2.772203e-03
1.820313e+00, 2.865192e-03, 2.865689e-03
1.835938e+00, 2.954523e-03, 2.955114e-03
1.851563e+00, 3.039229e-03, 3.039909e-03
1.867188e+00, 3.118758e-03, 3.119524e-03
1.882813e+00, 3.192585e-03, 3.193429e-03
1.898438e+00, 3.260211e-03, 3.261125e-03
1.914063e+00, 3.321172e-03, 3.322147e-03
1.929688e+00, 3.375045e-03, 3.376071e-03
1.945313e+00, 3.421450e-03, 3.422516e-03
1.960938e+00, 3.460059e-03, 3.461152e-03
1.976563e+00, 3.490594e-03, 3.491701e-03
1.992188e+00, 3.512835e-03, 3.513943e-03
2.007813e+00, 3.526620e-03, 3.527716e-03
2.023438e+00, 3.531849e-03, 3.532920e-03
2.039063e+00, 3.528485e-03, 3.529517e-03
2.054688e+00, 3.516550e-03, 3.517531e-03
2.070313e+00, 3.496132e-03, 3.497050e-03
2.085938e+00, 3.467378e-03, 3.468223e-03
2.101563e+00, 3.430497e-03, 3.431258e-03
2.117188e+00, 3.385753e-03, 3.386422e-03
2.132813e+00, 3.333464e-03, 3.334034e-03
2.148438e+00, 3.273999e-03, 3.274464e-03
2.164063e+00, 3.207772e-03, 3.208128e-03
2.179688e+00, 3.135238e-03, 3.135482e-03
2.195313e+00, 3.056889e-03, 3.057020e-03
2.210938e+00, 2.973245e-03, 2.973263e-03
2.226563e+00, 2.884852e-03, 2.884761e-03
2.242188e+00, 2.792275e-03, 2.792078e-03
2.257813e+00, 2.696090e-03, 2.695792e-03
2.273438e+00, 2.596882e-03, 2.596489e-03
2.289063e+00, 2.495235e-03, 2.494755e-03
2.304688e+00, 2.391729e-03, 2.391171e-03
2.320313e+00, 2.286934e-03, 2.286307e-03
2.335938e+00, 2.181405e-03, 2.180719e-03
2.351563e+00, 2.075678e-03, 2.074943e-03
2.367188e+00, 1.970264e-03, 1.969490e-03
2.382813e+00, 1.865646e-03, 1.864845e-03
2.398438e+00, 1.762279e-03, 1.761460e-03
2.414063e+00, 1.660582e-03, 1.659756e-03
2.429688e+00, 1.560940e-03, 1.560116e-03
2.445313e+00, 1.463699e-03, 1.462887e-03
2.460938e+00, 1.369170e-03, 1.368378e-03
2.476563e+00, 1.277622e-03, 1.276858e-03
2.492188e+00, 1.189287e-03, 1.188557e-03
2.507813e+00, 1.104358e-03, 1.103670e-03
2.523438e+00, 1.022992e-03, 1.022349e-03
2.539063e+00, 9.453084e-04, 9.447146e-04
2.554688e+00, 8.713911e-04, 8.708498e-04
2.570313e+00, 8.012923e-04, 8.008058e-04
2.585938e+00, 7.350330e-04, 7.346024e-04
2.601563e+00, 6.726057e-04, 6.722313e-04
2.617188e+00, 6.139765e-04, 6.136580e-04
2.632813e+00, 5.590881e-04, 5.588244e-04
2.648438e+00, 5.078620e-04, 5.076513e-04
2.664063e+00, 4.602015e-04, 4.600414e-04
2.679688e+00, 4.159937e-04, 4.158815e-04
2.695313e+00, 3.751127e-04, 3.750451e-04
2.710938e+00, 3.374214e-04, 3.373950e-04
2.726563e+00, 3.027744e-04, 3.027855e-04
2.742188e+00, 2.710198e-04, 2.710645e-04
2.757813e+00, 2.420014e-04, 2.420759e-04
2.773438e+00, 2.155606e-04, 2.156611e-04
2.789063e+00, 1.915382e-04, 1.916607e-04
2.804688e+00, 1.697757e-04, 1.699166e-04
2.820313e+00, 1.501168e-04, 1.502726e-04
2.835938e+00, 1.324087e-04, 1.325760e-04
2.851563e+00, 1.165029e-04, 1.166786e-04
2.867188e+00, 1.022562e-04, 1.024375e-04
2.882813e+00, 8.953135e-05, 8.971557e-05
2.898438e+00, 7.819743e-05, 7.838230e-05
2.914063e+00, 6.813048e-05, 6.831395e-05
2.929688e+00, 5.921363e-05, 5.939393e-05
2.945313e+00, 5.133728e-05, 5.151289e-05
2.960938e+00, 4.439913e-05, 4.456882e-05
2.976563e+00, 3.830418e-05, 3.846693e-05
2.992188e+00, 3.296458e-05, 3.311961e-05
3.007813e+00, 2.829947e-05, 2.844619e-05
3.023438e+00, 2.423471e-05, 2.437273e-05
3.039063e+00, 2.070265e-05, 2.083174e-05
3.054688e+00, 1.764176e-05, 1.776185e-05
3.070313e+00, 1.499635e-05, 1.510748e-05
3.085938e+00, 1.271618e-05, 1.281850e-05
3.101563e+00, 1.075608e-05, 1.084985e-05
3.117188e+00, 9.075654e-06, 9.161179e-06
3.132813e+00, 7.638843e-06, 7.716498e-06
3.148438e+00, 6.413611e-06, 6.483812e-06
3.164063e+00, 5.371585e-06, 5.434778e-06
3.179688e+00, 4.487730e-06, 4.544378e-06
3.195313e+00, 3.740029e-06, 3.790603e-06
3.210938e+00, 3.109185e-06, 3.154158e-06
3.226563e+00, 2.578346e-06, 2.618182e-06
3.242188e+00, 2.132839e-06, 2.167991e-06
3.257813e+00, 1.759937e-06, 1.790838e-06
3.273438e+00, 1.448630e-06, 1.475695e-06
3.289063e+00, 1.189429e-06, 1.213048e-06
3.304688e+00, 9.741820e-07, 9.947194e-07
3.320313e+00, 7.959055e-07, 8.137003e-07
3.335938e+00, 6.486376e-07, 6.640024e-07
3.351563e+00, 5.273046e-07, 5.405253e-07
3.367188e+00, 4.276014e-07, 4.389385e-07
3.382813e+00, 3.458870e-07, 3.555761e-07
3.398438e+00, 2.790914e-07, 2.873444e-07
3.414063e+00, 2.246339e-07, 2.316403e-07
3.429688e+00, 1.803515e-07, 1.862802e-07
3.445313e+00, 1.444374e-07, 1.494379e-07
3.460938e+00, 1.153863e-07, 1.195902e-07
3.476563e+00, 9.194818e-08, 9.547115e-08
3.492188e+00, 7.308788e-08, 7.603084e-08
3.507813e+00, 5.795094e-08, 6.040163e-08
3.523438e+00, 4.583402e-08, 4.786839e-08
3.539063e+00, 3.615988e-08, 3.784340e-08
3.554688e+00, 2.845621e-08, 2.984509e-08
3.570313e+00, 2.233765e-08, 2.347993e-08
3.585938e+00, 1.749072e-08, 1.842731e-08
3.601563e+00, 1.366114e-08, 1.442674e-08
3.617188e+00, 1.064326e-08, 1.126720e-08
3.632813e+00, 8.271231e-09, 8.778186e-09
3.648438e+00, 6.411693e-09, 6.822364e-09
3.664063e+00, 4.957716e-09, 5.289398e-09
3.679688e+00, 3.823810e-09, 4.090901e-09
3.695313e+00, 2.941819e-09, 3.156260e-09
3.710938e+00, 2.257563e-09, 2.429226e-09
3.726563e+00, 1.728095e-09, 1.865109e-09
3.742188e+00, 1.319466e-09, 1.428506e-09
3.757813e+00, 1.004918e-09, 1.091442e-09
3.773438e+00, 7.634225e-10, 8.318805e-10
3.789063e+00, 5.784954e-10, 6.325026e-10
3.804688e+00, 4.372550e-10, 4.797389e-10
3.820313e+00, 3.296620e-10, 3.629852e-10
3.835938e+00, 2.479143e-10, 2.739769e-10
3.851563e+00, 1.859653e-10, 2.062910e-10
3.867188e+00, 1.391423e-10, 1.549487e-10
3.882813e+00, 1.038443e-10, 1.161012e-10
3.898438e+00, 7.730397e-11, 8.678147e-11
3.914063e+00, 5.740046e-11, 6.470806e-11
3.929688e+00, 4.251311e-11, 4.813168e-11
3.945313e+00, 3.140677e-11, 3.571453e-11
3.960938e+00, 2.314281e-11, 2.643626e-11
3.976563e+00, 1.700984e-11, 1.952075e-11
3.992188e+00, 1.247024e-11, 1.437918e-11
4.007813e+00, 9.118837e-12, 1.056606e-11
4.023438e+00, 6.651091e-12, 7.745207e-12
4.039063e+00, 4.838764e-12, 5.663624e-12
4.054688e+00, 3.511262e-12, 4.131398e-12
4.070313e+00, 2.541432e-12, 3.006359e-12
4.085938e+00, 1.834760e-12, 2.182358e-12
4.101563e+00, 1.321188e-12, 1.580347e-12
4.117188e+00, 9.489296e-13, 1.141616e-12
4.132813e+00, 6.798079e-13, 8.226761e-13
4.148438e+00, 4.857585e-13, 5.913969e-13
4.164063e+00, 3.462069e-13, 4.241021e-13
4.179688e+00, 2.461112e-13, 3.033912e-13
4.195313e+00, 1.745044e-13, 2.165095e-13
4.210938e+00, 1.234126e-13, 1.541317e-13
4.226563e+00, 8.705434e-14, 1.094582e-13
4.242188e+00, 6.124884e-14, 7.754361e-14
4.257813e+00, 4.298143e-14, 5.480054e-14
4.273438e+00, 3.008421e-14, 3.863358e-14
4.289063e+00, 2.100246e-14, 2.716979e-14
4.304688e+00, 1.462427e-14, 1.906114e-14
4.320313e+00, 1.015665e-14, 1.333991e-14
4.335938e+00, 7.035538e-15, 9.313179e-15
4.351563e+00, 4.860871e-15, 6.486110e-15
4.367188e+00, 3.349653e-15, 4.506215e-15
4.382813e+00, 2.302255e-15, 3.123064e-15
4.398438e+00, 1.578243e-15, 2.159190e-15
4.414063e+00, 1.079097e-15, 1.489163e-15
4.429688e+00, 7.358878e-16, 1.024554e-15
4.445313e+00, 5.005261e-16, 7.031837e-16
4.460938e+00, 3.395508e-16, 4.814419e-16
4.476563e+00, 2.297442e-16, 3.288215e-16
4.492188e+00, 1.550405e-16, 2.240360e-16
4.507813e+00, 1.043531e-16, 1.522708e-16
4.523438e+00, 7.005263e-17, 1.032421e-16
4.539063e+00, 4.690304e-17, 6.982938e-17
4.554688e+00, 3.132090e-17, 4.711518e-17
4.570313e+00, 2.086041e-17, 3.171208e-17
4.585938e+00, 1.385689e-17, 2.129265e-17
4.601563e+00, 9.180411e-18, 1.426186e-17
4.617188e+00, 6.066115e-18, 9.529361e-18
4.632813e+00, 3.997700e-18, 6.351739e-18
4.648438e+00, 2.627604e-18, 4.223405e-18
4.664063e+00, 1.722497e-18, 2.801393e-18
4.679688e+00, 1.126172e-18, 1.853646e-18
4.695313e+00, 7.343405e-19, 1.223547e-18
4.710938e+00, 4.775687e-19, 8.056672e-19
4.726563e+00, 3.097552e-19, 5.292149e-19
4.742188e+00, 2.003754e-19, 3.467765e-19
4.757813e+00, 1.292743e-19, 2.266776e-19
4.773438e+00, 8.318039e-20, 1.478116e-19
4.789063e+00, 5.337882e-20, 9.615015e-20
4.804688e+00, 3.416290e-20, 6.239253e-20
4.820313e+00, 2.180598e-20, 4.038838e-20
4.835938e+00, 1.388119e-20, 2.608084e-20
4.851563e+00, 8.812460e-21, 1.680072e-20
4.867188e+00, 5.579046e-21, 1.079631e-20
4.882813e+00, 3.521641e-21, 6.920928e-21
4.898438e+00, 2.215482e-21, 4.425827e-21
4.914063e+00, 1.387518e-21, 2.823357e-21
4.929688e+00, 8.624655e-22, 1.796712e-21
4.945313e+00, 5.276988e-22, 1.140597e-21
4.960938e+00, 3.103873e-22, 7.223162e-22
4.976563e+00, 1.624782e-22, 4.563139e-22
4.992188e+00, 5.061462e-23, 2.875685e-22
5.000000e+00, 1.294916e-41, 2.280778e-22


#At time: 5.002422e+01, nsteps= 413


0.000000e+00, 1.616897e-21, 2.390111e-09
7.812500e-03, 4.756698e-10, 2.658798e-09
2.343750e-02, 1.456469e-09, 3.286168e-09
3.906250e-02, 2.508383e-09, 4.054970e-09
5.468750e-02, 3.672294e-09, 4.995499e-09
7.031250e-02, 4.993296e-09, 6.144173e-09
8.593750e-02, 6.522124e-09, 7.544690e-09
1.015625e-01, 8.316740e-09, 9.249382e-09
1.171875e-01, 1.044411e-08, 1.132081e-08
1.328125e-01, 1.298225e-08, 1.383361e-08
1.484375e-01, 1.602248e-08, 1.687668e-08
1.640625e-01, 1.967211e-08, 2.055567e-08
1.796875e-01, 2.405743e-08, 2.499596e-08
1.953125e-01, 2.932721e-08, 3.034600e-08
2.109375e-01, 3.565665e-08, 3.678124e-08
2.265625e-01, 4.325195e-08, 4.450867e-08
2.421875e-01, 5.235562e-08, 5.377201e-08
2.578125e-01, 6.325237e-08, 6.485766e-08
2.734375e-01, 7.627609e-08, 7.810156e-08
2.890625e-01, 9.181759e-08, 9.389694e-08
3.046875e-01, 1.103336e-07, 1.127033e-07
3.203125e-01, 1.323568e-07, 1.350564e-07
3.359375e-01, 1.585073e-07, 1.615797e-07
3.515625e-01, 1.895060e-07, 1.929977e-07
3.671875e-01, 2.261884e-07, 2.301499e-07
3.828125e-01, 2.695221e-07, 2.740077e-07
3.984375e-01, 3.206244e-07, 3.256927e-07
4.140625e-01, 3.807837e-07, 3.864976e-07
4.296875e-01, 4.514822e-07, 4.579086e-07
4.453125e-01, 5.344216e-07, 5.416320e-07
4.609375e-01, 6.315520e-07, 6.396216e-07
4.765625e-01, 7.451029e-07, 7.541110e-07
4.921875e-01, 8.776187e-07, 8.876481e-07
5.078125e-01, 1.031997e-06, 1.043133e-06
5.234375e-01, 1.211529e-06, 1.223861e-06
5.390625e-01, 1.419948e-06, 1.433566e-06
5.546875e-01, 1.661479e-06, 1.676474e-06
5.703125e-01, 1.940892e-06, 1.957353e-06
5.859375e-01, 2.263558e-06, 2.281576e-06
6.015625e-01, 2.635520e-06, 2.655180e-06
6.171875e-01, 3.063554e-06, 3.084938e-06
6.328125e-01, 3.555245e-06, 3.578429e-06
6.484375e-01, 4.119064e-06, 4.144113e-06
6.640625e-01, 4.764449e-06, 4.791419e-06
6.796875e-01, 5.501895e-06, 5.530828e-06
6.953125e-01, 6.343041e-06, 6.373963e-06
7.109375e-01, 7.300769e-06, 7.333684e-06
7.265625e-01, 8.389299e-06, 8.424193e-06
7.421875e-01, 9.624297e-06, 9.661126e-06
7.578125e-01, 1.102297e-05, 1.106167e-05
7.734375e-01, 1.260420e-05, 1.264465e-05
7.890625e-01, 1.438859e-05, 1.443066e-05
8.046875e-01, 1.639867e-05, 1.644217e-05
8.203125e-01, 1.865890e-05, 1.870361e-05
8.359375e-01, 2.119585e-05, 2.124150e-05
8.515625e-01, 2.403827e-05, 2.408453e-05
8.671875e-01, 2.721719e-05, 2.726369e-05
8.828125e-01, 3.076602e-05, 3.081232e-05
8.984375e-01, 3.472062e-05, 3.476622e-05
9.140625e-01, 3.911937e-05, 3.916373e-05
9.296875e-01, 4.400325e-05, 4.404574e-05
9.453125e-01, 4.941585e-05, 4.945579e-05
9.609375e-01, 5.540341e-05, 5.544007e-05
9.765625e-01, 6.201485e-05, 6.204742e-05
9.921875e-01, 6.930172e-05, 6.932934e-05
1.007813e+00, 7.731817e-05, 7.733993e-05
1.023438e+00, 8.612090e-05, 8.613584e-05
1.039063e+00, 9.576904e-05, 9.577614e-05
1.054688e+00, 1.063240e-04, 1.063222e-04
1.070313e+00, 1.178494e-04, 1.178377e-04
1.085938e+00, 1.304108e-04, 1.303881e-04
1.101563e+00, 1.440755e-04, 1.440406e-04
1.117188e+00, 1.589120e-04, 1.588639e-04
1.132813e+00, 1.749902e-04, 1.749278e-04
1.148438e+00, 1.923806e-04, 1.923029e-04
1.164063e+00, 2.111541e-04, 2.110601e-04
1.179688e+00, 2.313815e-04, 2.312704e-04
1.195313e+00, 2.531329e-04, 2.530039e-04
1.210938e+00, 2.764775e-04, 2.763298e-04
1.226563e+00, 3.014825e-04, 3.013155e-04
1.242188e+00, 3.282130e-04, 3.280264e-04
1.257813e+00, 3.567311e-04, 3.565245e-04
1.273438e+00, 3.870950e-04, 3.868685e-04
1.289063e+00, 4.193590e-04, 4.191126e-04
1.304688e+00, 4.535718e-04, 4.533060e-04
1.320313e+00, 4.897766e-04, 4.894919e-04
1.335938e+00, 5.280098e-04, 5.277072e-04
1.351563e+00, 5.683006e-04, 5.679810e-04
1.367188e+00, 6.106697e-04, 6.103347e-04
1.382813e+00, 6.551291e-04, 6.547803e-04
1.398438e+00, 7.016812e-04, 7.013205e-04
1.414063e+00, 7.503178e-04, 7.499475e-04
1.429688e+00, 8.010197e-04, 8.006423e-04
1.445313e+00, 8.537561e-04, 8.533743e-04
1.460938e+00, 9.084838e-04, 9.081006e-04
1.476563e+00, 9.651468e-04, 9.647655e-04
1.492188e+00, 1.023676e-03, 1.023300e-03
1.507813e+00, 1.083988e-03, 1.083621e-03
1.523438e+00, 1.145987e-03, 1.145632e-03
1.539063e+00, 1.209561e-03, 1.209223e-03
1.554688e+00, 1.274587e-03, 1.274269e-03
1.570313e+00, 1.340924e-03, 1.340631e-03
1.585938e+00, 1.408420e-03, 1.408155e-03
1.601563e+00, 1.476908e-03, 1.476676e-03
1.617188e+00, 1.546209e-03, 1.546014e-03
1.632813e+00, 1.616132e-03, 1.615976e-03
1.648438e+00, 1.686470e-03, 1.686358e-03
1.664063e+00, 1.757010e-03, 1.756944e-03
1.679688e+00, 1.827525e-03, 1.827509e-03
1.695313e+00, 1.897782e-03, 1.897817e-03
1.710938e+00, 1.967538e-03, 1.967627e-03
1.726563e+00, 2.036543e-03, 2.036687e-03
1.742188e+00, 2.104544e-03, 2.104745e-03
1.757813e+00, 2.171282e-03, 2.171540e-03
1.773438e+00, 2.236497e-03, 2.236813e-03
1.789063e+00, 2.299929e-03, 2.300301e-03
1.804688e+00, 2.361318e-03, 2.361746e-03
1.820313e+00, 2.420408e-03, 2.420891e-03
1.835938e+00, 2.476947e-03, 2.477482e-03
1.851563e+00, 2.530689e-03, 2.531273e-03
1.867188e+00, 2.581399e-03, 2.582029e-03
1.882813e+00, 2.628848e-03, 2.629520e-03
1.898438e+00, 2.672821e-03, 2.673531e-03
1.914063e+00, 2.713117e-03, 2.713859e-03
1.929688e+00, 2.749547e-03, 2.750317e-03
1.945313e+00, 2.781942e-03, 2.782733e-03
1.960938e+00, 2.810147e-03, 2.810954e-03
1.976563e+00, 2.834029e-03, 2.834845e-03
1.992188e+00, 2.853472e-03, 2.854291e-03
2.007813e+00, 2.868383e-03, 2.869199e-03
2.023438e+00, 2.878689e-03, 2.879495e-03
2.039063e+00, 2.884340e-03, 2.885130e-03
2.054688e+00, 2.885309e-03, 2.886076e-03
2.070313e+00, 2.881592e-03, 2.882329e-03
2.085938e+00, 2.873205e-03, 2.873907e-03
2.101563e+00, 2.860189e-03, 2.860851e-03
2.117188e+00, 2.842609e-03, 2.843225e-03
2.132813e+00, 2.820548e-03, 2.821113e-03
2.148438e+00, 2.794112e-03, 2.794622e-03
2.164063e+00, 2.763429e-03, 2.763879e-03
2.179688e+00, 2.728642e-03, 2.729031e-03
2.195313e+00, 2.689917e-03, 2.690241e-03
2.210938e+00, 2.647434e-03, 2.647691e-03
2.226563e+00, 2.601389e-03, 2.601577e-03
2.242188e+00, 2.551991e-03, 2.552111e-03
2.257813e+00, 2.499464e-03, 2.499515e-03
2.273438e+00, 2.444040e-03, 2.444024e-03
2.289063e+00, 2.385962e-03, 2.385879e-03
2.304688e+00, 2.325479e-03, 2.325330e-03
2.320313e+00, 2.262845e-03, 2.262634e-03
2.335938e+00, 2.198320e-03, 2.198049e-03
2.351563e+00, 2.132163e-03, 2.131836e-03
2.367188e+00, 2.064635e-03, 2.064256e-03
2.382813e+00, 1.995996e-03, 1.995569e-03
2.398438e+00, 1.926501e-03, 1.926031e-03
2.414063e+00, 1.856402e-03, 1.855894e-03
2.429688e+00, 1.785945e-03, 1.785404e-03
2.445313e+00, 1.715368e-03, 1.714799e-03
2.460938e+00, 1.644900e-03, 1.644308e-03
2.476563e+00, 1.574761e-03, 1.574152e-03
2.492188e+00, 1.505160e-03, 1.504538e-03
2.507813e+00, 1.436295e-03, 1.435666e-03
2.523438e+00, 1.368350e-03, 1.367719e-03
2.539063e+00, 1.301498e-03, 1.300870e-03
2.554688e+00, 1.235897e-03, 1.235276e-03
2.570313e+00, 1.171692e-03, 1.171083e-03
2.585938e+00, 1.109014e-03, 1.108420e-03
2.601563e+00, 1.047980e-03, 1.047405e-03
2.617188e+00, 9.886917e-04, 9.881401e-04
2.632813e+00, 9.312386e-04, 9.307126e-04
2.648438e+00, 8.756953e-04, 8.751974e-04
2.664063e+00, 8.221233e-04, 8.216556e-04
2.679688e+00, 7.705710e-04, 7.701353e-04
2.695313e+00, 7.210742e-04, 7.206718e-04
2.710938e+00, 6.736570e-04, 6.732889e-04
2.726563e+00, 6.283319e-04, 6.279987e-04
2.742188e+00, 5.851008e-04, 5.848027e-04
2.757813e+00, 5.439555e-04, 5.436926e-04
2.773438e+00, 5.048789e-04, 5.046506e-04
2.789063e+00, 4.678449e-04, 4.676506e-04
2.804688e+00, 4.328202e-04, 4.326589e-04
2.820313e+00, 3.997640e-04, 3.996347e-04
2.835938e+00, 3.686298e-04, 3.685310e-04
2.851563e+00, 3.393654e-04, 3.392956e-04
2.867188e+00, 3.119141e-04, 3.118716e-04
2.882813e+00, 2.862151e-04, 2.861981e-04
2.898438e+00, 2.622044e-04, 2.622111e-04
2.914063e+00, 2.398156e-04, 2.398440e-04
2.929688e+00, 2.189800e-04, 2.190281e-04
2.945313e+00, 1.996278e-04, 1.996937e-04
2.960938e+00, 1.816883e-04, 1.817700e-04
2.976563e+00, 1.650905e-04, 1.651860e-04
2.992188e+00, 1.497636e-04, 1.498711e-04
3.007813e+00, 1.356374e-04, 1.357550e-04
3.023438e+00, 1.226426e-04, 1.227685e-04
3.039063e+00, 1.107113e-04, 1.108439e-04
3.054688e+00, 9.977711e-05, 9.991478e-05
3.070313e+00, 8.977555e-05, 8.991686e-05
3.085938e+00, 8.064423e-05, 8.078782e-05
3.101563e+00, 7.232300e-05, 7.246762e-05
3.117188e+00, 6.475409e-05, 6.489863e-05
3.132813e+00, 5.788228e-05, 5.802570e-05
3.148438e+00, 5.165487e-05, 5.179628e-05
3.164063e+00, 4.602186e-05, 4.616047e-05
3.179688e+00, 4.093587e-05, 4.107099e-05
3.195313e+00, 3.635220e-05, 3.648325e-05
3.210938e+00, 3.222878e-05, 3.235528e-05
3.226563e+00, 2.852617e-05, 2.864774e-05
3.242188e+00, 2.520747e-05, 2.532379e-05
3.257813e+00, 2.223828e-05, 2.234913e-05
3.273438e+00, 1.958658e-05, 1.969181e-05
3.289063e+00, 1.722273e-05, 1.732225e-05
3.304688e+00, 1.511926e-05, 1.521305e-05
3.320313e+00, 1.325086e-05, 1.333895e-05
3.335938e+00, 1.159425e-05, 1.167670e-05
3.351563e+00, 1.012806e-05, 1.020498e-05
3.367188e+00, 8.832712e-06, 8.904255e-06
3.382813e+00, 7.690352e-06, 7.756688e-06
3.398438e+00, 6.684709e-06, 6.746033e-06
3.414063e+00, 5.800996e-06, 5.857523e-06
3.429688e+00, 5.025812e-06, 5.077768e-06
3.445313e+00, 4.347037e-06, 4.394658e-06
3.460938e+00, 3.753734e-06, 3.797263e-06
3.476563e+00, 3.236060e-06, 3.275742e-06
3.492188e+00, 2.785174e-06, 2.821253e-06
3.507813e+00, 2.393153e-06, 2.425871e-06
3.523438e+00, 2.052914e-06, 2.082509e-06
3.539063e+00, 1.758139e-06, 1.784840e-06
3.554688e+00, 1.503201e-06, 1.527232e-06
3.570313e+00, 1.283105e-06, 1.304681e-06
3.585938e+00, 1.093425e-06, 1.112748e-06
3.601563e+00, 9.302427e-07, 9.475077e-07
3.617188e+00, 7.901041e-07, 8.054935e-07
3.632813e+00, 6.699659e-07, 6.836514e-07
3.648438e+00, 5.671543e-07, 5.792963e-07
3.664063e+00, 4.793245e-07, 4.900723e-07
3.679688e+00, 4.044246e-07, 4.139167e-07
3.695313e+00, 3.406628e-07, 3.490270e-07
3.710938e+00, 2.864778e-07, 2.938316e-07
3.726563e+00, 2.405116e-07, 2.469627e-07
3.742188e+00, 2.015856e-07, 2.072324e-07
3.757813e+00, 1.686790e-07, 1.736110e-07
3.773438e+00, 1.409096e-07, 1.452079e-07
3.789063e+00, 1.175161e-07, 1.212542e-07
3.804688e+00, 9.784347e-08, 1.010872e-07
3.820313e+00, 8.132858e-08, 8.413747e-08
3.835938e+00, 6.748873e-08, 6.991589e-08
3.851563e+00, 5.591079e-08, 5.800370e-08
3.867188e+00, 4.624195e-08, 4.804287e-08
3.882813e+00, 3.818146e-08, 3.972789e-08
3.898438e+00, 3.147344e-08, 3.279861e-08
3.914063e+00, 2.590068e-08, 2.703390e-08
3.929688e+00, 2.127909e-08, 2.224618e-08
3.945313e+00, 1.745297e-08, 1.827660e-08
3.960938e+00, 1.429091e-08, 1.499094e-08
3.976563e+00, 1.168219e-08, 1.227596e-08
3.992188e+00, 9.533715e-09, 1.003635e-08
4.007813e+00, 7.767359e-09, 8.191987e-09
4.023438e+00, 6.317677e-09, 6.675690e-09
4.039063e+00, 5.129961e-09, 5.431208e-09
4.054688e+00, 4.158560e-09, 4.411538e-09
4.070313e+00, 3.365454e-09, 3.577478e-09
4.085938e+00, 2.719042e-09, 2.896392e-09
4.101563e+00, 2.193105e-09, 2.341160e-09
4.117188e+00, 1.765931e-09, 1.889288e-09
4.132813e+00, 1.419576e-09, 1.522154e-09
4.148438e+00, 1.139236e-09, 1.224369e-09
4.164063e+00, 9.127215e-10, 9.832403e-10
4.179688e+00, 7.300161e-10, 7.883158e-10
4.195313e+00, 5.829022e-10, 6.310070e-10
4.210938e+00, 4.646518e-10, 5.042681e-10
4.226563e+00, 3.697668e-10, 4.023298e-10
4.242188e+00, 2.937623e-10, 3.204765e-10
4.257813e+00, 2.329871e-10, 2.548611e-10
4.273438e+00, 1.844739e-10, 2.023506e-10
4.289063e+00, 1.458158e-10, 1.603979e-10
4.304688e+00, 1.150644e-10, 1.269364e-10
4.320313e+00, 9.064488e-11, 1.002922e-10
4.335938e+00, 7.128715e-11, 7.911179e-11
4.351563e+00, 5.596861e-11, 6.230298e-11
4.367188e+00, 4.386748e-11, 4.898576e-11
4.382813e+00, 3.432459e-11, 3.845247e-11
4.398438e+00, 2.681218e-11, 3.013505e-11
4.414063e+00, 2.090848e-11, 2.357833e-11
4.429688e+00, 1.627707e-11, 1.841821e-11
4.445313e+00, 1.265007e-11, 1.436400e-11
4.460938e+00, 9.814583e-12, 1.118398e-11
4.476563e+00, 7.601739e-12, 8.693830e-12
4.492188e+00, 5.877812e-12, 6.747130e-12
4.507813e+00, 4.537113e-12, 5.227817e-12
4.523438e+00, 3.496265e-12, 4.044036e-12
4.539063e+00, 2.689611e-12, 3.123224e-12
4.554688e+00, 2.065544e-12, 2.408156e-12
4.570313e+00, 1.583576e-12, 1.853785e-12
4.585938e+00, 1.212000e-12, 1.424713e-12
4.601563e+00, 9.260295e-13, 1.093173e-12
4.617188e+00, 7.063260e-13, 8.374211e-13
4.632813e+00, 5.378279e-13, 6.404602e-13
4.648438e+00, 4.088262e-13, 4.890281e-13
4.664063e+00, 3.102350e-13, 3.727939e-13
4.679688e+00, 2.350169e-13, 2.837247e-13
4.695313e+00, 1.777309e-13, 2.155852e-13
4.710938e+00, 1.341782e-13, 1.635438e-13
4.726563e+00, 1.011240e-13, 1.238633e-13
4.742188e+00, 7.608149e-14, 9.365788e-14
4.757813e+00, 5.714171e-14, 7.070328e-14
4.773438e+00, 4.284226e-14, 5.328784e-14
4.789063e+00, 3.206477e-14, 4.009683e-14
4.804688e+00, 2.395550e-14, 3.012211e-14
4.820313e+00, 1.786383e-14, 2.259197e-14
4.835938e+00, 1.329479e-14, 1.691672e-14
4.851563e+00, 9.872400e-15, 1.264654e-14
4.867188e+00, 7.311396e-15, 9.438877e-15
4.882813e+00, 5.395557e-15, 7.033354e-15
4.898438e+00, 3.960976e-15, 5.232365e-15
4.914063e+00, 2.883221e-15, 3.886216e-15
4.929688e+00, 2.067426e-15, 2.881703e-15
4.945313e+00, 1.440618e-15, 2.133363e-15
4.960938e+00, 9.456965e-16, 1.576790e-15
4.976563e+00, 5.366366e-16, 1.163526e-15
4.992188e+00, 1.745208e-16, 8.571799e-16
5.000000e+00, 4.639623e-41, 7.352836e-16


#At time: 7.509690e+01, nsteps= 620


0.000000e+00, 4.976127e-22, 5.333914e-08
7.812500e-03, 8.140270e-09, 5.782944e-08
2.343750e-02, 2.477913e-08, 6.791374e-08
3.906250e-02, 4.218455e-08, 7.965935e-08
5.468750e-02, 6.071993e-08, 9.332246e-08
7.031250e-02, 8.077261e-08, 1.091958e-07
8.593750e-02, 1.027599e-07, 1.276134e-07
1.015625e-01, 1.271356e-07, 1.489556e-07
1.171875e-01, 1.543966e-07, 1.736551e-07
1.328125e-01, 1.850909e-07, 2.022036e-07
1.484375e-01, 2.198251e-07, 2.351584e-07
1.640625e-01, 2.592733e-07, 2.731509e-07
1.796875e-01, 3.041866e-07, 3.168947e-07
1.953125e-01, 3.554033e-07, 3.671958e-07
2.109375e-01, 4.138601e-07, 4.249628e-07
2.265625e-01, 4.806038e-07, 4.912181e-07
2.421875e-01, 5.568049e-07, 5.671112e-07
2.578125e-01, 6.437713e-07, 6.539318e-07
2.734375e-01, 7.429637e-07, 7.531250e-07
2.890625e-01, 8.560126e-07, 8.663075e-07
3.046875e-01, 9.847355e-07, 9.952848e-07
3.203125e-01, 1.131157e-06, 1.142071e-06
3.359375e-01, 1.297528e-06, 1.308908e-06
3.515625e-01, 1.486350e-06, 1.498289e-06
3.671875e-01, 1.700398e-06, 1.712981e-06
3.828125e-01, 1.942744e-06, 1.956049e-06
3.984375e-01, 2.216788e-06, 2.230885e-06
4.140625e-01, 2.526284e-06, 2.541237e-06
4.296875e-01, 2.875370e-06, 2.891235e-06
4.453125e-01, 3.268601e-06, 3.285429e-06
4.609375e-01, 3.710986e-06, 3.728817e-06
4.765625e-01, 4.208017e-06, 4.226885e-06
4.921875e-01, 4.765712e-06, 4.785642e-06
5.078125e-01, 5.390652e-06, 5.411658e-06
5.234375e-01, 6.090020e-06, 6.112106e-06
5.390625e-01, 6.871644e-06, 6.894801e-06
5.546875e-01, 7.744039e-06, 7.768246e-06
5.703125e-01, 8.716452e-06, 8.741673e-06
5.859375e-01, 9.798904e-06, 9.825090e-06
6.015625e-01, 1.100224e-05, 1.102932e-05
6.171875e-01, 1.233817e-05, 1.236607e-05
6.328125e-01, 1.381933e-05, 1.384792e-05
6.484375e-01, 1.545928e-05, 1.548846e-05
6.640625e-01, 1.727261e-05, 1.730222e-05
6.796875e-01, 1.927497e-05, 1.930484e-05
6.953125e-01, 2.148305e-05, 2.151299e-05
7.109375e-01, 2.391471e-05, 2.394449e-05
7.265625e-01, 2.658896e-05, 2.661834e-05
7.421875e-01, 2.952600e-05, 2.955470e-05
7.578125e-01, 3.274728e-05, 3.277499e-05
7.734375e-01, 3.627547e-05, 3.630187e-05
7.890625e-01, 4.013453e-05, 4.015927e-05
8.046875e-01, 4.434973e-05, 4.437240e-05
8.203125e-01, 4.894758e-05, 4.896778e-05
8.359375e-01, 5.395593e-05, 5.397321e-05
8.515625e-01, 5.940389e-05, 5.941779e-05
8.671875e-01, 6.532184e-05, 6.533187e-05
8.828125e-01, 7.174141e-05, 7.174706e-05
8.984375e-01, 7.869541e-05, 7.869614e-05
9.140625e-01, 8.621781e-05, 8.621308e-05
9.296875e-01, 9.434366e-05, 9.433291e-05
9.453125e-01, 1.031090e-04, 1.030917e-04
9.609375e-01, 1.125509e-04, 1.125264e-04
9.765625e-01, 1.227071e-04, 1.226749e-04
9.921875e-01, 1.336162e-04, 1.335756e-04
1.007813e+00, 1.453171e-04, 1.452677e-04
1.023438e+00, 1.578495e-04, 1.577907e-04
1.039063e+00, 1.712530e-04, 1.711844e-04
1.054688e+00, 1.855676e-04, 1.854886e-04
1.070313e+00, 2.008329e-04, 2.007431e-04
1.085938e+00, 2.170883e-04, 2.169873e-04
1.101563e+00, 2.343728e-04, 2.342602e-04
1.117188e+00, 2.527242e-04, 2.525998e-04
1.132813e+00, 2.721796e-04, 2.720432e-04
1.148438e+00, 2.927746e-04, 2.926261e-04
1.164063e+00, 3.145434e-04, 3.143828e-04
1.179688e+00, 3.375181e-04, 3.373453e-04
1.195313e+00, 3.617287e-04, 3.615439e-04
1.210938e+00, 3.872025e-04, 3.870061e-04
1.226563e+00, 4.139643e-04, 4.137565e-04
1.242188e+00, 4.420355e-04, 4.418169e-04
1.257813e+00, 4.714340e-04, 4.712053e-04
1.273438e+00, 5.021742e-04, 5.019360e-04
1.289063e+00, 5.342660e-04, 5.340192e-04
1.304688e+00, 5.677151e-04, 5.674607e-04
1.320313e+00, 6.025224e-04, 6.022615e-04
1.335938e+00, 6.386836e-04, 6.384175e-04
1.351563e+00, 6.761891e-04, 6.759193e-04
1.367188e+00, 7.150239e-04, 7.147517e-04
1.382813e+00, 7.551669e-04, 7.548940e-04
1.398438e+00, 7.965909e-04, 7.963191e-04
1.414063e+00, 8.392625e-04, 8.389936e-04
1.429688e+00, 8.831418e-04, 8.828777e-04
1.445313e+00, 9.281821e-04, 9.279248e-04
1.460938e+00, 9.743302e-04, 9.740817e-04
1.476563e+00, 1.021526e-03, 1.021288e-03
1.492188e+00, 1.069702e-03, 1.069478e-03
1.507813e+00, 1.118785e-03, 1.118576e-03
1.523438e+00, 1.168694e-03, 1.168502e-03
1.539063e+00, 1.219341e-03, 1.219169e-03
1.554688e+00, 1.270633e-03, 1.270483e-03
1.570313e+00, 1.322469e-03, 1.322343e-03
1.585938e+00, 1.374743e-03, 1.374642e-03
1.601563e+00, 1.427342e-03, 1.427268e-03
1.617188e+00, 1.480147e-03, 1.480103e-03
1.632813e+00, 1.533036e-03, 1.533022e-03
1.648438e+00, 1.585880e-03, 1.585899e-03
1.664063e+00, 1.638548e-03, 1.638600e-03
1.679688e+00, 1.690902e-03, 1.690989e-03
1.695313e+00, 1.742804e-03, 1.742926e-03
1.710938e+00, 1.794110e-03, 1.794268e-03
1.726563e+00, 1.844678e-03, 1.844872e-03
1.742188e+00, 1.894361e-03, 1.894591e-03
1.757813e+00, 1.943012e-03, 1.943279e-03
1.773438e+00, 1.990486e-03, 1.990788e-03
1.789063e+00, 2.036636e-03, 2.036974e-03
1.804688e+00, 2.081319e-03, 2.081691e-03
1.820313e+00, 2.124392e-03, 2.124796e-03
1.835938e+00, 2.165716e-03, 2.166151e-03
1.851563e+00, 2.205155e-03, 2.205619e-03
1.867188e+00, 2.242578e-03, 2.243070e-03
1.882813e+00, 2.277859e-03, 2.278376e-03
1.898438e+00, 2.310878e-03, 2.311417e-03
1.914063e+00, 2.341520e-03, 2.342079e-03
1.929688e+00, 2.369681e-03, 2.370256e-03
1.945313e+00, 2.395259e-03, 2.395848e-03
1.960938e+00, 2.418166e-03, 2.418765e-03
1.976563e+00, 2.438320e-03, 2.438925e-03
1.992188e+00, 2.455647e-03, 2.456256e-03
2.007813e+00, 2.470087e-03, 2.470695e-03
2.023438e+00, 2.481586e-03, 2.482190e-03
2.039063e+00, 2.490103e-03, 2.490699e-03
2.054688e+00, 2.495606e-03, 2.496191e-03
2.070313e+00, 2.498076e-03, 2.498647e-03
2.085938e+00, 2.497504e-03, 2.498056e-03
2.101563e+00, 2.493892e-03, 2.494422e-03
2.117188e+00, 2.487252e-03, 2.487758e-03
2.132813e+00, 2.477609e-03, 2.478087e-03
2.148438e+00, 2.464998e-03, 2.465445e-03
2.164063e+00, 2.449465e-03, 2.449878e-03
2.179688e+00, 2.431066e-03, 2.431443e-03
2.195313e+00, 2.409866e-03, 2.410205e-03
2.210938e+00, 2.385942e-03, 2.386241e-03
2.226563e+00, 2.359378e-03, 2.359636e-03
2.242188e+00, 2.330268e-03, 2.330484e-03
2.257813e+00, 2.298714e-03, 2.298886e-03
2.273438e+00, 2.264826e-03, 2.264953e-03
2.289063e+00, 2.228718e-03, 2.228802e-03
2.304688e+00, 2.190515e-03, 2.190554e-03
2.320313e+00, 2.150344e-03, 2.150338e-03
2.335938e+00, 2.108338e-03, 2.108289e-03
2.351563e+00, 2.064634e-03, 2.064542e-03
2.367188e+00, 2.019373e-03, 2.019239e-03
2.382813e+00, 1.972697e-03, 1.972523e-03
2.398438e+00, 1.924751e-03, 1.924539e-03
2.414063e+00, 1.875683e-03, 1.875434e-03
2.429688e+00, 1.825638e-03, 1.825355e-03
2.445313e+00, 1.774762e-03, 1.774448e-03
2.460938e+00, 1.723202e-03, 1.722858e-03
2.476563e+00, 1.671100e-03, 1.670729e-03
2.492188e+00, 1.618597e-03, 1.618203e-03
2.507813e+00, 1.565834e-03, 1.565418e-03
2.523438e+00, 1.512943e-03, 1.512509e-03
2.539063e+00, 1.460056e-03, 1.459607e-03
2.554688e+00, 1.407300e-03, 1.406839e-03
2.570313e+00, 1.354796e-03, 1.354326e-03
2.585938e+00, 1.302661e-03, 1.302184e-03
2.601563e+00, 1.251004e-03, 1.250523e-03
2.617188e+00, 1.199929e-03, 1.199449e-03
2.632813e+00, 1.149537e-03, 1.149058e-03
2.648438e+00, 1.099916e-03, 1.099443e-03
2.664063e+00, 1.051154e-03, 1.050688e-03
2.679688e+00, 1.003328e-03, 1.002871e-03
2.695313e+00, 9.565087e-04, 9.560634e-04
2.710938e+00, 9.107615e-04, 9.103299e-04
2.726563e+00, 8.661437e-04, 8.657276e-04
2.742188e+00, 8.227062e-04, 8.223072e-04
2.757813e+00, 7.804931e-04, 7.801126e-04
2.773438e+00, 7.395419e-04, 7.391811e-04
2.789063e+00, 6.998836e-04, 6.995437e-04
2.804688e+00, 6.615431e-04, 6.612248e-04
2.820313e+00, 6.245392e-04, 6.242432e-04
2.835938e+00, 5.888849e-04, 5.886117e-04
2.851563e+00, 5.545877e-04, 5.543375e-04
2.867188e+00, 5.216499e-04, 5.214229e-04
2.882813e+00, 4.900686e-04, 4.898648e-04
2.898438e+00, 4.598367e-04, 4.596558e-04
2.914063e+00, 4.309423e-04, 4.307841e-04
2.929688e+00, 4.033698e-04, 4.032338e-04
2.945313e+00, 3.770999e-04, 3.769854e-04
2.960938e+00, 3.521097e-04, 3.520161e-04
2.976563e+00, 3.283735e-04, 3.283000e-04
2.992188e+00, 3.058628e-04, 3.058086e-04
3.007813e+00, 2.845468e-04, 2.845108e-04
3.023438e+00, 2.643924e-04, 2.643737e-04
3.039063e+00, 2.453650e-04, 2.453624e-04
3.054688e+00, 2.274282e-04, 2.274407e-04
3.070313e+00, 2.105446e-04, 2.105711e-04
3.085938e+00, 1.946757e-04, 1.947152e-04
3.101563e+00, 1.797825e-04, 1.798337e-04
3.117188e+00, 1.658254e-04, 1.658872e-04
3.132813e+00, 1.527644e-04, 1.528357e-04
3.148438e+00, 1.405598e-04, 1.406395e-04
3.164063e+00, 1.291718e-04, 1.292588e-04
3.179688e+00, 1.185609e-04, 1.186542e-04
3.195313e+00, 1.086883e-04, 1.087869e-04
3.210938e+00, 9.951567e-05, 9.961865e-05
3.226563e+00, 9.100543e-05, 9.111186e-05
3.242188e+00, 8.312090e-05, 8.322993e-05
3.257813e+00, 7.582635e-05, 7.593719e-05
3.273438e+00, 6.908711e-05, 6.919901e-05
3.289063e+00, 6.286960e-05, 6.298188e-05
3.304688e+00, 5.714143e-05, 5.725346e-05
3.320313e+00, 5.187142e-05, 5.198263e-05
3.335938e+00, 4.702965e-05, 4.713951e-05
3.351563e+00, 4.258745e-05, 4.269552e-05
3.367188e+00, 3.851749e-05, 3.862334e-05
3.382813e+00, 3.479369e-05, 3.489698e-05
3.398438e+00, 3.139128e-05, 3.149170e-05
3.414063e+00, 2.828679e-05, 2.838408e-05
3.429688e+00, 2.545799e-05, 2.555194e-05
3.445313e+00, 2.288392e-05, 2.297435e-05
3.460938e+00, 2.054482e-05, 2.063161e-05
3.476563e+00, 1.842213e-05, 1.850518e-05
3.492188e+00, 1.649843e-05, 1.657768e-05
3.507813e+00, 1.475744e-05, 1.483285e-05
3.523438e+00, 1.318392e-05, 1.325550e-05
3.539063e+00, 1.176367e-05, 1.183144e-05
3.554688e+00, 1.048351e-05, 1.054750e-05
3.570313e+00, 9.331145e-06, 9.391435e-06
3.585938e+00, 8.295223e-06, 8.351889e-06
3.601563e+00, 7.365222e-06, 7.418359e-06
3.617188e+00, 6.531427e-06, 6.581143e-06
3.632813e+00, 5.784884e-06, 5.831297e-06
3.648438e+00, 5.117355e-06, 5.160590e-06
3.664063e+00, 4.521271e-06, 4.561461e-06
3.679688e+00, 3.989693e-06, 4.026975e-06
3.695313e+00, 3.516271e-06, 3.550784e-06
3.710938e+00, 3.095201e-06, 3.127087e-06
3.726563e+00, 2.721191e-06, 2.750591e-06
3.742188e+00, 2.389420e-06, 2.416476e-06
3.757813e+00, 2.095509e-06, 2.120358e-06
3.773438e+00, 1.835480e-06, 1.858260e-06
3.789063e+00, 1.605731e-06, 1.626574e-06
3.804688e+00, 1.403004e-06, 1.422040e-06
3.820313e+00, 1.224356e-06, 1.241710e-06
3.835938e+00, 1.067135e-06, 1.082926e-06
3.851563e+00, 9.289521e-07, 9.432954e-07
3.867188e+00, 8.076621e-07, 8.206672e-07
3.882813e+00, 7.013395e-07, 7.131105e-07
3.898438e+00, 6.082595e-07, 6.188950e-07
3.914063e+00, 5.268797e-07, 5.364725e-07
3.929688e+00, 4.558226e-07, 4.644600e-07
3.945313e+00, 3.938599e-07, 4.016239e-07
3.960938e+00, 3.398985e-07, 3.468655e-07
3.976563e+00, 2.929665e-07, 2.992079e-07
3.992188e+00, 2.522016e-07, 2.577837e-07
4.007813e+00, 2.168397e-07, 2.218238e-07
4.023438e+00, 1.862047e-07, 1.906475e-07
4.039063e+00, 1.596993e-07, 1.636532e-07
4.054688e+00, 1.367968e-07, 1.403099e-07
4.070313e+00, 1.170333e-07, 1.201497e-07
4.085938e+00, 1.000007e-07, 1.027607e-07
4.101563e+00, 8.534080e-08, 8.778129e-08
4.117188e+00, 7.273950e-08, 7.489404e-08
4.132813e+00, 6.192180e-08, 6.382089e-08
4.148438e+00, 5.264734e-08, 5.431864e-08
4.164063e+00, 4.470630e-08, 4.617483e-08
4.179688e+00, 3.791580e-08, 3.920415e-08
4.195313e+00, 3.211669e-08, 3.324521e-08
4.210938e+00, 2.717066e-08, 2.815766e-08
4.226563e+00, 2.295770e-08, 2.381960e-08
4.242188e+00, 1.937381e-08, 2.012532e-08
4.257813e+00, 1.632902e-08, 1.698327e-08
4.273438e+00, 1.374559e-08, 1.431430e-08
4.289063e+00, 1.155646e-08, 1.205007e-08
4.304688e+00, 9.703844e-09, 1.013163e-08
4.320313e+00, 8.138054e-09, 8.508232e-09
4.335938e+00, 6.816396e-09, 7.136245e-09
4.351563e+00, 5.702251e-09, 5.978202e-09
4.367188e+00, 4.764255e-09, 5.001978e-09
4.382813e+00, 3.975580e-09, 4.180067e-09
4.398438e+00, 3.313316e-09, 3.488954e-09
4.414063e+00, 2.757920e-09, 2.908556e-09
4.429688e+00, 2.292751e-09, 2.421754e-09
4.445313e+00, 1.903655e-09, 2.013971e-09
4.460938e+00, 1.578613e-09, 1.672810e-09
4.476563e+00, 1.307431e-09, 1.387747e-09
4.492188e+00, 1.081477e-09, 1.149858e-09
4.507813e+00, 8.934526e-10, 9.515878e-10
4.523438e+00, 7.371922e-10, 7.865453e-10
4.539063e+00, 6.074981e-10, 6.493352e-10
4.554688e+00, 4.999929e-10, 5.354076e-10
4.570313e+00, 4.109956e-10, 4.409309e-10
4.585938e+00, 3.374153e-10, 3.626827e-10
4.601563e+00, 2.766599e-10, 2.979570e-10
4.617188e+00, 2.265589e-10, 2.444841e-10
4.632813e+00, 1.852973e-10, 2.003632e-10
4.648438e+00, 1.513593e-10, 1.640045e-10
4.664063e+00, 1.234811e-10, 1.340800e-10
4.679688e+00, 1.006101e-10, 1.094820e-10
4.695313e+00, 8.187099e-11, 8.928766e-11
4.710938e+00, 6.653684e-11, 7.272952e-11
4.726563e+00, 5.400480e-11, 5.916984e-11
4.742188e+00, 4.377552e-11, 4.807955e-11
4.757813e+00, 3.543599e-11, 3.902032e-11
4.773438e+00, 2.864498e-11, 3.162944e-11
4.789063e+00, 2.312095e-11, 2.560723e-11
4.804688e+00, 1.863180e-11, 2.070638e-11
4.820313e+00, 1.498640e-11, 1.672307e-11
4.835938e+00, 1.202747e-11, 1.348957e-11
4.851563e+00, 9.625540e-12, 1.086803e-11
4.867188e+00, 7.674069e-12, 8.745282e-12
4.882813e+00, 6.085206e-12, 7.028573e-12
4.898438e+00, 4.786315e-12, 5.641971e-12
4.914063e+00, 3.717030e-12, 4.523399e-12
4.929688e+00, 2.826751e-12, 3.622174e-12
4.945313e+00, 2.072509e-12, 2.896971e-12
4.960938e+00, 1.417104e-12, 2.314138e-12
4.976563e+00, 8.274570e-13, 1.846311e-12
4.992188e+00, 2.730996e-13, 1.471265e-12
5.000000e+00, 1.752202e-40, 1.312759e-12


#At time: 1.000484e+02, nsteps= 826


0.000000e+00, 1.570835e-22, 3.313073e-07
7.812500e-03, 4.080384e-08, 3.537269e-07
2.343750e-02, 1.238815e-07, 4.029253e-07
3.906250e-02, 2.098017e-07, 4.585187e-07
5.468750e-02, 2.996659e-07, 5.212734e-07
7.031250e-02, 3.946298e-07, 5.920388e-07
8.593750e-02, 4.959135e-07, 6.717548e-07
1.015625e-01, 6.048116e-07, 7.614606e-07
1.171875e-01, 7.227045e-07, 8.623035e-07
1.328125e-01, 8.510693e-07, 9.755487e-07
1.484375e-01, 9.914924e-07, 1.102589e-06
1.640625e-01, 1.145682e-06, 1.244958e-06
1.796875e-01, 1.315479e-06, 1.404338e-06
1.953125e-01, 1.502877e-06, 1.582576e-06
2.109375e-01, 1.710030e-06, 1.781696e-06
2.265625e-01, 1.939270e-06, 2.003912e-06
2.421875e-01, 2.193126e-06, 2.251644e-06
2.578125e-01, 2.474335e-06, 2.527533e-06
2.734375e-01, 2.785865e-06, 2.834458e-06
2.890625e-01, 3.130928e-06, 3.175553e-06
3.046875e-01, 3.513005e-06, 3.554222e-06
3.203125e-01, 3.935858e-06, 3.974166e-06
3.359375e-01, 4.403556e-06, 4.439391e-06
3.515625e-01, 4.920493e-06, 4.954237e-06
3.671875e-01, 5.491411e-06, 5.523398e-06
3.828125e-01, 6.121421e-06, 6.151937e-06
3.984375e-01, 6.816026e-06, 6.845315e-06
4.140625e-01, 7.581143e-06, 7.609412e-06
4.296875e-01, 8.423127e-06, 8.450546e-06
4.453125e-01, 9.348796e-06, 9.375502e-06
4.609375e-01, 1.036545e-05, 1.039155e-05
4.765625e-01, 1.148090e-05, 1.150647e-05
4.921875e-01, 1.270350e-05, 1.272858e-05
5.078125e-01, 1.404214e-05, 1.406676e-05
5.234375e-01, 1.550629e-05, 1.553045e-05
5.390625e-01, 1.710605e-05, 1.712971e-05
5.546875e-01, 1.885211e-05, 1.887522e-05
5.703125e-01, 2.075581e-05, 2.077831e-05
5.859375e-01, 2.282918e-05, 2.285096e-05
6.015625e-01, 2.508489e-05, 2.510583e-05
6.171875e-01, 2.753633e-05, 2.755630e-05
6.328125e-01, 3.019759e-05, 3.021644e-05
6.484375e-01, 3.308351e-05, 3.310104e-05
6.640625e-01, 3.620961e-05, 3.622564e-05
6.796875e-01, 3.959220e-05, 3.960650e-05
6.953125e-01, 4.324830e-05, 4.326065e-05
7.109375e-01, 4.719568e-05, 4.720582e-05
7.265625e-01, 5.145284e-05, 5.146052e-05
7.421875e-01, 5.603903e-05, 5.604397e-05
7.578125e-01, 6.097420e-05, 6.097609e-05
7.734375e-01, 6.627898e-05, 6.627753e-05
7.890625e-01, 7.197471e-05, 7.196961e-05
8.046875e-01, 7.808336e-05, 7.807428e-05
8.203125e-01, 8.462751e-05, 8.461414e-05
8.359375e-01, 9.163033e-05, 9.161232e-05
8.515625e-01, 9.911550e-05, 9.909252e-05
8.671875e-01, 1.071072e-04, 1.070789e-04
8.828125e-01, 1.156300e-04, 1.155961e-04
8.984375e-01, 1.247088e-04, 1.246689e-04
9.140625e-01, 1.343688e-04, 1.343227e-04
9.296875e-01, 1.446355e-04, 1.445828e-04
9.453125e-01, 1.555343e-04, 1.554748e-04
9.609375e-01, 1.670908e-04, 1.670242e-04
9.765625e-01, 1.793304e-04, 1.792564e-04
9.921875e-01, 1.922783e-04, 1.921968e-04
1.007813e+00, 2.059595e-04, 2.058703e-04
1.023438e+00, 2.203985e-04, 2.203013e-04
1.039063e+00, 2.356191e-04, 2.355140e-04
1.054688e+00, 2.516447e-04, 2.515315e-04
1.070313e+00, 2.684975e-04, 2.683762e-04
1.085938e+00, 2.861989e-04, 2.860697e-04
1.101563e+00, 3.047693e-04, 3.046320e-04
1.117188e+00, 3.242274e-04, 3.240824e-04
1.132813e+00, 3.445908e-04, 3.444382e-04
1.148438e+00, 3.658754e-04, 3.657154e-04
1.164063e+00, 3.880951e-04, 3.879281e-04
1.179688e+00, 4.112621e-04, 4.110884e-04
1.195313e+00, 4.353863e-04, 4.352064e-04
1.210938e+00, 4.604754e-04, 4.602899e-04
1.226563e+00, 4.865346e-04, 4.863440e-04
1.242188e+00, 5.135665e-04, 5.133716e-04
1.257813e+00, 5.415709e-04, 5.413724e-04
1.273438e+00, 5.705447e-04, 5.703434e-04
1.289063e+00, 6.004818e-04, 6.002785e-04
1.304688e+00, 6.313726e-04, 6.311683e-04
1.320313e+00, 6.632045e-04, 6.630002e-04
1.335938e+00, 6.959612e-04, 6.957579e-04
1.351563e+00, 7.296229e-04, 7.294218e-04
1.367188e+00, 7.641661e-04, 7.639683e-04
1.382813e+00, 7.995636e-04, 7.993703e-04
1.398438e+00, 8.357842e-04, 8.355967e-04
1.414063e+00, 8.727931e-04, 8.726126e-04
1.429688e+00, 9.105512e-04, 9.103791e-04
1.445313e+00, 9.490159e-04, 9.488534e-04
1.460938e+00, 9.881404e-04, 9.879888e-04
1.476563e+00, 1.027874e-03, 1.027735e-03
1.492188e+00, 1.068162e-03, 1.068036e-03
1.507813e+00, 1.108946e-03, 1.108835e-03
1.523438e+00, 1.150164e-03, 1.150070e-03
1.539063e+00, 1.191751e-03, 1.191673e-03
1.554688e+00, 1.233637e-03, 1.233578e-03
1.570313e+00, 1.275749e-03, 1.275709e-03
1.585938e+00, 1.318012e-03, 1.317993e-03
1.601563e+00, 1.360347e-03, 1.360349e-03
1.617188e+00, 1.402672e-03, 1.402697e-03
1.632813e+00, 1.444903e-03, 1.444951e-03
1.648438e+00, 1.486955e-03, 1.487026e-03
1.664063e+00, 1.528738e-03, 1.528833e-03
1.679688e+00, 1.570162e-03, 1.570282e-03
1.695313e+00, 1.611136e-03, 1.611281e-03
1.710938e+00, 1.651568e-03, 1.651738e-03
1.726563e+00, 1.691363e-03, 1.691558e-03
1.742188e+00, 1.730428e-03, 1.730647e-03
1.757813e+00, 1.768669e-03, 1.768913e-03
1.773438e+00, 1.805992e-03, 1.806260e-03
1.789063e+00, 1.842305e-03, 1.842596e-03
1.804688e+00, 1.877516e-03, 1.877830e-03
1.820313e+00, 1.911534e-03, 1.911869e-03
1.835938e+00, 1.944271e-03, 1.944627e-03
1.851563e+00, 1.975641e-03, 1.976016e-03
1.867188e+00, 2.005559e-03, 2.005952e-03
1.882813e+00, 2.033946e-03, 2.034355e-03
1.898438e+00, 2.060723e-03, 2.061147e-03
1.914063e+00, 2.085818e-03, 2.086255e-03
1.929688e+00, 2.109160e-03, 2.109608e-03
1.945313e+00, 2.130683e-03, 2.131141e-03
1.960938e+00, 2.150328e-03, 2.150793e-03
1.976563e+00, 2.168039e-03, 2.168508e-03
1.992188e+00, 2.183764e-03, 2.184236e-03
2.007813e+00, 2.197459e-03, 2.197932e-03
2.023438e+00, 2.209084e-03, 2.209555e-03
2.039063e+00, 2.218605e-03, 2.219073e-03
2.054688e+00, 2.225995e-03, 2.226457e-03
2.070313e+00, 2.231233e-03, 2.231686e-03
2.085938e+00, 2.234302e-03, 2.234745e-03
2.101563e+00, 2.235194e-03, 2.235625e-03
2.117188e+00, 2.233907e-03, 2.234322e-03
2.132813e+00, 2.230443e-03, 2.230842e-03
2.148438e+00, 2.224814e-03, 2.225194e-03
2.164063e+00, 2.217035e-03, 2.217394e-03
2.179688e+00, 2.207129e-03, 2.207466e-03
2.195313e+00, 2.195125e-03, 2.195438e-03
2.210938e+00, 2.181057e-03, 2.181346e-03
2.226563e+00, 2.164967e-03, 2.165229e-03
2.242188e+00, 2.146900e-03, 2.147134e-03
2.257813e+00, 2.126908e-03, 2.127113e-03
2.273438e+00, 2.105047e-03, 2.105222e-03
2.289063e+00, 2.081379e-03, 2.081524e-03
2.304688e+00, 2.055970e-03, 2.056084e-03
2.320313e+00, 2.028891e-03, 2.028974e-03
2.335938e+00, 2.000216e-03, 2.000268e-03
2.351563e+00, 1.970022e-03, 1.970043e-03
2.367188e+00, 1.938393e-03, 1.938383e-03
2.382813e+00, 1.905410e-03, 1.905370e-03
2.398438e+00, 1.871162e-03, 1.871092e-03
2.414063e+00, 1.835738e-03, 1.835638e-03
2.429688e+00, 1.799227e-03, 1.799098e-03
2.445313e+00, 1.761722e-03, 1.761566e-03
2.460938e+00, 1.723315e-03, 1.723133e-03
2.476563e+00, 1.684102e-03, 1.683895e-03
2.492188e+00, 1.644175e-03, 1.643944e-03
2.507813e+00, 1.603628e-03, 1.603375e-03
2.523438e+00, 1.562555e-03, 1.562282e-03
2.539063e+00, 1.521049e-03, 1.520756e-03
2.554688e+00, 1.479200e-03, 1.478890e-03
2.570313e+00, 1.437098e-03, 1.436774e-03
2.585938e+00, 1.394833e-03, 1.394494e-03
2.601563e+00, 1.352489e-03, 1.352138e-03
2.617188e+00, 1.310150e-03, 1.309790e-03
2.632813e+00, 1.267898e-03, 1.267530e-03
2.648438e+00, 1.225810e-03, 1.225437e-03
2.664063e+00, 1.183963e-03, 1.183585e-03
2.679688e+00, 1.142428e-03, 1.142047e-03
2.695313e+00, 1.101274e-03, 1.100892e-03
2.710938e+00, 1.060565e-03, 1.060185e-03
2.726563e+00, 1.020364e-03, 1.019987e-03
2.742188e+00, 9.807280e-04, 9.803551e-04
2.757813e+00, 9.417111e-04, 9.413440e-04
2.773438e+00, 9.033631e-04, 9.030033e-04
2.789063e+00, 8.657303e-04, 8.653791e-04
2.804688e+00, 8.288546e-04, 8.285133e-04
2.820313e+00, 7.927744e-04, 7.924440e-04
2.835938e+00, 7.575240e-04, 7.572055e-04
2.851563e+00, 7.231336e-04, 7.228281e-04
2.867188e+00, 6.896299e-04, 6.893381e-04
2.882813e+00, 6.570357e-04, 6.567584e-04
2.898438e+00, 6.253702e-04, 6.251079e-04
2.914063e+00, 5.946490e-04, 5.944022e-04
2.929688e+00, 5.648842e-04, 5.646533e-04
2.945313e+00, 5.360846e-04, 5.358699e-04
2.960938e+00, 5.082559e-04, 5.080576e-04
2.976563e+00, 4.814007e-04, 4.812188e-04
2.992188e+00, 4.555185e-04, 4.553530e-04
3.007813e+00, 4.306063e-04, 4.304572e-04
3.023438e+00, 4.066583e-04, 4.065254e-04
3.039063e+00, 3.836666e-04, 3.835496e-04
3.054688e+00, 3.616206e-04, 3.615192e-04
3.070313e+00, 3.405080e-04, 3.404218e-04
3.085938e+00, 3.203142e-04, 3.202427e-04
3.101563e+00, 3.010231e-04, 3.009659e-04
3.117188e+00, 2.826170e-04, 2.825734e-04
3.132813e+00, 2.650766e-04, 2.650461e-04
3.148438e+00, 2.483815e-04, 2.483634e-04
3.164063e+00, 2.325099e-04, 2.325037e-04
3.179688e+00, 2.174395e-04, 2.174443e-04
3.195313e+00, 2.031467e-04, 2.031619e-04
3.210938e+00, 1.896075e-04, 1.896325e-04
3.226563e+00, 1.767974e-04, 1.768313e-04
3.242188e+00, 1.646912e-04, 1.647333e-04
3.257813e+00, 1.532636e-04, 1.533134e-04
3.273438e+00, 1.424893e-04, 1.425458e-04
3.289063e+00, 1.323425e-04, 1.324052e-04
3.304688e+00, 1.227979e-04, 1.228660e-04
3.320313e+00, 1.138299e-04, 1.139028e-04
3.335938e+00, 1.054134e-04, 1.054905e-04
3.351563e+00, 9.752350e-05, 9.760408e-05
3.367188e+00, 9.013566e-05, 9.021917e-05
3.382813e+00, 8.322578e-05, 8.331164e-05
3.398438e+00, 7.677023e-05, 7.685792e-05
3.414063e+00, 7.074595e-05, 7.083495e-05
3.429688e+00, 6.513044e-05, 6.522028e-05
3.445313e+00, 5.990183e-05, 5.999205e-05
3.460938e+00, 5.503889e-05, 5.512909e-05
3.476563e+00, 5.052109e-05, 5.061090e-05
3.492188e+00, 4.632861e-05, 4.641766e-05
3.507813e+00, 4.244232e-05, 4.253031e-05
3.523438e+00, 3.884386e-05, 3.893049e-05
3.539063e+00, 3.551557e-05, 3.560059e-05
3.554688e+00, 3.244056e-05, 3.252375e-05
3.570313e+00, 2.960269e-05, 2.968384e-05
3.585938e+00, 2.698652e-05, 2.706547e-05
3.601563e+00, 2.457739e-05, 2.465399e-05
3.617188e+00, 2.236132e-05, 2.243545e-05
3.632813e+00, 2.032506e-05, 2.039663e-05
3.648438e+00, 1.845607e-05, 1.852500e-05
3.664063e+00, 1.674246e-05, 1.680869e-05
3.679688e+00, 1.517302e-05, 1.523652e-05
3.695313e+00, 1.373717e-05, 1.379792e-05
3.710938e+00, 1.242496e-05, 1.248296e-05
3.726563e+00, 1.122703e-05, 1.128229e-05
3.742188e+00, 1.013462e-05, 1.018717e-05
3.757813e+00, 9.139499e-06, 9.189364e-06
3.773438e+00, 8.233972e-06, 8.281205e-06
3.789063e+00, 7.410859e-06, 7.455516e-06
3.804688e+00, 6.663459e-06, 6.705604e-06
3.820313e+00, 5.985534e-06, 6.025237e-06
3.835938e+00, 5.371283e-06, 5.408619e-06
3.851563e+00, 4.815318e-06, 4.850369e-06
3.867188e+00, 4.312644e-06, 4.345494e-06
3.882813e+00, 3.858638e-06, 3.889373e-06
3.898438e+00, 3.449022e-06, 3.477732e-06
3.914063e+00, 3.079849e-06, 3.106623e-06
3.929688e+00, 2.747479e-06, 2.772408e-06
3.945313e+00, 2.448559e-06, 2.471735e-06
3.960938e+00, 2.180008e-06, 2.201519e-06
3.976563e+00, 1.938996e-06, 1.958931e-06
3.992188e+00, 1.722926e-06, 1.741374e-06
4.007813e+00, 1.529423e-06, 1.546468e-06
4.023438e+00, 1.356311e-06, 1.372037e-06
4.039063e+00, 1.201606e-06, 1.216093e-06
4.054688e+00, 1.063495e-06, 1.076821e-06
4.070313e+00, 9.403285e-07, 9.525694e-07
4.085938e+00, 8.306045e-07, 8.418325e-07
4.101563e+00, 7.329587e-07, 7.432430e-07
4.117188e+00, 6.461526e-07, 6.555593e-07
4.132813e+00, 5.690640e-07, 5.776559e-07
4.148438e+00, 5.006766e-07, 5.085135e-07
4.164063e+00, 4.400719e-07, 4.472103e-07
4.179688e+00, 3.864204e-07, 3.929137e-07
4.195313e+00, 3.389740e-07, 3.448725e-07
4.210938e+00, 2.970589e-07, 3.024099e-07
4.226563e+00, 2.600690e-07, 2.649168e-07
4.242188e+00, 2.274597e-07, 2.318457e-07
4.257813e+00, 1.987420e-07, 2.027051e-07
4.273438e+00, 1.734780e-07, 1.770542e-07
4.289063e+00, 1.512755e-07, 1.544984e-07
4.304688e+00, 1.317838e-07, 1.346846e-07
4.320313e+00, 1.146898e-07, 1.172972e-07
4.335938e+00, 9.971411e-08, 1.020548e-07
4.351563e+00, 8.660788e-08, 8.870648e-08
4.367188e+00, 7.514968e-08, 7.702882e-08
4.382813e+00, 6.514268e-08, 6.682320e-08
4.398438e+00, 5.641217e-08, 5.791317e-08
4.414063e+00, 4.880323e-08, 5.014220e-08
4.429688e+00, 4.217866e-08, 4.337161e-08
4.445313e+00, 3.641710e-08, 3.747863e-08
4.460938e+00, 3.141132e-08, 3.235474e-08
4.476563e+00, 2.706668e-08, 2.790411e-08
4.492188e+00, 2.329978e-08, 2.404222e-08
4.507813e+00, 2.003716e-08, 2.069460e-08
4.523438e+00, 1.721425e-08, 1.779571e-08
4.539063e+00, 1.477432e-08, 1.528797e-08
4.554688e+00, 1.266757e-08, 1.312080e-08
4.570313e+00, 1.085040e-08, 1.124986e-08
4.585938e+00, 9.284609e-09, 9.636284e-09
4.601563e+00, 7.936816e-09, 8.246094e-09
4.617188e+00, 6.777857e-09, 7.049576e-09
4.632813e+00, 5.782292e-09, 6.020794e-09
4.648438e+00, 4.927951e-09, 5.137130e-09
4.664063e+00, 4.195538e-09, 4.378884e-09
4.679688e+00, 3.568273e-09, 3.728914e-09
4.695313e+00, 3.031582e-09, 3.172323e-09
4.710938e+00, 2.572820e-09, 2.696177e-09
4.726563e+00, 2.181025e-09, 2.289262e-09
4.742188e+00, 1.846703e-09, 1.941863e-09
4.757813e+00, 1.561640e-09, 1.645575e-09
4.773438e+00, 1.318731e-09, 1.393134e-09
4.789063e+00, 1.111839e-09, 1.178268e-09
4.804688e+00, 9.356579e-10, 9.955692e-10
4.820313e+00, 7.856048e-10, 8.403783e-10
4.835938e+00, 6.577170e-10, 7.086866e-10
4.851563e+00, 5.485643e-10, 5.970486e-10
4.867188e+00, 4.551710e-10, 5.025059e-10
4.882813e+00, 3.749471e-10, 4.225214e-10
4.898438e+00, 3.056264e-10, 3.549215e-10
4.914063e+00, 2.452122e-10, 2.978461e-10
4.929688e+00, 1.919269e-10, 2.497052e-10
4.945313e+00, 1.441669e-10, 2.091411e-10
4.960938e+00, 1.004606e-10, 1.749956e-10
4.976563e+00, 5.942851e-11, 1.462820e-10
4.992188e+00, 1.974479e-11, 1.221605e-10
5.000000e+00, 6.705873e-40, 1.115943e-10


