#At time: 0.000000e+00, nsteps= 0


-1.000000e+00, 1.234098e-07, 1.234098e-07
-9.921875e-01, 1.293245e-07, 1.293245e-07
-9.765625e-01, 1.419658e-07, 1.419658e-07
-9.609375e-01, 1.557667e-07, 1.557667e-07
-9.453125e-01, 1.708259e-07, 1.708259e-07
-9.296875e-01, 1.872495e-07, 1.872495e-07
-9.140625e-01, 2.051518e-07, 2.051518e-07
-8.984375e-01, 2.246561e-07, 2.246561e-07
-8.828125e-01, 2.458945e-07, 2.458945e-07
-8.671875e-01, 2.690094e-07, 2.690094e-07
-8.515625e-01, 2.941535e-07, 2.941535e-07
-8.359375e-01, 3.214908e-07, 3.214908e-07
-8.203125e-01, 3.511972e-07, 3.511972e-07
-8.046875e-01, 3.834613e-07, 3.834613e-07
-7.890625e-01, 4.184850e-07, 4.184850e-07
-7.734375e-01, 4.564846e-07, 4.564846e-07
-7.578125e-01, 4.976917e-07, 4.976917e-07
-7.421875e-01, 5.423536e-07, 5.423536e-07
-7.265625e-01, 5.907350e-07, 5.907350e-07
-7.109375e-01, 6.431181e-07, 6.431181e-07
-6.953125e-01, 6.998046e-07, 6.998046e-07
-6.796875e-01, 7.611158e-07, 7.611158e-07
-6.640625e-01, 8.273945e-07, 8.273945e-07
-6.484375e-01, 8.990057e-07, 8.990057e-07
-6.328125e-01, 9.763381e-07, 9.763381e-07
-6.171875e-01, 1.059805e-06, 1.059805e-06
-6.015625e-01, 1.149846e-06, 1.149846e-06
-5.859375e-01, 1.246927e-06, 1.246927e-06
-5.703125e-01, 1.351546e-06, 1.351546e-06
-5.546875e-01, 1.464226e-06, 1.464226e-06
-5.390625e-01, 1.585527e-06, 1.585527e-06
-5.234375e-01, 1.716039e-06, 1.716039e-06
-5.078125e-01, 1.856386e-06, 1.856386e-06
-4.921875e-01, 2.007232e-06, 2.007232e-06
-4.765625e-01, 2.169276e-06, 2.169276e-06
-4.609375e-01, 2.343257e-06, 2.343257e-06
-4.453125e-01, 2.529956e-06, 2.529956e-06
-4.296875e-01, 2.730197e-06, 2.730197e-06
-4.140625e-01, 2.944849e-06, 2.944849e-06
-3.984375e-01, 3.174826e-06, 3.174826e-06
-3.828125e-01, 3.421092e-06, 3.421092e-06
-3.671875e-01, 3.684661e-06, 3.684661e-06
-3.515625e-01, 3.966599e-06, 3.966599e-06
-3.359375e-01, 4.268025e-06, 4.268025e-06
-3.203125e-01, 4.590115e-06, 4.590115e-06
-3.046875e-01, 4.934103e-06, 4.934103e-06
-2.890625e-01, 5.301279e-06, 5.301279e-06
-2.734375e-01, 5.692999e-06, 5.692999e-06
-2.578125e-01, 6.110680e-06, 6.110680e-06
-2.421875e-01, 6.555802e-06, 6.555802e-06
-2.265625e-01, 7.029916e-06, 7.029916e-06
-2.109375e-01, 7.534637e-06, 7.534637e-06
-1.953125e-01, 8.071653e-06, 8.071653e-06
-1.796875e-01, 8.642723e-06, 8.642723e-06
-1.640625e-01, 9.249678e-06, 9.249678e-06
-1.484375e-01, 9.894426e-06, 9.894426e-06
-1.328125e-01, 1.057895e-05, 1.057895e-05
-1.171875e-01, 1.130531e-05, 1.130531e-05
-1.015625e-01, 1.207564e-05, 1.207564e-05
-8.593750e-02, 1.289217e-05, 1.289217e-05
-7.031250e-02, 1.375719e-05, 1.375719e-05
-5.468750e-02, 1.467308e-05, 1.467308e-05
-3.906250e-02, 1.564231e-05, 1.564231e-05
-2.343750e-02, 1.666742e-05, 1.666742e-05
-7.812500e-03, 1.775104e-05, 1.775104e-05
7.812500e-03, 1.889589e-05, 1.889589e-05
2.343750e-02, 2.010475e-05, 2.010475e-05
3.906250e-02, 2.138050e-05, 2.138050e-05
5.468750e-02, 2.272611e-05, 2.272611e-05
7.031250e-02, 2.414462e-05, 2.414462e-05
8.593750e-02, 2.563914e-05, 2.563914e-05
1.015625e-01, 2.721288e-05, 2.721288e-05
1.171875e-01, 2.886912e-05, 2.886912e-05
1.328125e-01, 3.061121e-05, 3.061121e-05
1.484375e-01, 3.244257e-05, 3.244257e-05
1.640625e-01, 3.436672e-05, 3.436672e-05
1.796875e-01, 3.638722e-05, 3.638722e-05
1.953125e-01, 3.850770e-05, 3.850770e-05
2.109375e-01, 4.073186e-05, 4.073186e-05
2.265625e-01, 4.306345e-05, 4.306345e-05
2.421875e-01, 4.550629e-05, 4.550629e-05
2.578125e-01, 4.806422e-05, 4.806422e-05
2.734375e-01, 5.074115e-05, 5.074115e-05
2.890625e-01, 5.354102e-05, 5.354102e-05
3.046875e-01, 5.646781e-05, 5.646781e-05
3.203125e-01, 5.952552e-05, 5.952552e-05
3.359375e-01, 6.271817e-05, 6.271817e-05
3.515625e-01, 6.604981e-05, 6.604981e-05
3.671875e-01, 6.952446e-05, 6.952446e-05
3.828125e-01, 7.314618e-05, 7.314618e-05
3.984375e-01, 7.691899e-05, 7.691899e-05
4.140625e-01, 8.084692e-05, 8.084692e-05
4.296875e-01, 8.493395e-05, 8.493395e-05
4.453125e-01, 8.918404e-05, 8.918404e-05
4.609375e-01, 9.360108e-05, 9.360108e-05
4.765625e-01, 9.818893e-05, 9.818893e-05
4.921875e-01, 1.029514e-04, 1.029514e-04
5.078125e-01, 1.078921e-04, 1.078921e-04
5.234375e-01, 1.130148e-04, 1.130148e-04
5.390625e-01, 1.183228e-04, 1.183228e-04
5.546875e-01, 1.238198e-04, 1.238198e-04
5.703125e-01, 1.295088e-04, 1.295088e-04
5.859375e-01, 1.353931e-04, 1.353931e-04
6.015625e-01, 1.414757e-04, 1.414757e-04
6.171875e-01, 1.477593e-04, 1.477593e-04
6.328125e-01, 1.542468e-04, 1.542468e-04
6.484375e-01, 1.609404e-04, 1.609404e-04
6.640625e-01, 1.678425e-04, 1.678425e-04
6.796875e-01, 1.749552e-04, 1.749552e-04
6.953125e-01, 1.822803e-04, 1.822803e-04
7.109375e-01, 1.898194e-04, 1.898194e-04
7.265625e-01, 1.975738e-04, 1.975738e-04
7.421875e-01, 2.055446e-04, 2.055446e-04
7.578125e-01, 2.137326e-04, 2.137326e-04
7.734375e-01, 2.221382e-04, 2.221382e-04
7.890625e-01, 2.307617e-04, 2.307617e-04
8.046875e-01, 2.396030e-04, 2.396030e-04
8.203125e-01, 2.486615e-04, 2.486615e-04
8.359375e-01, 2.579366e-04, 2.579366e-04
8.515625e-01, 2.674270e-04, 2.674270e-04
8.671875e-01, 2.771312e-04, 2.771312e-04
8.828125e-01, 2.870474e-04, 2.870474e-04
8.984375e-01, 2.971733e-04, 2.971733e-04
9.140625e-01, 3.075061e-04, 3.075061e-04
9.296875e-01, 3.180429e-04, 3.180429e-04
9.453125e-01, 3.287802e-04, 3.287802e-04
9.609375e-01, 3.397141e-04, 3.397141e-04
9.765625e-01, 3.508402e-04, 3.508402e-04
9.921875e-01, 3.621539e-04, 3.621539e-04
1.007813e+00, 3.736499e-04, 3.736499e-04
1.023438e+00, 3.853226e-04, 3.853226e-04
1.039063e+00, 3.971660e-04, 3.971660e-04
1.054688e+00, 4.091736e-04, 4.091736e-04
1.070313e+00, 4.213385e-04, 4.213385e-04
1.085938e+00, 4.336532e-04, 4.336532e-04
1.101563e+00, 4.461099e-04, 4.461099e-04
1.117188e+00, 4.587004e-04, 4.587004e-04
1.132813e+00, 4.714161e-04, 4.714161e-04
1.148438e+00, 4.842477e-04, 4.842477e-04
1.164063e+00, 4.971858e-04, 4.971858e-04
1.179688e+00, 5.102203e-04, 5.102203e-04
1.195313e+00, 5.233410e-04, 5.233410e-04
1.210938e+00, 5.365371e-04, 5.365371e-04
1.226563e+00, 5.497973e-04, 5.497973e-04
1.242188e+00, 5.631103e-04, 5.631103e-04
1.257813e+00, 5.764641e-04, 5.764641e-04
1.273438e+00, 5.898464e-04, 5.898464e-04
1.289063e+00, 6.032448e-04, 6.032448e-04
1.304688e+00, 6.166464e-04, 6.166464e-04
1.320313e+00, 6.300380e-04, 6.300380e-04
1.335938e+00, 6.434062e-04, 6.434062e-04
1.351563e+00, 6.567373e-04, 6.567373e-04
1.367188e+00, 6.700174e-04, 6.700174e-04
1.382813e+00, 6.832323e-04, 6.832323e-04
1.398438e+00, 6.963677e-04, 6.963677e-04
1.414063e+00, 7.094092e-04, 7.094092e-04
1.429688e+00, 7.223422e-04, 7.223422e-04
1.445313e+00, 7.351518e-04, 7.351518e-04
1.460938e+00, 7.478234e-04, 7.478234e-04
1.476563e+00, 7.603421e-04, 7.603421e-04
1.492188e+00, 7.726929e-04, 7.726929e-04
1.507813e+00, 7.848611e-04, 7.848611e-04
1.523438e+00, 7.968317e-04, 7.968317e-04
1.539063e+00, 8.085899e-04, 8.085899e-04
1.554688e+00, 8.201211e-04, 8.201211e-04
1.570313e+00, 8.314107e-04, 8.314107e-04
1.585938e+00, 8.424443e-04, 8.424443e-04
1.601563e+00, 8.532076e-04, 8.532076e-04
1.617188e+00, 8.636865e-04, 8.636865e-04
1.632813e+00, 8.738674e-04, 8.738674e-04
1.648438e+00, 8.837366e-04, 8.837366e-04
1.664063e+00, 8.932811e-04, 8.932811e-04
1.679688e+00, 9.024878e-04, 9.024878e-04
1.695313e+00, 9.113443e-04, 9.113443e-04
1.710938e+00, 9.198385e-04, 9.198385e-04
1.726563e+00, 9.279587e-04, 9.279587e-04
1.742188e+00, 9.356935e-04, 9.356935e-04
1.757813e+00, 9.430323e-04, 9.430323e-04
1.773438e+00, 9.499646e-04, 9.499646e-04
1.789063e+00, 9.564807e-04, 9.564807e-04
1.804688e+00, 9.625715e-04, 9.625715e-04
1.820313e+00, 9.682281e-04, 9.682281e-04
1.835938e+00, 9.734425e-04, 9.734425e-04
1.851563e+00, 9.782073e-04, 9.782073e-04
1.867188e+00, 9.825155e-04, 9.825155e-04
1.882813e+00, 9.863610e-04, 9.863610e-04
1.898438e+00, 9.897381e-04, 9.897381e-04
1.914063e+00, 9.926420e-04, 9.926420e-04
1.929688e+00, 9.950684e-04, 9.950684e-04
1.945313e+00, 9.970137e-04, 9.970137e-04
1.960938e+00, 9.984753e-04, 9.984753e-04
1.976563e+00, 9.994508e-04, 9.994508e-04
1.992188e+00, 9.999390e-04, 9.999390e-04
2.007813e+00, 9.999390e-04, 9.999390e-04
2.023438e+00, 9.994508e-04, 9.994508e-04
2.039063e+00, 9.984753e-04, 9.984753e-04
2.054688e+00, 9.970137e-04, 9.970137e-04
2.070313e+00, 9.950684e-04, 9.950684e-04
2.085938e+00, 9.926420e-04, 9.926420e-04
2.101563e+00, 9.897381e-04, 9.897381e-04
2.117188e+00, 9.863610e-04, 9.863610e-04
2.132813e+00, 9.825155e-04, 9.825155e-04
2.148438e+00, 9.782073e-04, 9.782073e-04
2.164063e+00, 9.734425e-04, 9.734425e-04
2.179688e+00, 9.682281e-04, 9.682281e-04
2.195313e+00, 9.625715e-04, 9.625715e-04
2.210938e+00, 9.564807e-04, 9.564807e-04
2.226563e+00, 9.499646e-04, 9.499646e-04
2.242188e+00, 9.430323e-04, 9.430323e-04
2.257813e+00, 9.356935e-04, 9.356935e-04
2.273438e+00, 9.279587e-04, 9.279587e-04
2.289063e+00, 9.198385e-04, 9.198385e-04
2.304688e+00, 9.113443e-04, 9.113443e-04
2.320313e+00, 9.024878e-04, 9.024878e-04
2.335938e+00, 8.932811e-04, 8.932811e-04
2.351563e+00, 8.837366e-04, 8.837366e-04
2.367188e+00, 8.738674e-04, 8.738674e-04
2.382813e+00, 8.636865e-04, 8.636865e-04
2.398438e+00, 8.532076e-04, 8.532076e-04
2.414063e+00, 8.424443e-04, 8.424443e-04
2.429688e+00, 8.314107e-04, 8.314107e-04
2.445313e+00, 8.201211e-04, 8.201211e-04
2.460938e+00, 8.085899e-04, 8.085899e-04
2.476563e+00, 7.968317e-04, 7.968317e-04
2.492188e+00, 7.848611e-04, 7.848611e-04
2.507813e+00, 7.726929e-04, 7.726929e-04
2.523438e+00, 7.603421e-04, 7.603421e-04
2.539063e+00, 7.478234e-04, 7.478234e-04
2.554688e+00, 7.351518e-04, 7.351518e-04
2.570313e+00, 7.223422e-04, 7.223422e-04
2.585938e+00, 7.094092e-04, 7.094092e-04
2.601563e+00, 6.963677e-04, 6.963677e-04
2.617188e+00, 6.832323e-04, 6.832323e-04
2.632813e+00, 6.700174e-04, 6.700174e-04
2.648438e+00, 6.567373e-04, 6.567373e-04
2.664063e+00, 6.434062e-04, 6.434062e-04
2.679688e+00, 6.300380e-04, 6.300380e-04
2.695313e+00, 6.166464e-04, 6.166464e-04
2.710938e+00, 6.032448e-04, 6.032448e-04
2.726563e+00, 5.898464e-04, 5.898464e-04
2.742188e+00, 5.764641e-04, 5.764641e-04
2.757813e+00, 5.631103e-04, 5.631103e-04
2.773438e+00, 5.497973e-04, 5.497973e-04
2.789063e+00, 5.365371e-04, 5.365371e-04
2.804688e+00, 5.233410e-04, 5.233410e-04
2.820313e+00, 5.102203e-04, 5.102203e-04
2.835938e+00, 4.971858e-04, 4.971858e-04
2.851563e+00, 4.842477e-04, 4.842477e-04
2.867188e+00, 4.714161e-04, 4.714161e-04
2.882813e+00, 4.587004e-04, 4.587004e-04
2.898438e+00, 4.461099e-04, 4.461099e-04
2.914063e+00, 4.336532e-04, 4.336532e-04
2.929688e+00, 4.213385e-04, 4.213385e-04
2.945313e+00, 4.091736e-04, 4.091736e-04
2.960938e+00, 3.971660e-04, 3.971660e-04
2.976563e+00, 3.853226e-04, 3.853226e-04
2.992188e+00, 3.736499e-04, 3.736499e-04
3.007813e+00, 3.621539e-04, 3.621539e-04
3.023438e+00, 3.508402e-04, 3.508402e-04
3.039063e+00, 3.397141e-04, 3.397141e-04
3.054688e+00, 3.287802e-04, 3.287802e-04
3.070313e+00, 3.180429e-04, 3.180429e-04
3.085938e+00, 3.075061e-04, 3.075061e-04
3.101563e+00, 2.971733e-04, 2.971733e-04
3.117188e+00, 2.870474e-04, 2.870474e-04
3.132813e+00, 2.771312e-04, 2.771312e-04
3.148438e+00, 2.674270e-04, 2.674270e-04
3.164063e+00, 2.579366e-04, 2.579366e-04
3.179688e+00, 2.486615e-04, 2.486615e-04
3.195313e+00, 2.396030e-04, 2.396030e-04
3.210938e+00, 2.307617e-04, 2.307617e-04
3.226563e+00, 2.221382e-04, 2.221382e-04
3.242188e+00, 2.137326e-04, 2.137326e-04
3.257813e+00, 2.055446e-04, 2.055446e-04
3.273438e+00, 1.975738e-04, 1.975738e-04
3.289063e+00, 1.898194e-04, 1.898194e-04
3.304688e+00, 1.822803e-04, 1.822803e-04
3.320313e+00, 1.749552e-04, 1.749552e-04
3.335938e+00, 1.678425e-04, 1.678425e-04
3.351563e+00, 1.609404e-04, 1.609404e-04
3.367188e+00, 1.542468e-04, 1.542468e-04
3.382813e+00, 1.477593e-04, 1.477593e-04
3.398438e+00, 1.414757e-04, 1.414757e-04
3.414063e+00, 1.353931e-04, 1.353931e-04
3.429688e+00, 1.295088e-04, 1.295088e-04
3.445313e+00, 1.238198e-04, 1.238198e-04
3.460938e+00, 1.183228e-04, 1.183228e-04
3.476563e+00, 1.130148e-04, 1.130148e-04
3.492188e+00, 1.078921e-04, 1.078921e-04
3.507813e+00, 1.029514e-04, 1.029514e-04
3.523438e+00, 9.818893e-05, 9.818893e-05
3.539063e+00, 9.360108e-05, 9.360108e-05
3.554688e+00, 8.918404e-05, 8.918404e-05
3.570313e+00, 8.493395e-05, 8.493395e-05
3.585938e+00, 8.084692e-05, 8.084692e-05
3.601563e+00, 7.691899e-05, 7.691899e-05
3.617188e+00, 7.314618e-05, 7.314618e-05
3.632813e+00, 6.952446e-05, 6.952446e-05
3.648438e+00, 6.604981e-05, 6.604981e-05
3.664063e+00, 6.271817e-05, 6.271817e-05
3.679688e+00, 5.952552e-05, 5.952552e-05
3.695313e+00, 5.646781e-05, 5.646781e-05
3.710938e+00, 5.354102e-05, 5.354102e-05
3.726563e+00, 5.074115e-05, 5.074115e-05
3.742188e+00, 4.806422e-05, 4.806422e-05
3.757813e+00, 4.550629e-05, 4.550629e-05
3.773438e+00, 4.306345e-05, 4.306345e-05
3.789063e+00, 4.073186e-05, 4.073186e-05
3.804688e+00, 3.850770e-05, 3.850770e-05
3.820313e+00, 3.638722e-05, 3.638722e-05
3.835938e+00, 3.436672e-05, 3.436672e-05
3.851563e+00, 3.244257e-05, 3.244257e-05
3.867188e+00, 3.061121e-05, 3.061121e-05
3.882813e+00, 2.886912e-05, 2.886912e-05
3.898438e+00, 2.721288e-05, 2.721288e-05
3.914063e+00, 2.563914e-05, 2.563914e-05
3.929688e+00, 2.414462e-05, 2.414462e-05
3.945313e+00, 2.272611e-05, 2.272611e-05
3.960938e+00, 2.138050e-05, 2.138050e-05
3.976563e+00, 2.010475e-05, 2.010475e-05
3.992188e+00, 1.889589e-05, 1.889589e-05
4.007813e+00, 1.775104e-05, 1.775104e-05
4.023438e+00, 1.666742e-05, 1.666742e-05
4.039063e+00, 1.564231e-05, 1.564231e-05
4.054688e+00, 1.467308e-05, 1.467308e-05
4.070313e+00, 1.375719e-05, 1.375719e-05
4.085938e+00, 1.289217e-05, 1.289217e-05
4.101563e+00, 1.207564e-05, 1.207564e-05
4.117188e+00, 1.130531e-05, 1.130531e-05
4.132813e+00, 1.057895e-05, 1.057895e-05
4.148438e+00, 9.894426e-06, 9.894426e-06
4.164063e+00, 9.249678e-06, 9.249678e-06
4.179688e+00, 8.642723e-06, 8.642723e-06
4.195313e+00, 8.071653e-06, 8.071653e-06
4.210938e+00, 7.534637e-06, 7.534637e-06
4.226563e+00, 7.029916e-06, 7.029916e-06
4.242188e+00, 6.555802e-06, 6.555802e-06
4.257813e+00, 6.110680e-06, 6.110680e-06
4.273438e+00, 5.692999e-06, 5.692999e-06
4.289063e+00, 5.301279e-06, 5.301279e-06
4.304688e+00, 4.934103e-06, 4.934103e-06
4.320313e+00, 4.590115e-06, 4.590115e-06
4.335938e+00, 4.268025e-06, 4.268025e-06
4.351563e+00, 3.966599e-06, 3.966599e-06
4.367188e+00, 3.684661e-06, 3.684661e-06
4.382813e+00, 3.421092e-06, 3.421092e-06
4.398438e+00, 3.174826e-06, 3.174826e-06
4.414063e+00, 2.944849e-06, 2.944849e-06
4.429688e+00, 2.730197e-06, 2.730197e-06
4.445313e+00, 2.529956e-06, 2.529956e-06
4.460938e+00, 2.343257e-06, 2.343257e-06
4.476563e+00, 2.169276e-06, 2.169276e-06
4.492188e+00, 2.007232e-06, 2.007232e-06
4.507813e+00, 1.856386e-06, 1.856386e-06
4.523438e+00, 1.716039e-06, 1.716039e-06
4.539063e+00, 1.585527e-06, 1.585527e-06
4.554688e+00, 1.464226e-06, 1.464226e-06
4.570313e+00, 1.351546e-06, 1.351546e-06
4.585938e+00, 1.246927e-06, 1.246927e-06
4.601563e+00, 1.149846e-06, 1.149846e-06
4.617188e+00, 1.059805e-06, 1.059805e-06
4.632813e+00, 9.763381e-07, 9.763381e-07
4.648438e+00, 8.990057e-07, 8.990057e-07
4.664063e+00, 8.273945e-07, 8.273945e-07
4.679688e+00, 7.611158e-07, 7.611158e-07
4.695313e+00, 6.998046e-07, 6.998046e-07
4.710938e+00, 6.431181e-07, 6.431181e-07
4.726563e+00, 5.907350e-07, 5.907350e-07
4.742188e+00, 5.423536e-07, 5.423536e-07
4.757813e+00, 4.976917e-07, 4.976917e-07
4.773438e+00, 4.564846e-07, 4.564846e-07
4.789063e+00, 4.184850e-07, 4.184850e-07
4.804688e+00, 3.834613e-07, 3.834613e-07
4.820313e+00, 3.511972e-07, 3.511972e-07
4.835938e+00, 3.214908e-07, 3.214908e-07
4.851563e+00, 2.941535e-07, 2.941535e-07
4.867188e+00, 2.690094e-07, 2.690094e-07
4.882813e+00, 2.458945e-07, 2.458945e-07
4.898438e+00, 2.246561e-07, 2.246561e-07
4.914063e+00, 2.051518e-07, 2.051518e-07
4.929688e+00, 1.872495e-07, 1.872495e-07
4.945313e+00, 1.708259e-07, 1.708259e-07
4.960938e+00, 1.557667e-07, 1.557667e-07
4.976563e+00, 1.419658e-07, 1.419658e-07
4.992188e+00, 1.293245e-07, 1.293245e-07
5.000000e+00, 1.234098e-07, 1.234098e-07


#At time: 2.500488e+01, nsteps= 205


-1.000000e+00, 1.159127e-07, 2.630987e-07
-9.921875e-01, 1.359904e-07, 2.745469e-07
-9.765625e-01, 1.763233e-07, 2.988599e-07
-9.609375e-01, 2.170767e-07, 3.251817e-07
-9.453125e-01, 2.585147e-07, 3.536646e-07
-9.296875e-01, 3.009380e-07, 3.844718e-07
-9.140625e-01, 3.446178e-07, 4.177770e-07
-8.984375e-01, 3.898629e-07, 4.537658e-07
-8.828125e-01, 4.369555e-07, 4.926361e-07
-8.671875e-01, 4.862155e-07, 5.345988e-07
-8.515625e-01, 5.379401e-07, 5.798784e-07
-8.359375e-01, 5.924639e-07, 6.287139e-07
-8.203125e-01, 6.501031e-07, 6.813597e-07
-8.046875e-01, 7.112109e-07, 7.380862e-07
-7.890625e-01, 7.761269e-07, 7.991806e-07
-7.734375e-01, 8.452267e-07, 8.649479e-07
-7.578125e-01, 9.188779e-07, 9.357121e-07
-7.421875e-01, 9.974836e-07, 1.011816e-06
-7.265625e-01, 1.081444e-06, 1.093625e-06
-7.109375e-01, 1.171193e-06, 1.181524e-06
-6.953125e-01, 1.267170e-06, 1.275920e-06
-6.796875e-01, 1.369847e-06, 1.377248e-06
-6.640625e-01, 1.479704e-06, 1.485962e-06
-6.484375e-01, 1.597257e-06, 1.602546e-06
-6.328125e-01, 1.723034e-06, 1.727510e-06
-6.171875e-01, 1.857599e-06, 1.861392e-06
-6.015625e-01, 2.001534e-06, 2.004760e-06
-5.859375e-01, 2.155458e-06, 2.158212e-06
-5.703125e-01, 2.320013e-06, 2.322379e-06
-5.546875e-01, 2.495878e-06, 2.497924e-06
-5.390625e-01, 2.683759e-06, 2.685546e-06
-5.234375e-01, 2.884402e-06, 2.885980e-06
-5.078125e-01, 3.098585e-06, 3.099996e-06
-4.921875e-01, 3.327128e-06, 3.328406e-06
-4.765625e-01, 3.570884e-06, 3.572058e-06
-4.609375e-01, 3.830752e-06, 3.831846e-06
-4.453125e-01, 4.107670e-06, 4.108704e-06
-4.296875e-01, 4.402621e-06, 4.403609e-06
-4.140625e-01, 4.716630e-06, 4.717588e-06
-3.984375e-01, 5.050774e-06, 5.051710e-06
-3.828125e-01, 5.406172e-06, 5.407096e-06
-3.671875e-01, 5.783997e-06, 5.784914e-06
-3.515625e-01, 6.185470e-06, 6.186386e-06
-3.359375e-01, 6.611865e-06, 6.612784e-06
-3.203125e-01, 7.064510e-06, 7.065435e-06
-3.046875e-01, 7.544788e-06, 7.545719e-06
-2.890625e-01, 8.054136e-06, 8.055076e-06
-2.734375e-01, 8.594050e-06, 8.594999e-06
-2.578125e-01, 9.166084e-06, 9.167043e-06
-2.421875e-01, 9.771852e-06, 9.772821e-06
-2.265625e-01, 1.041303e-05, 1.041401e-05
-2.109375e-01, 1.109135e-05, 1.109233e-05
-1.953125e-01, 1.180861e-05, 1.180960e-05
-1.796875e-01, 1.256667e-05, 1.256767e-05
-1.640625e-01, 1.336747e-05, 1.336847e-05
-1.484375e-01, 1.421297e-05, 1.421398e-05
-1.328125e-01, 1.510525e-05, 1.510626e-05
-1.171875e-01, 1.604642e-05, 1.604742e-05
-1.015625e-01, 1.703866e-05, 1.703966e-05
-8.593750e-02, 1.808423e-05, 1.808522e-05
-7.031250e-02, 1.918544e-05, 1.918642e-05
-5.468750e-02, 2.034467e-05, 2.034564e-05
-3.906250e-02, 2.156437e-05, 2.156532e-05
-2.343750e-02, 2.284704e-05, 2.284797e-05
-7.812500e-03, 2.419526e-05, 2.419617e-05
7.812500e-03, 2.561167e-05, 2.561255e-05
2.343750e-02, 2.709896e-05, 2.709982e-05
3.906250e-02, 2.865990e-05, 2.866072e-05
5.468750e-02, 3.029729e-05, 3.029807e-05
7.031250e-02, 3.201400e-05, 3.201475e-05
8.593750e-02, 3.381298e-05, 3.381368e-05
1.015625e-01, 3.569720e-05, 3.569784e-05
1.171875e-01, 3.766968e-05, 3.767027e-05
1.328125e-01, 3.973351e-05, 3.973405e-05
1.484375e-01, 4.189181e-05, 4.189229e-05
1.640625e-01, 4.414775e-05, 4.414815e-05
1.796875e-01, 4.650451e-05, 4.650485e-05
1.953125e-01, 4.896535e-05, 4.896561e-05
2.109375e-01, 5.153352e-05, 5.153370e-05
2.265625e-01, 5.421231e-05, 5.421240e-05
2.421875e-01, 5.700503e-05, 5.700504e-05
2.578125e-01, 5.991502e-05, 5.991493e-05
2.734375e-01, 6.294560e-05, 6.294541e-05
2.890625e-01, 6.610013e-05, 6.609983e-05
3.046875e-01, 6.938193e-05, 6.938152e-05
3.203125e-01, 7.279434e-05, 7.279382e-05
3.359375e-01, 7.634069e-05, 7.634005e-05
3.515625e-01, 8.002427e-05, 8.002351e-05
3.671875e-01, 8.384836e-05, 8.384748e-05
3.828125e-01, 8.781619e-05, 8.781518e-05
3.984375e-01, 9.193097e-05, 9.192982e-05
4.140625e-01, 9.619584e-05, 9.619455e-05
4.296875e-01, 1.006139e-04, 1.006125e-04
4.453125e-01, 1.051881e-04, 1.051866e-04
4.609375e-01, 1.099215e-04, 1.099198e-04
4.765625e-01, 1.148169e-04, 1.148151e-04
4.921875e-01, 1.198771e-04, 1.198751e-04
5.078125e-01, 1.251048e-04, 1.251026e-04
5.234375e-01, 1.305025e-04, 1.305002e-04
5.390625e-01, 1.360727e-04, 1.360702e-04
5.546875e-01, 1.418176e-04, 1.418149e-04
5.703125e-01, 1.477395e-04, 1.477366e-04
5.859375e-01, 1.538403e-04, 1.538373e-04
6.015625e-01, 1.601220e-04, 1.601189e-04
6.171875e-01, 1.665862e-04, 1.665829e-04
6.328125e-01, 1.732345e-04, 1.732310e-04
6.484375e-01, 1.800681e-04, 1.800645e-04
6.640625e-01, 1.870882e-04, 1.870844e-04
6.796875e-01, 1.942957e-04, 1.942918e-04
6.953125e-01, 2.016914e-04, 2.016873e-04
7.109375e-01, 2.092756e-04, 2.092714e-04
7.265625e-01, 2.170487e-04, 2.170443e-04
7.421875e-01, 2.250105e-04, 2.250060e-04
7.578125e-01, 2.331609e-04, 2.331563e-04
7.734375e-01, 2.414993e-04, 2.414945e-04
7.890625e-01, 2.500248e-04, 2.500200e-04
8.046875e-01, 2.587365e-04, 2.587315e-04
8.203125e-01, 2.676329e-04, 2.676278e-04
8.359375e-01, 2.767123e-04, 2.767071e-04
8.515625e-01, 2.859727e-04, 2.859674e-04
8.671875e-01, 2.954119e-04, 2.954065e-04
8.828125e-01, 3.050272e-04, 3.050218e-04
8.984375e-01, 3.148157e-04, 3.148102e-04
9.140625e-01, 3.247742e-04, 3.247686e-04
9.296875e-01, 3.348989e-04, 3.348933e-04
9.453125e-01, 3.451860e-04, 3.451804e-04
9.609375e-01, 3.556312e-04, 3.556256e-04
9.765625e-01, 3.662299e-04, 3.662242e-04
9.921875e-01, 3.769770e-04, 3.769714e-04
1.007813e+00, 3.878674e-04, 3.878617e-04
1.023438e+00, 3.988952e-04, 3.988896e-04
1.039063e+00, 4.100545e-04, 4.100489e-04
1.054688e+00, 4.213389e-04, 4.213334e-04
1.070313e+00, 4.327417e-04, 4.327363e-04
1.085938e+00, 4.442559e-04, 4.442506e-04
1.101563e+00, 4.558740e-04, 4.558688e-04
1.117188e+00, 4.675884e-04, 4.675833e-04
1.132813e+00, 4.793909e-04, 4.793860e-04
1.148438e+00, 4.912733e-04, 4.912685e-04
1.164063e+00, 5.032267e-04, 5.032220e-04
1.179688e+00, 5.152422e-04, 5.152377e-04
1.195313e+00, 5.273105e-04, 5.273062e-04
1.210938e+00, 5.394219e-04, 5.394179e-04
1.226563e+00, 5.515667e-04, 5.515628e-04
1.242188e+00, 5.637346e-04, 5.637310e-04
1.257813e+00, 5.759152e-04, 5.759119e-04
1.273438e+00, 5.880979e-04, 5.880948e-04
1.289063e+00, 6.002718e-04, 6.002690e-04
1.304688e+00, 6.124259e-04, 6.124233e-04
1.320313e+00, 6.245487e-04, 6.245464e-04
1.335938e+00, 6.366288e-04, 6.366269e-04
1.351563e+00, 6.486546e-04, 6.486530e-04
1.367188e+00, 6.606143e-04, 6.606130e-04
1.382813e+00, 6.724959e-04, 6.724949e-04
1.398438e+00, 6.842874e-04, 6.842868e-04
1.414063e+00, 6.959766e-04, 6.959764e-04
1.429688e+00, 7.075514e-04, 7.075516e-04
1.445313e+00, 7.189995e-04, 7.190000e-04
1.460938e+00, 7.303086e-04, 7.303095e-04
1.476563e+00, 7.414663e-04, 7.414676e-04
1.492188e+00, 7.524605e-04, 7.524621e-04
1.507813e+00, 7.632788e-04, 7.632808e-04
1.523438e+00, 7.739090e-04, 7.739114e-04
1.539063e+00, 7.843391e-04, 7.843419e-04
1.554688e+00, 7.945570e-04, 7.945601e-04
1.570313e+00, 8.045508e-04, 8.045543e-04
1.585938e+00, 8.143087e-04, 8.143126e-04
1.601563e+00, 8.238193e-04, 8.238236e-04
1.617188e+00, 8.330711e-04, 8.330757e-04
1.632813e+00, 8.420529e-04, 8.420579e-04
1.648438e+00, 8.507538e-04, 8.507592e-04
1.664063e+00, 8.591633e-04, 8.591690e-04
1.679688e+00, 8.672708e-04, 8.672769e-04
1.695313e+00, 8.750663e-04, 8.750727e-04
1.710938e+00, 8.825401e-04, 8.825468e-04
1.726563e+00, 8.896827e-04, 8.896897e-04
1.742188e+00, 8.964851e-04, 8.964924e-04
1.757813e+00, 9.029386e-04, 9.029462e-04
1.773438e+00, 9.090351e-04, 9.090429e-04
1.789063e+00, 9.147665e-04, 9.147746e-04
1.804688e+00, 9.201256e-04, 9.201339e-04
1.820313e+00, 9.251054e-04, 9.251139e-04
1.835938e+00, 9.296993e-04, 9.297081e-04
1.851563e+00, 9.339015e-04, 9.339104e-04
1.867188e+00, 9.377063e-04, 9.377154e-04
1.882813e+00, 9.411089e-04, 9.411181e-04
1.898438e+00, 9.441046e-04, 9.441139e-04
1.914063e+00, 9.466896e-04, 9.466990e-04
1.929688e+00, 9.488603e-04, 9.488699e-04
1.945313e+00, 9.506140e-04, 9.506236e-04
1.960938e+00, 9.519484e-04, 9.519580e-04
1.976563e+00, 9.528615e-04, 9.528712e-04
1.992188e+00, 9.533523e-04, 9.533619e-04
2.007813e+00, 9.534201e-04, 9.534297e-04
2.023438e+00, 9.530647e-04, 9.530743e-04
2.039063e+00, 9.522867e-04, 9.522962e-04
2.054688e+00, 9.510870e-04, 9.510964e-04
2.070313e+00, 9.494674e-04, 9.494767e-04
2.085938e+00, 9.474299e-04, 9.474390e-04
2.101563e+00, 9.449772e-04, 9.449862e-04
2.117188e+00, 9.421126e-04, 9.421214e-04
2.132813e+00, 9.388399e-04, 9.388485e-04
2.148438e+00, 9.351633e-04, 9.351717e-04
2.164063e+00, 9.310878e-04, 9.310960e-04
2.179688e+00, 9.266187e-04, 9.266266e-04
2.195313e+00, 9.217617e-04, 9.217694e-04
2.210938e+00, 9.165234e-04, 9.165308e-04
2.226563e+00, 9.109104e-04, 9.109175e-04
2.242188e+00, 9.049300e-04, 9.049368e-04
2.257813e+00, 8.985899e-04, 8.985964e-04
2.273438e+00, 8.918983e-04, 8.919044e-04
2.289063e+00, 8.848636e-04, 8.848694e-04
2.304688e+00, 8.774949e-04, 8.775003e-04
2.320313e+00, 8.698013e-04, 8.698064e-04
2.335938e+00, 8.617926e-04, 8.617974e-04
2.351563e+00, 8.534787e-04, 8.534831e-04
2.367188e+00, 8.448700e-04, 8.448740e-04
2.382813e+00, 8.359769e-04, 8.359805e-04
2.398438e+00, 8.268103e-04, 8.268135e-04
2.414063e+00, 8.173814e-04, 8.173842e-04
2.429688e+00, 8.077014e-04, 8.077038e-04
2.445313e+00, 7.977818e-04, 7.977838e-04
2.460938e+00, 7.876344e-04, 7.876360e-04
2.476563e+00, 7.772710e-04, 7.772722e-04
2.492188e+00, 7.667035e-04, 7.667043e-04
2.507813e+00, 7.559441e-04, 7.559445e-04
2.523438e+00, 7.450049e-04, 7.450049e-04
2.539063e+00, 7.338981e-04, 7.338978e-04
2.554688e+00, 7.226362e-04, 7.226354e-04
2.570313e+00, 7.112312e-04, 7.112302e-04
2.585938e+00, 6.996956e-04, 6.996942e-04
2.601563e+00, 6.880417e-04, 6.880399e-04
2.617188e+00, 6.762816e-04, 6.762795e-04
2.632813e+00, 6.644275e-04, 6.644250e-04
2.648438e+00, 6.524915e-04, 6.524887e-04
2.664063e+00, 6.404856e-04, 6.404825e-04
2.679688e+00, 6.284215e-04, 6.284181e-04
2.695313e+00, 6.163111e-04, 6.163074e-04
2.710938e+00, 6.041658e-04, 6.041619e-04
2.726563e+00, 5.919970e-04, 5.919928e-04
2.742188e+00, 5.798159e-04, 5.798115e-04
2.757813e+00, 5.676334e-04, 5.676287e-04
2.773438e+00, 5.554603e-04, 5.554554e-04
2.789063e+00, 5.433070e-04, 5.433019e-04
2.804688e+00, 5.311837e-04, 5.311785e-04
2.820313e+00, 5.191005e-04, 5.190951e-04
2.835938e+00, 5.070671e-04, 5.070615e-04
2.851563e+00, 4.950928e-04, 4.950870e-04
2.867188e+00, 4.831867e-04, 4.831808e-04
2.882813e+00, 4.713576e-04, 4.713517e-04
2.898438e+00, 4.596141e-04, 4.596081e-04
2.914063e+00, 4.479643e-04, 4.479582e-04
2.929688e+00, 4.364160e-04, 4.364098e-04
2.945313e+00, 4.249767e-04, 4.249705e-04
2.960938e+00, 4.136536e-04, 4.136474e-04
2.976563e+00, 4.024535e-04, 4.024473e-04
2.992188e+00, 3.913829e-04, 3.913767e-04
3.007813e+00, 3.804479e-04, 3.804417e-04
3.023438e+00, 3.696543e-04, 3.696481e-04
3.039063e+00, 3.590075e-04, 3.590013e-04
3.054688e+00, 3.485126e-04, 3.485065e-04
3.070313e+00, 3.381744e-04, 3.381683e-04
3.085938e+00, 3.279972e-04, 3.279912e-04
3.101563e+00, 3.179851e-04, 3.179792e-04
3.117188e+00, 3.081418e-04, 3.081360e-04
3.132813e+00, 2.984707e-04, 2.984650e-04
3.148438e+00, 2.889748e-04, 2.889692e-04
3.164063e+00, 2.796568e-04, 2.796514e-04
3.179688e+00, 2.705192e-04, 2.705139e-04
3.195313e+00, 2.615641e-04, 2.615588e-04
3.210938e+00, 2.527931e-04, 2.527880e-04
3.226563e+00, 2.442078e-04, 2.442029e-04
3.242188e+00, 2.358094e-04, 2.358046e-04
3.257813e+00, 2.275987e-04, 2.275941e-04
3.273438e+00, 2.195764e-04, 2.195720e-04
3.289063e+00, 2.117429e-04, 2.117387e-04
3.304688e+00, 2.040982e-04, 2.040941e-04
3.320313e+00, 1.966422e-04, 1.966383e-04
3.335938e+00, 1.893745e-04, 1.893708e-04
3.351563e+00, 1.822945e-04, 1.822909e-04
3.367188e+00, 1.754013e-04, 1.753979e-04
3.382813e+00, 1.686938e-04, 1.686906e-04
3.398438e+00, 1.621708e-04, 1.621678e-04
3.414063e+00, 1.558309e-04, 1.558281e-04
3.429688e+00, 1.496723e-04, 1.496697e-04
3.445313e+00, 1.436934e-04, 1.436909e-04
3.460938e+00, 1.378920e-04, 1.378897e-04
3.476563e+00, 1.322662e-04, 1.322640e-04
3.492188e+00, 1.268135e-04, 1.268116e-04
3.507813e+00, 1.215317e-04, 1.215299e-04
3.523438e+00, 1.164182e-04, 1.164165e-04
3.539063e+00, 1.114703e-04, 1.114688e-04
3.554688e+00, 1.066853e-04, 1.066840e-04
3.570313e+00, 1.020605e-04, 1.020593e-04
3.585938e+00, 9.759275e-05, 9.759174e-05
3.601563e+00, 9.327918e-05, 9.327832e-05
3.617188e+00, 8.911670e-05, 8.911598e-05
3.632813e+00, 8.510218e-05, 8.510159e-05
3.648438e+00, 8.123243e-05, 8.123198e-05
3.664063e+00, 7.750423e-05, 7.750390e-05
3.679688e+00, 7.391431e-05, 7.391411e-05
3.695313e+00, 7.045939e-05, 7.045930e-05
3.710938e+00, 6.713614e-05, 6.713617e-05
3.726563e+00, 6.394125e-05, 6.394138e-05
3.742188e+00, 6.087136e-05, 6.087159e-05
3.757813e+00, 5.792314e-05, 5.792347e-05
3.773438e+00, 5.509324e-05, 5.509366e-05
3.789063e+00, 5.237835e-05, 5.237885e-05
3.804688e+00, 4.977514e-05, 4.977572e-05
3.820313e+00, 4.728031e-05, 4.728097e-05
3.835938e+00, 4.489059e-05, 4.489132e-05
3.851563e+00, 4.260274e-05, 4.260353e-05
3.867188e+00, 4.041354e-05, 4.041439e-05
3.882813e+00, 3.831982e-05, 3.832072e-05
3.898438e+00, 3.631844e-05, 3.631939e-05
3.914063e+00, 3.440631e-05, 3.440731e-05
3.929688e+00, 3.258038e-05, 3.258142e-05
3.945313e+00, 3.083766e-05, 3.083874e-05
3.960938e+00, 2.917520e-05, 2.917631e-05
3.976563e+00, 2.759011e-05, 2.759125e-05
3.992188e+00, 2.607956e-05, 2.608073e-05
4.007813e+00, 2.464077e-05, 2.464196e-05
4.023438e+00, 2.327102e-05, 2.327222e-05
4.039063e+00, 2.196766e-05, 2.196887e-05
4.054688e+00, 2.072809e-05, 2.072931e-05
4.070313e+00, 1.954978e-05, 1.955101e-05
4.085938e+00, 1.843027e-05, 1.843151e-05
4.101563e+00, 1.736715e-05, 1.736839e-05
4.117188e+00, 1.635810e-05, 1.635934e-05
4.132813e+00, 1.540083e-05, 1.540206e-05
4.148438e+00, 1.449314e-05, 1.449437e-05
4.164063e+00, 1.363290e-05, 1.363412e-05
4.179688e+00, 1.281802e-05, 1.281923e-05
4.195313e+00, 1.204650e-05, 1.204770e-05
4.210938e+00, 1.131639e-05, 1.131758e-05
4.226563e+00, 1.062582e-05, 1.062699e-05
4.242188e+00, 9.972950e-06, 9.974106e-06
4.257813e+00, 9.356041e-06, 9.357181e-06
4.273438e+00, 8.773394e-06, 8.774518e-06
4.289063e+00, 8.223378e-06, 8.224486e-06
4.304688e+00, 7.704418e-06, 7.705512e-06
4.320313e+00, 7.215002e-06, 7.216081e-06
4.335938e+00, 6.753671e-06, 6.754739e-06
4.351563e+00, 6.319027e-06, 6.320086e-06
4.367188e+00, 5.909724e-06, 5.910777e-06
4.382813e+00, 5.524470e-06, 5.525523e-06
4.398438e+00, 5.162028e-06, 5.163087e-06
4.414063e+00, 4.821211e-06, 4.822283e-06
4.429688e+00, 4.500880e-06, 4.501977e-06
4.445313e+00, 4.199946e-06, 4.201080e-06
4.460938e+00, 3.917368e-06, 3.918555e-06
4.476563e+00, 3.652149e-06, 3.653407e-06
4.492188e+00, 3.403336e-06, 3.404689e-06
4.507813e+00, 3.170019e-06, 3.171495e-06
4.523438e+00, 2.951329e-06, 2.952962e-06
4.539063e+00, 2.746435e-06, 2.748267e-06
4.554688e+00, 2.554547e-06, 2.556626e-06
4.570313e+00, 2.374907e-06, 2.377293e-06
4.585938e+00, 2.206797e-06, 2.209559e-06
4.601563e+00, 2.049528e-06, 2.052747e-06
4.617188e+00, 1.902446e-06, 1.906218e-06
4.632813e+00, 1.764923e-06, 1.769364e-06
4.648438e+00, 1.636367e-06, 1.641605e-06
4.664063e+00, 1.516204e-06, 1.522396e-06
4.679688e+00, 1.403896e-06, 1.411217e-06
4.695313e+00, 1.298919e-06, 1.307576e-06
4.710938e+00, 1.200784e-06, 1.211009e-06
4.726563e+00, 1.109008e-06, 1.121076e-06
4.742188e+00, 1.023146e-06, 1.037362e-06
4.757813e+00, 9.427526e-07, 9.594722e-07
4.773438e+00, 8.674209e-07, 8.870372e-07
4.789063e+00, 7.967375e-07, 8.197066e-07
4.804688e+00, 7.303273e-07, 7.571507e-07
4.820313e+00, 6.678038e-07, 6.990583e-07
4.835938e+00, 6.088194e-07, 6.451367e-07
4.851563e+00, 5.530095e-07, 5.951100e-07
4.867188e+00, 5.000490e-07, 5.487190e-07
4.882813e+00, 4.495907e-07, 5.057199e-07
4.898438e+00, 4.013275e-07, 4.658834e-07
4.914063e+00, 3.549250e-07, 4.289944e-07
4.929688e+00, 3.100896e-07, 3.948511e-07
4.945313e+00, 2.664961e-07, 3.632638e-07
4.960938e+00, 2.238598e-07, 3.340552e-07
4.976563e+00, 1.818607e-07, 3.070588e-07
4.992188e+00, 1.402189e-07, 2.821189e-07
5.000000e+00, 1.194435e-07, 2.703741e-07


#At time: 5.000976e+01, nsteps= 410


-1.000000e+00, 1.093225e-07, 4.925286e-07
-9.921875e-01, 1.459845e-07, 5.121554e-07
-9.765625e-01, 2.195860e-07, 5.536174e-07
-9.609375e-01, 2.938004e-07, 5.981926e-07
-9.453125e-01, 3.690150e-07, 6.460939e-07
-9.296875e-01, 4.456036e-07, 6.975470e-07
-9.140625e-01, 5.239621e-07, 7.527914e-07
-8.984375e-01, 6.044753e-07, 8.120805e-07
-8.828125e-01, 6.875517e-07, 8.756829e-07
-8.671875e-01, 7.735913e-07, 9.438824e-07
-8.515625e-01, 8.630199e-07, 1.016980e-06
-8.359375e-01, 9.562568e-07, 1.095292e-06
-8.203125e-01, 1.053749e-06, 1.179155e-06
-8.046875e-01, 1.155940e-06, 1.268922e-06
-7.890625e-01, 1.263303e-06, 1.364968e-06
-7.734375e-01, 1.376310e-06, 1.467686e-06
-7.578125e-01, 1.495464e-06, 1.577492e-06
-7.421875e-01, 1.621270e-06, 1.694824e-06
-7.265625e-01, 1.754265e-06, 1.820142e-06
-7.109375e-01, 1.894995e-06, 1.953931e-06
-6.953125e-01, 2.044035e-06, 2.096701e-06
-6.796875e-01, 2.201972e-06, 2.248987e-06
-6.640625e-01, 2.369428e-06, 2.411353e-06
-6.484375e-01, 2.547037e-06, 2.584389e-06
-6.328125e-01, 2.735470e-06, 2.768716e-06
-6.171875e-01, 2.935413e-06, 2.964982e-06
-6.015625e-01, 3.147591e-06, 3.173869e-06
-5.859375e-01, 3.372750e-06, 3.396091e-06
-5.703125e-01, 3.611673e-06, 3.632393e-06
-5.546875e-01, 3.865167e-06, 3.883557e-06
-5.390625e-01, 4.134080e-06, 4.150399e-06
-5.234375e-01, 4.419287e-06, 4.433772e-06
-5.078125e-01, 4.721706e-06, 4.734564e-06
-4.921875e-01, 5.042283e-06, 5.053707e-06
-4.765625e-01, 5.382009e-06, 5.392167e-06
-4.609375e-01, 5.741910e-06, 5.750955e-06
-4.453125e-01, 6.123054e-06, 6.131121e-06
-4.296875e-01, 6.526548e-06, 6.533758e-06
-4.140625e-01, 6.953546e-06, 6.960004e-06
-3.984375e-01, 7.405238e-06, 7.411042e-06
-3.828125e-01, 7.882866e-06, 7.888099e-06
-3.671875e-01, 8.387713e-06, 8.392448e-06
-3.515625e-01, 8.921109e-06, 8.925413e-06
-3.359375e-01, 9.484433e-06, 9.488362e-06
-3.203125e-01, 1.007911e-05, 1.008271e-05
-3.046875e-01, 1.070662e-05, 1.070994e-05
-2.890625e-01, 1.136847e-05, 1.137155e-05
-2.734375e-01, 1.206626e-05, 1.206913e-05
-2.578125e-01, 1.280160e-05, 1.280428e-05
-2.421875e-01, 1.357617e-05, 1.357869e-05
-2.265625e-01, 1.439170e-05, 1.439408e-05
-2.109375e-01, 1.524996e-05, 1.525222e-05
-1.953125e-01, 1.615280e-05, 1.615495e-05
-1.796875e-01, 1.710210e-05, 1.710415e-05
-1.640625e-01, 1.809979e-05, 1.810175e-05
-1.484375e-01, 1.914787e-05, 1.914975e-05
-1.328125e-01, 2.024837e-05, 2.025017e-05
-1.171875e-01, 2.140340e-05, 2.140512e-05
-1.015625e-01, 2.261508e-05, 2.261674e-05
-8.593750e-02, 2.388563e-05, 2.388722e-05
-7.031250e-02, 2.521729e-05, 2.521881e-05
-5.468750e-02, 2.661234e-05, 2.661379e-05
-3.906250e-02, 2.807313e-05, 2.807451e-05
-2.343750e-02, 2.960205e-05, 2.960335e-05
-7.812500e-03, 3.120153e-05, 3.120275e-05
7.812500e-03, 3.287405e-05, 3.287519e-05
2.343750e-02, 3.462212e-05, 3.462317e-05
3.906250e-02, 3.644830e-05, 3.644926e-05
5.468750e-02, 3.835519e-05, 3.835606e-05
7.031250e-02, 4.034542e-05, 4.034618e-05
8.593750e-02, 4.242165e-05, 4.242230e-05
1.015625e-01, 4.458657e-05, 4.458711e-05
1.171875e-01, 4.684290e-05, 4.684332e-05
1.328125e-01, 4.919339e-05, 4.919368e-05
1.484375e-01, 5.164080e-05, 5.164095e-05
1.640625e-01, 5.418790e-05, 5.418792e-05
1.796875e-01, 5.683750e-05, 5.683738e-05
1.953125e-01, 5.959240e-05, 5.959212e-05
2.109375e-01, 6.245540e-05, 6.245496e-05
2.265625e-01, 6.542931e-05, 6.542871e-05
2.421875e-01, 6.851694e-05, 6.851616e-05
2.578125e-01, 7.172108e-05, 7.172012e-05
2.734375e-01, 7.504451e-05, 7.504336e-05
2.890625e-01, 7.848998e-05, 7.848865e-05
3.046875e-01, 8.206025e-05, 8.205871e-05
3.203125e-01, 8.575800e-05, 8.575626e-05
3.359375e-01, 8.958591e-05, 8.958396e-05
3.515625e-01, 9.354661e-05, 9.354445e-05
3.671875e-01, 9.764266e-05, 9.764028e-05
3.828125e-01, 1.018766e-04, 1.018740e-04
3.984375e-01, 1.062509e-04, 1.062480e-04
4.140625e-01, 1.107679e-04, 1.107648e-04
4.296875e-01, 1.154299e-04, 1.154266e-04
4.453125e-01, 1.202392e-04, 1.202357e-04
4.609375e-01, 1.251980e-04, 1.251942e-04
4.765625e-01, 1.303082e-04, 1.303042e-04
4.921875e-01, 1.355718e-04, 1.355675e-04
5.078125e-01, 1.409906e-04, 1.409861e-04
5.234375e-01, 1.465664e-04, 1.465616e-04
5.390625e-01, 1.523006e-04, 1.522956e-04
5.546875e-01, 1.581949e-04, 1.581896e-04
5.703125e-01, 1.642503e-04, 1.642448e-04
5.859375e-01, 1.704682e-04, 1.704625e-04
6.015625e-01, 1.768495e-04, 1.768435e-04
6.171875e-01, 1.833950e-04, 1.833888e-04
6.328125e-01, 1.901054e-04, 1.900990e-04
6.484375e-01, 1.969812e-04, 1.969745e-04
6.640625e-01, 2.040226e-04, 2.040157e-04
6.796875e-01, 2.112298e-04, 2.112226e-04
6.953125e-01, 2.186025e-04, 2.185952e-04
7.109375e-01, 2.261406e-04, 2.261330e-04
7.265625e-01, 2.338434e-04, 2.338356e-04
7.421875e-01, 2.417102e-04, 2.417022e-04
7.578125e-01, 2.497400e-04, 2.497319e-04
7.734375e-01, 2.579315e-04, 2.579233e-04
7.890625e-01, 2.662834e-04, 2.662750e-04
8.046875e-01, 2.747939e-04, 2.747854e-04
8.203125e-01, 2.834610e-04, 2.834523e-04
8.359375e-01, 2.922825e-04, 2.922737e-04
8.515625e-01, 3.012559e-04, 3.012471e-04
8.671875e-01, 3.103785e-04, 3.103696e-04
8.828125e-01, 3.196473e-04, 3.196383e-04
8.984375e-01, 3.290589e-04, 3.290498e-04
9.140625e-01, 3.386098e-04, 3.386007e-04
9.296875e-01, 3.482961e-04, 3.482871e-04
9.453125e-01, 3.581139e-04, 3.581048e-04
9.609375e-01, 3.680585e-04, 3.680495e-04
9.765625e-01, 3.781254e-04, 3.781164e-04
9.921875e-01, 3.883097e-04, 3.883007e-04
1.007813e+00, 3.986060e-04, 3.985971e-04
1.023438e+00, 4.090088e-04, 4.090001e-04
1.039063e+00, 4.195124e-04, 4.195038e-04
1.054688e+00, 4.301107e-04, 4.301022e-04
1.070313e+00, 4.407974e-04, 4.407891e-04
1.085938e+00, 4.515658e-04, 4.515577e-04
1.101563e+00, 4.624090e-04, 4.624011e-04
1.117188e+00, 4.733200e-04, 4.733124e-04
1.132813e+00, 4.842914e-04, 4.842840e-04
1.148438e+00, 4.953155e-04, 4.953084e-04
1.164063e+00, 5.063845e-04, 5.063777e-04
1.179688e+00, 5.174902e-04, 5.174837e-04
1.195313e+00, 5.286244e-04, 5.286182e-04
1.210938e+00, 5.397784e-04, 5.397726e-04
1.226563e+00, 5.509436e-04, 5.509382e-04
1.242188e+00, 5.621109e-04, 5.621059e-04
1.257813e+00, 5.732713e-04, 5.732668e-04
1.273438e+00, 5.844155e-04, 5.844114e-04
1.289063e+00, 5.955339e-04, 5.955303e-04
1.304688e+00, 6.066170e-04, 6.066138e-04
1.320313e+00, 6.176550e-04, 6.176523e-04
1.335938e+00, 6.286380e-04, 6.286358e-04
1.351563e+00, 6.395560e-04, 6.395544e-04
1.367188e+00, 6.503990e-04, 6.503978e-04
1.382813e+00, 6.611567e-04, 6.611561e-04
1.398438e+00, 6.718190e-04, 6.718189e-04
1.414063e+00, 6.823755e-04, 6.823760e-04
1.429688e+00, 6.928159e-04, 6.928170e-04
1.445313e+00, 7.031299e-04, 7.031316e-04
1.460938e+00, 7.133072e-04, 7.133095e-04
1.476563e+00, 7.233375e-04, 7.233403e-04
1.492188e+00, 7.332104e-04, 7.332138e-04
1.507813e+00, 7.429157e-04, 7.429197e-04
1.523438e+00, 7.524433e-04, 7.524479e-04
1.539063e+00, 7.617830e-04, 7.617882e-04
1.554688e+00, 7.709250e-04, 7.709307e-04
1.570313e+00, 7.798593e-04, 7.798656e-04
1.585938e+00, 7.885762e-04, 7.885831e-04
1.601563e+00, 7.970662e-04, 7.970737e-04
1.617188e+00, 8.053199e-04, 8.053279e-04
1.632813e+00, 8.133280e-04, 8.133367e-04
1.648438e+00, 8.210817e-04, 8.210908e-04
1.664063e+00, 8.285721e-04, 8.285818e-04
1.679688e+00, 8.357907e-04, 8.358009e-04
1.695313e+00, 8.427292e-04, 8.427399e-04
1.710938e+00, 8.493797e-04, 8.493909e-04
1.726563e+00, 8.557345e-04, 8.557461e-04
1.742188e+00, 8.617860e-04, 8.617981e-04
1.757813e+00, 8.675274e-04, 8.675398e-04
1.773438e+00, 8.729517e-04, 8.729646e-04
1.789063e+00, 8.780527e-04, 8.780659e-04
1.804688e+00, 8.828242e-04, 8.828377e-04
1.820313e+00, 8.872605e-04, 8.872744e-04
1.835938e+00, 8.913564e-04, 8.913706e-04
1.851563e+00, 8.951070e-04, 8.951214e-04
1.867188e+00, 8.985077e-04, 8.985224e-04
1.882813e+00, 9.015545e-04, 9.015693e-04
1.898438e+00, 9.042435e-04, 9.042586e-04
1.914063e+00, 9.065717e-04, 9.065870e-04
1.929688e+00, 9.085362e-04, 9.085515e-04
1.945313e+00, 9.101346e-04, 9.101500e-04
1.960938e+00, 9.113649e-04, 9.113803e-04
1.976563e+00, 9.122256e-04, 9.122411e-04
1.992188e+00, 9.127157e-04, 9.127312e-04
2.007813e+00, 9.128346e-04, 9.128501e-04
2.023438e+00, 9.125822e-04, 9.125976e-04
2.039063e+00, 9.119587e-04, 9.119740e-04
2.054688e+00, 9.109649e-04, 9.109801e-04
2.070313e+00, 9.096021e-04, 9.096171e-04
2.085938e+00, 9.078718e-04, 9.078866e-04
2.101563e+00, 9.057762e-04, 9.057908e-04
2.117188e+00, 9.033179e-04, 9.033322e-04
2.132813e+00, 9.004998e-04, 9.005138e-04
2.148438e+00, 8.973253e-04, 8.973390e-04
2.164063e+00, 8.937983e-04, 8.938117e-04
2.179688e+00, 8.899230e-04, 8.899360e-04
2.195313e+00, 8.857041e-04, 8.857167e-04
2.210938e+00, 8.811465e-04, 8.811588e-04
2.226563e+00, 8.762559e-04, 8.762677e-04
2.242188e+00, 8.710379e-04, 8.710493e-04
2.257813e+00, 8.654988e-04, 8.655097e-04
2.273438e+00, 8.596451e-04, 8.596555e-04
2.289063e+00, 8.534837e-04, 8.534935e-04
2.304688e+00, 8.470217e-04, 8.470310e-04
2.320313e+00, 8.402667e-04, 8.402755e-04
2.335938e+00, 8.332265e-04, 8.332347e-04
2.351563e+00, 8.259092e-04, 8.259168e-04
2.367188e+00, 8.183231e-04, 8.183302e-04
2.382813e+00, 8.104769e-04, 8.104834e-04
2.398438e+00, 8.023793e-04, 8.023852e-04
2.414063e+00, 7.940396e-04, 7.940449e-04
2.429688e+00, 7.854669e-04, 7.854716e-04
2.445313e+00, 7.766706e-04, 7.766747e-04
2.460938e+00, 7.676605e-04, 7.676640e-04
2.476563e+00, 7.584463e-04, 7.584491e-04
2.492188e+00, 7.490378e-04, 7.490400e-04
2.507813e+00, 7.394451e-04, 7.394467e-04
2.523438e+00, 7.296783e-04, 7.296793e-04
2.539063e+00, 7.197476e-04, 7.197480e-04
2.554688e+00, 7.096633e-04, 7.096631e-04
2.570313e+00, 6.994356e-04, 6.994348e-04
2.585938e+00, 6.890749e-04, 6.890735e-04
2.601563e+00, 6.785915e-04, 6.785896e-04
2.617188e+00, 6.679957e-04, 6.679933e-04
2.632813e+00, 6.572979e-04, 6.572949e-04
2.648438e+00, 6.465083e-04, 6.465048e-04
2.664063e+00, 6.356372e-04, 6.356332e-04
2.679688e+00, 6.246946e-04, 6.246901e-04
2.695313e+00, 6.136906e-04, 6.136856e-04
2.710938e+00, 6.026353e-04, 6.026298e-04
2.726563e+00, 5.915383e-04, 5.915324e-04
2.742188e+00, 5.804095e-04, 5.804032e-04
2.757813e+00, 5.692584e-04, 5.692517e-04
2.773438e+00, 5.580943e-04, 5.580873e-04
2.789063e+00, 5.469267e-04, 5.469193e-04
2.804688e+00, 5.357645e-04, 5.357567e-04
2.820313e+00, 5.246165e-04, 5.246085e-04
2.835938e+00, 5.134916e-04, 5.134832e-04
2.851563e+00, 5.023981e-04, 5.023895e-04
2.867188e+00, 4.913443e-04, 4.913354e-04
2.882813e+00, 4.803382e-04, 4.803291e-04
2.898438e+00, 4.693877e-04, 4.693784e-04
2.914063e+00, 4.585001e-04, 4.584907e-04
2.929688e+00, 4.476830e-04, 4.476733e-04
2.945313e+00, 4.369431e-04, 4.369334e-04
2.960938e+00, 4.262875e-04, 4.262776e-04
2.976563e+00, 4.157225e-04, 4.157125e-04
2.992188e+00, 4.052544e-04, 4.052444e-04
3.007813e+00, 3.948892e-04, 3.948791e-04
3.023438e+00, 3.846325e-04, 3.846225e-04
3.039063e+00, 3.744899e-04, 3.744798e-04
3.054688e+00, 3.644663e-04, 3.644563e-04
3.070313e+00, 3.545668e-04, 3.545568e-04
3.085938e+00, 3.447958e-04, 3.447858e-04
3.101563e+00, 3.351577e-04, 3.351478e-04
3.117188e+00, 3.256564e-04, 3.256466e-04
3.132813e+00, 3.162957e-04, 3.162860e-04
3.148438e+00, 3.070792e-04, 3.070696e-04
3.164063e+00, 2.980099e-04, 2.980004e-04
3.179688e+00, 2.890908e-04, 2.890815e-04
3.195313e+00, 2.803245e-04, 2.803154e-04
3.210938e+00, 2.717135e-04, 2.717045e-04
3.226563e+00, 2.632598e-04, 2.632511e-04
3.242188e+00, 2.549654e-04, 2.549568e-04
3.257813e+00, 2.468318e-04, 2.468235e-04
3.273438e+00, 2.388605e-04, 2.388524e-04
3.289063e+00, 2.310525e-04, 2.310447e-04
3.304688e+00, 2.234089e-04, 2.234013e-04
3.320313e+00, 2.159302e-04, 2.159229e-04
3.335938e+00, 2.086170e-04, 2.086099e-04
3.351563e+00, 2.014695e-04, 2.014627e-04
3.367188e+00, 1.944877e-04, 1.944811e-04
3.382813e+00, 1.876714e-04, 1.876651e-04
3.398438e+00, 1.810204e-04, 1.810144e-04
3.414063e+00, 1.745340e-04, 1.745283e-04
3.429688e+00, 1.682116e-04, 1.682061e-04
3.445313e+00, 1.620522e-04, 1.620471e-04
3.460938e+00, 1.560549e-04, 1.560500e-04
3.476563e+00, 1.502184e-04, 1.502137e-04
3.492188e+00, 1.445413e-04, 1.445369e-04
3.507813e+00, 1.390222e-04, 1.390181e-04
3.523438e+00, 1.336594e-04, 1.336556e-04
3.539063e+00, 1.284512e-04, 1.284476e-04
3.554688e+00, 1.233957e-04, 1.233924e-04
3.570313e+00, 1.184909e-04, 1.184879e-04
3.585938e+00, 1.137348e-04, 1.137321e-04
3.601563e+00, 1.091252e-04, 1.091228e-04
3.617188e+00, 1.046599e-04, 1.046576e-04
3.632813e+00, 1.003363e-04, 1.003343e-04
3.648438e+00, 9.615231e-05, 9.615054e-05
3.664063e+00, 9.210524e-05, 9.210371e-05
3.679688e+00, 8.819262e-05, 8.819131e-05
3.695313e+00, 8.441185e-05, 8.441075e-05
3.710938e+00, 8.076028e-05, 8.075939e-05
3.726563e+00, 7.723523e-05, 7.723455e-05
3.742188e+00, 7.383398e-05, 7.383350e-05
3.757813e+00, 7.055380e-05, 7.055350e-05
3.773438e+00, 6.739191e-05, 6.739179e-05
3.789063e+00, 6.434553e-05, 6.434558e-05
3.804688e+00, 6.141185e-05, 6.141207e-05
3.820313e+00, 5.858808e-05, 5.858845e-05
3.835938e+00, 5.587140e-05, 5.587192e-05
3.851563e+00, 5.325901e-05, 5.325967e-05
3.867188e+00, 5.074810e-05, 5.074890e-05
3.882813e+00, 4.833590e-05, 4.833683e-05
3.898438e+00, 4.601962e-05, 4.602066e-05
3.914063e+00, 4.379650e-05, 4.379766e-05
3.929688e+00, 4.166382e-05, 4.166508e-05
3.945313e+00, 3.961885e-05, 3.962022e-05
3.960938e+00, 3.765893e-05, 3.766039e-05
3.976563e+00, 3.578139e-05, 3.578294e-05
3.992188e+00, 3.398362e-05, 3.398525e-05
4.007813e+00, 3.226304e-05, 3.226475e-05
4.023438e+00, 3.061710e-05, 3.061889e-05
4.039063e+00, 2.904331e-05, 2.904516e-05
4.054688e+00, 2.753919e-05, 2.754111e-05
4.070313e+00, 2.610234e-05, 2.610432e-05
4.085938e+00, 2.473038e-05, 2.473242e-05
4.101563e+00, 2.342099e-05, 2.342309e-05
4.117188e+00, 2.217189e-05, 2.217405e-05
4.132813e+00, 2.098085e-05, 2.098307e-05
4.148438e+00, 1.984570e-05, 1.984799e-05
4.164063e+00, 1.876431e-05, 1.876667e-05
4.179688e+00, 1.773460e-05, 1.773704e-05
4.195313e+00, 1.675456e-05, 1.675708e-05
4.210938e+00, 1.582221e-05, 1.582483e-05
4.226563e+00, 1.493563e-05, 1.493836e-05
4.242188e+00, 1.409296e-05, 1.409581e-05
4.257813e+00, 1.329238e-05, 1.329537e-05
4.273438e+00, 1.253213e-05, 1.253529e-05
4.289063e+00, 1.181049e-05, 1.181384e-05
4.304688e+00, 1.112582e-05, 1.112940e-05
4.320313e+00, 1.047650e-05, 1.048034e-05
4.335938e+00, 9.860971e-06, 9.865113e-06
4.351563e+00, 9.277735e-06, 9.282229e-06
4.367188e+00, 8.725328e-06, 8.730231e-06
4.382813e+00, 8.202344e-06, 8.207720e-06
4.398438e+00, 7.707420e-06, 7.713342e-06
4.414063e+00, 7.239243e-06, 7.245793e-06
4.429688e+00, 6.796542e-06, 6.803816e-06
4.445313e+00, 6.378096e-06, 6.386200e-06
4.460938e+00, 5.982723e-06, 5.991778e-06
4.476563e+00, 5.609288e-06, 5.619430e-06
4.492188e+00, 5.256695e-06, 5.268076e-06
4.507813e+00, 4.923892e-06, 4.936682e-06
4.523438e+00, 4.609860e-06, 4.624252e-06
4.539063e+00, 4.313627e-06, 4.329834e-06
4.554688e+00, 4.034250e-06, 4.052511e-06
4.570313e+00, 3.770829e-06, 3.791407e-06
4.585938e+00, 3.522492e-06, 3.545684e-06
4.601563e+00, 3.288407e-06, 3.314537e-06
4.617188e+00, 3.067766e-06, 3.097198e-06
4.632813e+00, 2.859802e-06, 2.892933e-06
4.648438e+00, 2.663766e-06, 2.701041e-06
4.664063e+00, 2.478950e-06, 2.520851e-06
4.679688e+00, 2.304660e-06, 2.351724e-06
4.695313e+00, 2.140240e-06, 2.193052e-06
4.710938e+00, 1.985045e-06, 2.044254e-06
4.726563e+00, 1.838468e-06, 1.904777e-06
4.742188e+00, 1.699909e-06, 1.774093e-06
4.757813e+00, 1.568804e-06, 1.651704e-06
4.773438e+00, 1.444591e-06, 1.537132e-06
4.789063e+00, 1.326742e-06, 1.429926e-06
4.804688e+00, 1.214733e-06, 1.329656e-06
4.820313e+00, 1.108068e-06, 1.235914e-06
4.835938e+00, 1.006249e-06, 1.148313e-06
4.851563e+00, 9.088098e-07, 1.066488e-06
4.867188e+00, 8.152773e-07, 9.900900e-07
4.882813e+00, 7.252065e-07, 9.187910e-07
4.898438e+00, 6.381438e-07, 8.522796e-07
4.914063e+00, 5.536620e-07, 7.902614e-07
4.929688e+00, 4.713217e-07, 7.324580e-07
4.945313e+00, 3.907083e-07, 6.786064e-07
4.960938e+00, 3.113920e-07, 6.284583e-07
4.976563e+00, 2.329656e-07, 5.817794e-07
4.992188e+00, 1.550042e-07, 5.383484e-07
5.000000e+00, 1.160840e-07, 5.177853e-07


#At time: 7.501464e+01, nsteps= 615


-1.000000e+00, 1.034658e-07, 8.345368e-07
-9.921875e-01, 1.620196e-07, 8.652134e-07
-9.765625e-01, 2.795030e-07, 9.297289e-07
-9.609375e-01, 3.978431e-07, 9.986799e-07
-9.453125e-01, 5.175215e-07, 1.072342e-06
-9.296875e-01, 6.390348e-07, 1.151004e-06
-9.140625e-01, 7.628742e-07, 1.234973e-06
-8.984375e-01, 8.895480e-07, 1.324571e-06
-8.828125e-01, 1.019561e-06, 1.420135e-06
-8.671875e-01, 1.153438e-06, 1.522022e-06
-8.515625e-01, 1.291702e-06, 1.630606e-06
-8.359375e-01, 1.434898e-06, 1.746281e-06
-8.203125e-01, 1.583572e-06, 1.869459e-06
-8.046875e-01, 1.738293e-06, 2.000575e-06
-7.890625e-01, 1.899634e-06, 2.140083e-06
-7.734375e-01, 2.068194e-06, 2.288460e-06
-7.578125e-01, 2.244577e-06, 2.446204e-06
-7.421875e-01, 2.429415e-06, 2.613841e-06
-7.265625e-01, 2.623350e-06, 2.791916e-06
-7.109375e-01, 2.827050e-06, 2.981004e-06
-6.953125e-01, 3.041198e-06, 3.181703e-06
-6.796875e-01, 3.266504e-06, 3.394639e-06
-6.640625e-01, 3.503696e-06, 3.620465e-06
-6.484375e-01, 3.753531e-06, 3.859865e-06
-6.328125e-01, 4.016786e-06, 4.113549e-06
-6.171875e-01, 4.294269e-06, 4.382260e-06
-6.015625e-01, 4.586810e-06, 4.666771e-06
-5.859375e-01, 4.895272e-06, 4.967887e-06
-5.703125e-01, 5.220543e-06, 5.286447e-06
-5.546875e-01, 5.563546e-06, 5.623321e-06
-5.390625e-01, 5.925230e-06, 5.979416e-06
-5.234375e-01, 6.306581e-06, 6.355674e-06
-5.078125e-01, 6.708613e-06, 6.753070e-06
-4.921875e-01, 7.132380e-06, 7.172620e-06
-4.765625e-01, 7.578965e-06, 7.615375e-06
-4.609375e-01, 8.049492e-06, 8.082424e-06
-4.453125e-01, 8.545116e-06, 8.574895e-06
-4.296875e-01, 9.067036e-06, 9.093958e-06
-4.140625e-01, 9.616482e-06, 9.640819e-06
-3.984375e-01, 1.019473e-05, 1.021673e-05
-3.828125e-01, 1.080309e-05, 1.082297e-05
-3.671875e-01, 1.144291e-05, 1.146089e-05
-3.515625e-01, 1.211559e-05, 1.213184e-05
-3.359375e-01, 1.282255e-05, 1.283726e-05
-3.203125e-01, 1.356528e-05, 1.357858e-05
-3.046875e-01, 1.434529e-05, 1.435733e-05
-2.890625e-01, 1.516413e-05, 1.517504e-05
-2.734375e-01, 1.602341e-05, 1.603329e-05
-2.578125e-01, 1.692476e-05, 1.693373e-05
-2.421875e-01, 1.786988e-05, 1.787802e-05
-2.265625e-01, 1.886048e-05, 1.886787e-05
-2.109375e-01, 1.989834e-05, 1.990506e-05
-1.953125e-01, 2.098527e-05, 2.099137e-05
-1.796875e-01, 2.212310e-05, 2.212866e-05
-1.640625e-01, 2.331375e-05, 2.331880e-05
-1.484375e-01, 2.455913e-05, 2.456373e-05
-1.328125e-01, 2.586122e-05, 2.586540e-05
-1.171875e-01, 2.722203e-05, 2.722583e-05
-1.015625e-01, 2.864359e-05, 2.864704e-05
-8.593750e-02, 3.012800e-05, 3.013113e-05
-7.031250e-02, 3.167738e-05, 3.168020e-05
-5.468750e-02, 3.329386e-05, 3.329640e-05
-3.906250e-02, 3.497964e-05, 3.498191e-05
-2.343750e-02, 3.673693e-05, 3.673894e-05
-7.812500e-03, 3.856797e-05, 3.856974e-05
7.812500e-03, 4.047503e-05, 4.047656e-05
2.343750e-02, 4.246040e-05, 4.246170e-05
3.906250e-02, 4.452639e-05, 4.452748e-05
5.468750e-02, 4.667536e-05, 4.667622e-05
7.031250e-02, 4.890963e-05, 4.891027e-05
8.593750e-02, 5.123159e-05, 5.123202e-05
1.015625e-01, 5.364361e-05, 5.364382e-05
1.171875e-01, 5.614808e-05, 5.614806e-05
1.328125e-01, 5.874739e-05, 5.874715e-05
1.484375e-01, 6.144392e-05, 6.144346e-05
1.640625e-01, 6.424008e-05, 6.423939e-05
1.796875e-01, 6.713826e-05, 6.713734e-05
1.953125e-01, 7.014081e-05, 7.013966e-05
2.109375e-01, 7.325012e-05, 7.324873e-05
2.265625e-01, 7.646852e-05, 7.646688e-05
2.421875e-01, 7.979834e-05, 7.979645e-05
2.578125e-01, 8.324187e-05, 8.323973e-05
2.734375e-01, 8.680138e-05, 8.679898e-05
2.890625e-01, 9.047910e-05, 9.047644e-05
3.046875e-01, 9.427721e-05, 9.427429e-05
3.203125e-01, 9.819786e-05, 9.819466e-05
3.359375e-01, 1.022431e-04, 1.022397e-04
3.515625e-01, 1.064151e-04, 1.064113e-04
3.671875e-01, 1.107156e-04, 1.107116e-04
3.828125e-01, 1.151467e-04, 1.151424e-04
3.984375e-01, 1.197102e-04, 1.197056e-04
4.140625e-01, 1.244077e-04, 1.244028e-04
4.296875e-01, 1.292411e-04, 1.292359e-04
4.453125e-01, 1.342118e-04, 1.342063e-04
4.609375e-01, 1.393213e-04, 1.393155e-04
4.765625e-01, 1.445710e-04, 1.445649e-04
4.921875e-01, 1.499622e-04, 1.499558e-04
5.078125e-01, 1.554960e-04, 1.554893e-04
5.234375e-01, 1.611734e-04, 1.611665e-04
5.390625e-01, 1.669954e-04, 1.669882e-04
5.546875e-01, 1.729627e-04, 1.729552e-04
5.703125e-01, 1.790760e-04, 1.790682e-04
5.859375e-01, 1.853357e-04, 1.853276e-04
6.015625e-01, 1.917421e-04, 1.917338e-04
6.171875e-01, 1.982955e-04, 1.982870e-04
6.328125e-01, 2.049959e-04, 2.049871e-04
6.484375e-01, 2.118431e-04, 2.118341e-04
6.640625e-01, 2.188368e-04, 2.188275e-04
6.796875e-01, 2.259765e-04, 2.259669e-04
6.953125e-01, 2.332614e-04, 2.332517e-04
7.109375e-01, 2.406908e-04, 2.406809e-04
7.265625e-01, 2.482635e-04, 2.482534e-04
7.421875e-01, 2.559784e-04, 2.559681e-04
7.578125e-01, 2.638338e-04, 2.638233e-04
7.734375e-01, 2.718282e-04, 2.718176e-04
7.890625e-01, 2.799596e-04, 2.799489e-04
8.046875e-01, 2.882260e-04, 2.882152e-04
8.203125e-01, 2.966251e-04, 2.966141e-04
8.359375e-01, 3.051542e-04, 3.051432e-04
8.515625e-01, 3.138107e-04, 3.137996e-04
8.671875e-01, 3.225916e-04, 3.225805e-04
8.828125e-01, 3.314936e-04, 3.314825e-04
8.984375e-01, 3.405134e-04, 3.405023e-04
9.140625e-01, 3.496472e-04, 3.496361e-04
9.296875e-01, 3.588912e-04, 3.588802e-04
9.453125e-01, 3.682413e-04, 3.682303e-04
9.609375e-01, 3.776931e-04, 3.776822e-04
9.765625e-01, 3.872420e-04, 3.872312e-04
9.921875e-01, 3.968832e-04, 3.968726e-04
1.007813e+00, 4.066117e-04, 4.066012e-04
1.023438e+00, 4.164222e-04, 4.164119e-04
1.039063e+00, 4.263093e-04, 4.262992e-04
1.054688e+00, 4.362673e-04, 4.362574e-04
1.070313e+00, 4.462902e-04, 4.462806e-04
1.085938e+00, 4.563719e-04, 4.563626e-04
1.101563e+00, 4.665061e-04, 4.664971e-04
1.117188e+00, 4.766863e-04, 4.766776e-04
1.132813e+00, 4.869057e-04, 4.868974e-04
1.148438e+00, 4.971575e-04, 4.971496e-04
1.164063e+00, 5.074344e-04, 5.074269e-04
1.179688e+00, 5.177294e-04, 5.177223e-04
1.195313e+00, 5.280348e-04, 5.280282e-04
1.210938e+00, 5.383432e-04, 5.383370e-04
1.226563e+00, 5.486467e-04, 5.486410e-04
1.242188e+00, 5.589374e-04, 5.589322e-04
1.257813e+00, 5.692073e-04, 5.692027e-04
1.273438e+00, 5.794483e-04, 5.794442e-04
1.289063e+00, 5.896520e-04, 5.896485e-04
1.304688e+00, 5.998100e-04, 5.998071e-04
1.320313e+00, 6.099140e-04, 6.099117e-04
1.335938e+00, 6.199552e-04, 6.199536e-04
1.351563e+00, 6.299252e-04, 6.299242e-04
1.367188e+00, 6.398151e-04, 6.398148e-04
1.382813e+00, 6.496164e-04, 6.496166e-04
1.398438e+00, 6.593200e-04, 6.593210e-04
1.414063e+00, 6.689174e-04, 6.689190e-04
1.429688e+00, 6.783996e-04, 6.784019e-04
1.445313e+00, 6.877579e-04, 6.877609e-04
1.460938e+00, 6.969835e-04, 6.969872e-04
1.476563e+00, 7.060676e-04, 7.060720e-04
1.492188e+00, 7.150015e-04, 7.150066e-04
1.507813e+00, 7.237766e-04, 7.237824e-04
1.523438e+00, 7.323843e-04, 7.323908e-04
1.539063e+00, 7.408161e-04, 7.408232e-04
1.554688e+00, 7.490635e-04, 7.490714e-04
1.570313e+00, 7.571184e-04, 7.571270e-04
1.585938e+00, 7.649726e-04, 7.649818e-04
1.601563e+00, 7.726180e-04, 7.726279e-04
1.617188e+00, 7.800469e-04, 7.800574e-04
1.632813e+00, 7.872514e-04, 7.872625e-04
1.648438e+00, 7.942242e-04, 7.942359e-04
1.664063e+00, 8.009578e-04, 8.009702e-04
1.679688e+00, 8.074452e-04, 8.074582e-04
1.695313e+00, 8.136796e-04, 8.136931e-04
1.710938e+00, 8.196542e-04, 8.196683e-04
1.726563e+00, 8.253626e-04, 8.253772e-04
1.742188e+00, 8.307988e-04, 8.308138e-04
1.757813e+00, 8.359567e-04, 8.359723e-04
1.773438e+00, 8.408308e-04, 8.408468e-04
1.789063e+00, 8.454158e-04, 8.454322e-04
1.804688e+00, 8.497066e-04, 8.497234e-04
1.820313e+00, 8.536985e-04, 8.537157e-04
1.835938e+00, 8.573871e-04, 8.574046e-04
1.851563e+00, 8.607683e-04, 8.607862e-04
1.867188e+00, 8.638384e-04, 8.638565e-04
1.882813e+00, 8.665939e-04, 8.666123e-04
1.898438e+00, 8.690318e-04, 8.690504e-04
1.914063e+00, 8.711493e-04, 8.711681e-04
1.929688e+00, 8.729441e-04, 8.729630e-04
1.945313e+00, 8.744142e-04, 8.744331e-04
1.960938e+00, 8.755578e-04, 8.755768e-04
1.976563e+00, 8.763737e-04, 8.763928e-04
1.992188e+00, 8.768610e-04, 8.768801e-04
2.007813e+00, 8.770192e-04, 8.770382e-04
2.023438e+00, 8.768481e-04, 8.768670e-04
2.039063e+00, 8.763477e-04, 8.763665e-04
2.054688e+00, 8.755189e-04, 8.755375e-04
2.070313e+00, 8.743623e-04, 8.743808e-04
2.085938e+00, 8.728795e-04, 8.728977e-04
2.101563e+00, 8.710719e-04, 8.710899e-04
2.117188e+00, 8.689417e-04, 8.689594e-04
2.132813e+00, 8.664912e-04, 8.665086e-04
2.148438e+00, 8.637232e-04, 8.637403e-04
2.164063e+00, 8.606408e-04, 8.606575e-04
2.179688e+00, 8.572474e-04, 8.572636e-04
2.195313e+00, 8.535467e-04, 8.535625e-04
2.210938e+00, 8.495429e-04, 8.495582e-04
2.226563e+00, 8.452404e-04, 8.452552e-04
2.242188e+00, 8.406439e-04, 8.406582e-04
2.257813e+00, 8.357585e-04, 8.357723e-04
2.273438e+00, 8.305895e-04, 8.306027e-04
2.289063e+00, 8.251425e-04, 8.251551e-04
2.304688e+00, 8.194234e-04, 8.194354e-04
2.320313e+00, 8.134384e-04, 8.134498e-04
2.335938e+00, 8.071939e-04, 8.072047e-04
2.351563e+00, 8.006966e-04, 8.007067e-04
2.367188e+00, 7.939534e-04, 7.939628e-04
2.382813e+00, 7.869713e-04, 7.869801e-04
2.398438e+00, 7.797578e-04, 7.797658e-04
2.414063e+00, 7.723202e-04, 7.723276e-04
2.429688e+00, 7.646664e-04, 7.646730e-04
2.445313e+00, 7.568041e-04, 7.568100e-04
2.460938e+00, 7.487414e-04, 7.487466e-04
2.476563e+00, 7.404865e-04, 7.404910e-04
2.492188e+00, 7.320476e-04, 7.320513e-04
2.507813e+00, 7.234331e-04, 7.234361e-04
2.523438e+00, 7.146516e-04, 7.146539e-04
2.539063e+00, 7.057115e-04, 7.057131e-04
2.554688e+00, 6.966216e-04, 6.966225e-04
2.570313e+00, 6.873906e-04, 6.873908e-04
2.585938e+00, 6.780272e-04, 6.780267e-04
2.601563e+00, 6.685403e-04, 6.685390e-04
2.617188e+00, 6.589385e-04, 6.589366e-04
2.632813e+00, 6.492308e-04, 6.492282e-04
2.648438e+00, 6.394258e-04, 6.394226e-04
2.664063e+00, 6.295325e-04, 6.295287e-04
2.679688e+00, 6.195595e-04, 6.195551e-04
2.695313e+00, 6.095156e-04, 6.095105e-04
2.710938e+00, 5.994093e-04, 5.994037e-04
2.726563e+00, 5.892492e-04, 5.892430e-04
2.742188e+00, 5.790439e-04, 5.790371e-04
2.757813e+00, 5.688016e-04, 5.687943e-04
2.773438e+00, 5.585306e-04, 5.585229e-04
2.789063e+00, 5.482392e-04, 5.482310e-04
2.804688e+00, 5.379353e-04, 5.379266e-04
2.820313e+00, 5.276269e-04, 5.276178e-04
2.835938e+00, 5.173217e-04, 5.173122e-04
2.851563e+00, 5.070272e-04, 5.070174e-04
2.867188e+00, 4.967511e-04, 4.967409e-04
2.882813e+00, 4.865004e-04, 4.864899e-04
2.898438e+00, 4.762824e-04, 4.762715e-04
2.914063e+00, 4.661038e-04, 4.660927e-04
2.929688e+00, 4.559715e-04, 4.559601e-04
2.945313e+00, 4.458919e-04, 4.458804e-04
2.960938e+00, 4.358715e-04, 4.358597e-04
2.976563e+00, 4.259162e-04, 4.259042e-04
2.992188e+00, 4.160319e-04, 4.160199e-04
3.007813e+00, 4.062245e-04, 4.062123e-04
3.023438e+00, 3.964993e-04, 3.964870e-04
3.039063e+00, 3.868616e-04, 3.868492e-04
3.054688e+00, 3.773164e-04, 3.773040e-04
3.070313e+00, 3.678685e-04, 3.678561e-04
3.085938e+00, 3.585225e-04, 3.585101e-04
3.101563e+00, 3.492827e-04, 3.492704e-04
3.117188e+00, 3.401533e-04, 3.401410e-04
3.132813e+00, 3.311381e-04, 3.311258e-04
3.148438e+00, 3.222407e-04, 3.222286e-04
3.164063e+00, 3.134647e-04, 3.134526e-04
3.179688e+00, 3.048131e-04, 3.048012e-04
3.195313e+00, 2.962890e-04, 2.962772e-04
3.210938e+00, 2.878951e-04, 2.878835e-04
3.226563e+00, 2.796340e-04, 2.796226e-04
3.242188e+00, 2.715079e-04, 2.714967e-04
3.257813e+00, 2.635190e-04, 2.635079e-04
3.273438e+00, 2.556690e-04, 2.556582e-04
3.289063e+00, 2.479598e-04, 2.479492e-04
3.304688e+00, 2.403926e-04, 2.403823e-04
3.320313e+00, 2.329689e-04, 2.329589e-04
3.335938e+00, 2.256897e-04, 2.256799e-04
3.351563e+00, 2.185558e-04, 2.185463e-04
3.367188e+00, 2.115678e-04, 2.115587e-04
3.382813e+00, 2.047264e-04, 2.047175e-04
3.398438e+00, 1.980318e-04, 1.980233e-04
3.414063e+00, 1.914842e-04, 1.914760e-04
3.429688e+00, 1.850836e-04, 1.850756e-04
3.445313e+00, 1.788297e-04, 1.788220e-04
3.460938e+00, 1.727222e-04, 1.727149e-04
3.476563e+00, 1.667606e-04, 1.667536e-04
3.492188e+00, 1.609443e-04, 1.609377e-04
3.507813e+00, 1.552726e-04, 1.552663e-04
3.523438e+00, 1.497445e-04, 1.497385e-04
3.539063e+00, 1.443589e-04, 1.443532e-04
3.554688e+00, 1.391147e-04, 1.391094e-04
3.570313e+00, 1.340108e-04, 1.340057e-04
3.585938e+00, 1.290455e-04, 1.290408e-04
3.601563e+00, 1.242176e-04, 1.242132e-04
3.617188e+00, 1.195254e-04, 1.195213e-04
3.632813e+00, 1.149672e-04, 1.149635e-04
3.648438e+00, 1.105413e-04, 1.105379e-04
3.664063e+00, 1.062459e-04, 1.062428e-04
3.679688e+00, 1.020790e-04, 1.020762e-04
3.695313e+00, 9.803874e-05, 9.803621e-05
3.710938e+00, 9.412299e-05, 9.412076e-05
3.726563e+00, 9.032970e-05, 9.032774e-05
3.742188e+00, 8.665672e-05, 8.665504e-05
3.757813e+00, 8.310185e-05, 8.310044e-05
3.773438e+00, 7.966288e-05, 7.966174e-05
3.789063e+00, 7.633753e-05, 7.633665e-05
3.804688e+00, 7.312351e-05, 7.312288e-05
3.820313e+00, 7.001849e-05, 7.001810e-05
3.835938e+00, 6.702013e-05, 6.701998e-05
3.851563e+00, 6.412606e-05, 6.412615e-05
3.867188e+00, 6.133390e-05, 6.133423e-05
3.882813e+00, 5.864128e-05, 5.864183e-05
3.898438e+00, 5.604579e-05, 5.604657e-05
3.914063e+00, 5.354505e-05, 5.354605e-05
3.929688e+00, 5.113666e-05, 5.113788e-05
3.945313e+00, 4.881824e-05, 4.881967e-05
3.960938e+00, 4.658740e-05, 4.658905e-05
3.976563e+00, 4.444179e-05, 4.444366e-05
3.992188e+00, 4.237905e-05, 4.238114e-05
4.007813e+00, 4.039684e-05, 4.039916e-05
4.023438e+00, 3.849285e-05, 3.849541e-05
4.039063e+00, 3.666479e-05, 3.666760e-05
4.054688e+00, 3.491039e-05, 3.491345e-05
4.070313e+00, 3.322741e-05, 3.323074e-05
4.085938e+00, 3.161363e-05, 3.161726e-05
4.101563e+00, 3.006688e-05, 3.007082e-05
4.117188e+00, 2.858501e-05, 2.858927e-05
4.132813e+00, 2.716589e-05, 2.717052e-05
4.148438e+00, 2.580745e-05, 2.581247e-05
4.164063e+00, 2.450764e-05, 2.451310e-05
4.179688e+00, 2.326446e-05, 2.327039e-05
4.195313e+00, 2.207593e-05, 2.208238e-05
4.210938e+00, 2.094012e-05, 2.094716e-05
4.226563e+00, 1.985515e-05, 1.986284e-05
4.242188e+00, 1.881917e-05, 1.882757e-05
4.257813e+00, 1.783036e-05, 1.783956e-05
4.273438e+00, 1.688697e-05, 1.689705e-05
4.289063e+00, 1.598726e-05, 1.599833e-05
4.304688e+00, 1.512954e-05, 1.514172e-05
4.320313e+00, 1.431219e-05, 1.432559e-05
4.335938e+00, 1.353360e-05, 1.354836e-05
4.351563e+00, 1.279221e-05, 1.280849e-05
4.367188e+00, 1.208651e-05, 1.210448e-05
4.382813e+00, 1.141502e-05, 1.143487e-05
4.398438e+00, 1.077630e-05, 1.079824e-05
4.414063e+00, 1.016897e-05, 1.019323e-05
4.429688e+00, 9.591678e-06, 9.618500e-06
4.445313e+00, 9.043101e-06, 9.072769e-06
4.460938e+00, 8.521971e-06, 8.554788e-06
4.476563e+00, 8.027050e-06, 8.063351e-06
4.492188e+00, 7.557141e-06, 7.597290e-06
4.507813e+00, 7.111083e-06, 7.155480e-06
4.523438e+00, 6.687751e-06, 6.736832e-06
4.539063e+00, 6.286055e-06, 6.340296e-06
4.554688e+00, 5.904941e-06, 5.964860e-06
4.570313e+00, 5.543385e-06, 5.609548e-06
4.585938e+00, 5.200400e-06, 5.273420e-06
4.601563e+00, 4.875026e-06, 4.955571e-06
4.617188e+00, 4.566338e-06, 4.655132e-06
4.632813e+00, 4.273434e-06, 4.371265e-06
4.648438e+00, 3.995449e-06, 4.103167e-06
4.664063e+00, 3.731537e-06, 3.850065e-06
4.679688e+00, 3.480884e-06, 3.611219e-06
4.695313e+00, 3.242697e-06, 3.385919e-06
4.710938e+00, 3.016211e-06, 3.173483e-06
4.726563e+00, 2.800677e-06, 2.973258e-06
4.742188e+00, 2.595378e-06, 2.784620e-06
4.757813e+00, 2.399605e-06, 2.606971e-06
4.773438e+00, 2.212680e-06, 2.439739e-06
4.789063e+00, 2.033932e-06, 2.282377e-06
4.804688e+00, 1.862717e-06, 2.134363e-06
4.820313e+00, 1.698396e-06, 1.995198e-06
4.835938e+00, 1.540356e-06, 1.864407e-06
4.851563e+00, 1.387985e-06, 1.741535e-06
4.867188e+00, 1.240694e-06, 1.626150e-06
4.882813e+00, 1.097893e-06, 1.517840e-06
4.898438e+00, 9.590139e-07, 1.416212e-06
4.914063e+00, 8.234839e-07, 1.320892e-06
4.929688e+00, 6.907488e-07, 1.231525e-06
4.945313e+00, 5.602485e-07, 1.147773e-06
4.960938e+00, 4.314384e-07, 1.069315e-06
4.976563e+00, 3.037652e-07, 9.958466e-07
4.992188e+00, 1.766891e-07, 9.270774e-07
5.000000e+00, 1.132116e-07, 8.943687e-07


#At time: 1.000195e+02, nsteps= 820


-1.000000e+00, 9.821263e-08, 1.307797e-06
-9.921875e-01, 1.841734e-07, 1.352415e-06
-9.765625e-01, 3.565925e-07, 1.445893e-06
-9.609375e-01, 5.301153e-07, 1.545293e-06
-9.453125e-01, 7.053391e-07, 1.650950e-06
-9.296875e-01, 8.828593e-07, 1.763216e-06
-9.140625e-01, 1.063283e-06, 1.882461e-06
-8.984375e-01, 1.247218e-06, 2.009068e-06
-8.828125e-01, 1.435285e-06, 2.143443e-06
-8.671875e-01, 1.628108e-06, 2.286009e-06
-8.515625e-01, 1.826326e-06, 2.437206e-06
-8.359375e-01, 2.030583e-06, 2.597498e-06
-8.203125e-01, 2.241540e-06, 2.767366e-06
-8.046875e-01, 2.459865e-06, 2.947316e-06
-7.890625e-01, 2.686246e-06, 3.137872e-06
-7.734375e-01, 2.921379e-06, 3.339584e-06
-7.578125e-01, 3.165982e-06, 3.553022e-06
-7.421875e-01, 3.420784e-06, 3.778784e-06
-7.265625e-01, 3.686537e-06, 4.017490e-06
-7.109375e-01, 3.964007e-06, 4.269786e-06
-6.953125e-01, 4.253982e-06, 4.536343e-06
-6.796875e-01, 4.557270e-06, 4.817860e-06
-6.640625e-01, 4.874701e-06, 5.115064e-06
-6.484375e-01, 5.207126e-06, 5.428708e-06
-6.328125e-01, 5.555421e-06, 5.759574e-06
-6.171875e-01, 5.920484e-06, 6.108476e-06
-6.015625e-01, 6.303242e-06, 6.476254e-06
-5.859375e-01, 6.704642e-06, 6.863781e-06
-5.703125e-01, 7.125663e-06, 7.271961e-06
-5.546875e-01, 7.567308e-06, 7.701728e-06
-5.390625e-01, 8.030611e-06, 8.154049e-06
-5.234375e-01, 8.516630e-06, 8.629925e-06
-5.078125e-01, 9.026460e-06, 9.130389e-06
-4.921875e-01, 9.561218e-06, 9.656507e-06
-4.765625e-01, 1.012206e-05, 1.020938e-05
-4.609375e-01, 1.071016e-05, 1.079014e-05
-4.453125e-01, 1.132675e-05, 1.139997e-05
-4.296875e-01, 1.197306e-05, 1.204006e-05
-4.140625e-01, 1.265038e-05, 1.271165e-05
-3.984375e-01, 1.336002e-05, 1.341603e-05
-3.828125e-01, 1.410333e-05, 1.415450e-05
-3.671875e-01, 1.488168e-05, 1.492842e-05
-3.515625e-01, 1.569649e-05, 1.573915e-05
-3.359375e-01, 1.654920e-05, 1.658813e-05
-3.203125e-01, 1.744131e-05, 1.747681e-05
-3.046875e-01, 1.837431e-05, 1.840668e-05
-2.890625e-01, 1.934977e-05, 1.937927e-05
-2.734375e-01, 2.036927e-05, 2.039612e-05
-2.578125e-01, 2.143441e-05, 2.145885e-05
-2.421875e-01, 2.254685e-05, 2.256908e-05
-2.265625e-01, 2.370827e-05, 2.372848e-05
-2.109375e-01, 2.492037e-05, 2.493873e-05
-1.953125e-01, 2.618491e-05, 2.620157e-05
-1.796875e-01, 2.750366e-05, 2.751876e-05
-1.640625e-01, 2.887841e-05, 2.889209e-05
-1.484375e-01, 3.031101e-05, 3.032338e-05
-1.328125e-01, 3.180331e-05, 3.181448e-05
-1.171875e-01, 3.335719e-05, 3.336726e-05
-1.015625e-01, 3.497457e-05, 3.498362e-05
-8.593750e-02, 3.665738e-05, 3.666549e-05
-7.031250e-02, 3.840758e-05, 3.841483e-05
-5.468750e-02, 4.022714e-05, 4.023359e-05
-3.906250e-02, 4.211806e-05, 4.212376e-05
-2.343750e-02, 4.408235e-05, 4.408736e-05
-7.812500e-03, 4.612204e-05, 4.612640e-05
7.812500e-03, 4.823916e-05, 4.824292e-05
2.343750e-02, 5.043578e-05, 5.043896e-05
3.906250e-02, 5.271393e-05, 5.271658e-05
5.468750e-02, 5.507570e-05, 5.507784e-05
7.031250e-02, 5.752313e-05, 5.752479e-05
8.593750e-02, 6.005831e-05, 6.005951e-05
1.015625e-01, 6.268329e-05, 6.268404e-05
1.171875e-01, 6.540013e-05, 6.540046e-05
1.328125e-01, 6.821088e-05, 6.821080e-05
1.484375e-01, 7.111758e-05, 7.111709e-05
1.640625e-01, 7.412223e-05, 7.412136e-05
1.796875e-01, 7.722686e-05, 7.722561e-05
1.953125e-01, 8.043343e-05, 8.043181e-05
2.109375e-01, 8.374390e-05, 8.374191e-05
2.265625e-01, 8.716018e-05, 8.715783e-05
2.421875e-01, 9.068417e-05, 9.068146e-05
2.578125e-01, 9.431771e-05, 9.431465e-05
2.734375e-01, 9.806260e-05, 9.805919e-05
2.890625e-01, 1.019206e-04, 1.019169e-04
3.046875e-01, 1.058935e-04, 1.058894e-04
3.203125e-01, 1.099828e-04, 1.099783e-04
3.359375e-01, 1.141901e-04, 1.141854e-04
3.515625e-01, 1.185171e-04, 1.185120e-04
3.671875e-01, 1.229651e-04, 1.229597e-04
3.828125e-01, 1.275356e-04, 1.275298e-04
3.984375e-01, 1.322298e-04, 1.322236e-04
4.140625e-01, 1.370489e-04, 1.370425e-04
4.296875e-01, 1.419941e-04, 1.419874e-04
4.453125e-01, 1.470665e-04, 1.470594e-04
4.609375e-01, 1.522669e-04, 1.522595e-04
4.765625e-01, 1.575963e-04, 1.575885e-04
4.921875e-01, 1.630552e-04, 1.630472e-04
5.078125e-01, 1.686445e-04, 1.686361e-04
5.234375e-01, 1.743644e-04, 1.743558e-04
5.390625e-01, 1.802156e-04, 1.802066e-04
5.546875e-01, 1.861980e-04, 1.861888e-04
5.703125e-01, 1.923120e-04, 1.923025e-04
5.859375e-01, 1.985575e-04, 1.985477e-04
6.015625e-01, 2.049343e-04, 2.049243e-04
6.171875e-01, 2.114422e-04, 2.114319e-04
6.328125e-01, 2.180806e-04, 2.180700e-04
6.484375e-01, 2.248490e-04, 2.248382e-04
6.640625e-01, 2.317466e-04, 2.317356e-04
6.796875e-01, 2.387725e-04, 2.387613e-04
6.953125e-01, 2.459256e-04, 2.459142e-04
7.109375e-01, 2.532047e-04, 2.531931e-04
7.265625e-01, 2.606083e-04, 2.605966e-04
7.421875e-01, 2.681348e-04, 2.681230e-04
7.578125e-01, 2.757825e-04, 2.757705e-04
7.734375e-01, 2.835494e-04, 2.835374e-04
7.890625e-01, 2.914334e-04, 2.914213e-04
8.046875e-01, 2.994322e-04, 2.994199e-04
8.203125e-01, 3.075432e-04, 3.075309e-04
8.359375e-01, 3.157637e-04, 3.157514e-04
8.515625e-01, 3.240909e-04, 3.240786e-04
8.671875e-01, 3.325218e-04, 3.325095e-04
8.828125e-01, 3.410530e-04, 3.410407e-04
8.984375e-01, 3.496810e-04, 3.496688e-04
9.140625e-01, 3.584024e-04, 3.583903e-04
9.296875e-01, 3.672131e-04, 3.672011e-04
9.453125e-01, 3.761092e-04, 3.760974e-04
9.609375e-01, 3.850866e-04, 3.850749e-04
9.765625e-01, 3.941407e-04, 3.941292e-04
9.921875e-01, 4.032670e-04, 4.032557e-04
1.007813e+00, 4.124608e-04, 4.124497e-04
1.023438e+00, 4.217171e-04, 4.217063e-04
1.039063e+00, 4.310307e-04, 4.310202e-04
1.054688e+00, 4.403965e-04, 4.403862e-04
1.070313e+00, 4.498088e-04, 4.497989e-04
1.085938e+00, 4.592621e-04, 4.592525e-04
1.101563e+00, 4.687505e-04, 4.687413e-04
1.117188e+00, 4.782682e-04, 4.782594e-04
1.132813e+00, 4.878089e-04, 4.878006e-04
1.148438e+00, 4.973665e-04, 4.973586e-04
1.164063e+00, 5.069345e-04, 5.069271e-04
1.179688e+00, 5.165064e-04, 5.164995e-04
1.195313e+00, 5.260756e-04, 5.260692e-04
1.210938e+00, 5.356352e-04, 5.356294e-04
1.226563e+00, 5.451783e-04, 5.451731e-04
1.242188e+00, 5.546980e-04, 5.546934e-04
1.257813e+00, 5.641872e-04, 5.641831e-04
1.273438e+00, 5.736385e-04, 5.736351e-04
1.289063e+00, 5.830449e-04, 5.830421e-04
1.304688e+00, 5.923988e-04, 5.923967e-04
1.320313e+00, 6.016930e-04, 6.016915e-04
1.335938e+00, 6.109198e-04, 6.109190e-04
1.351563e+00, 6.200719e-04, 6.200718e-04
1.367188e+00, 6.291417e-04, 6.291423e-04
1.382813e+00, 6.381215e-04, 6.381228e-04
1.398438e+00, 6.470038e-04, 6.470059e-04
1.414063e+00, 6.557811e-04, 6.557839e-04
1.429688e+00, 6.644456e-04, 6.644492e-04
1.445313e+00, 6.729899e-04, 6.729942e-04
1.460938e+00, 6.814065e-04, 6.814114e-04
1.476563e+00, 6.896877e-04, 6.896934e-04
1.492188e+00, 6.978261e-04, 6.978326e-04
1.507813e+00, 7.058144e-04, 7.058216e-04
1.523438e+00, 7.136453e-04, 7.136532e-04
1.539063e+00, 7.213114e-04, 7.213201e-04
1.554688e+00, 7.288057e-04, 7.288151e-04
1.570313e+00, 7.361211e-04, 7.361312e-04
1.585938e+00, 7.432507e-04, 7.432615e-04
1.601563e+00, 7.501877e-04, 7.501992e-04
1.617188e+00, 7.569254e-04, 7.569376e-04
1.632813e+00, 7.634574e-04, 7.634703e-04
1.648438e+00, 7.697772e-04, 7.697908e-04
1.664063e+00, 7.758788e-04, 7.758929e-04
1.679688e+00, 7.817560e-04, 7.817708e-04
1.695313e+00, 7.874032e-04, 7.874185e-04
1.710938e+00, 7.928146e-04, 7.928305e-04
1.726563e+00, 7.979848e-04, 7.980013e-04
1.742188e+00, 8.029088e-04, 8.029258e-04
1.757813e+00, 8.075815e-04, 8.075989e-04
1.773438e+00, 8.119981e-04, 8.120161e-04
1.789063e+00, 8.161543e-04, 8.161726e-04
1.804688e+00, 8.200457e-04, 8.200645e-04
1.820313e+00, 8.236683e-04, 8.236875e-04
1.835938e+00, 8.270186e-04, 8.270381e-04
1.851563e+00, 8.300929e-04, 8.301127e-04
1.867188e+00, 8.328882e-04, 8.329083e-04
1.882813e+00, 8.354015e-04, 8.354219e-04
1.898438e+00, 8.376302e-04, 8.376508e-04
1.914063e+00, 8.395721e-04, 8.395929e-04
1.929688e+00, 8.412251e-04, 8.412460e-04
1.945313e+00, 8.425874e-04, 8.426084e-04
1.960938e+00, 8.436577e-04, 8.436788e-04
1.976563e+00, 8.444349e-04, 8.444560e-04
1.992188e+00, 8.449181e-04, 8.449391e-04
2.007813e+00, 8.451068e-04, 8.451278e-04
2.023438e+00, 8.450008e-04, 8.450217e-04
2.039063e+00, 8.446002e-04, 8.446211e-04
2.054688e+00, 8.439055e-04, 8.439262e-04
2.070313e+00, 8.429174e-04, 8.429379e-04
2.085938e+00, 8.416369e-04, 8.416572e-04
2.101563e+00, 8.400653e-04, 8.400854e-04
2.117188e+00, 8.382044e-04, 8.382241e-04
2.132813e+00, 8.360559e-04, 8.360753e-04
2.148438e+00, 8.336222e-04, 8.336413e-04
2.164063e+00, 8.309058e-04, 8.309245e-04
2.179688e+00, 8.279095e-04, 8.279277e-04
2.195313e+00, 8.246364e-04, 8.246541e-04
2.210938e+00, 8.210898e-04, 8.211071e-04
2.226563e+00, 8.172734e-04, 8.172902e-04
2.242188e+00, 8.131912e-04, 8.132074e-04
2.257813e+00, 8.088472e-04, 8.088629e-04
2.273438e+00, 8.042459e-04, 8.042610e-04
2.289063e+00, 7.993920e-04, 7.994065e-04
2.304688e+00, 7.942903e-04, 7.943042e-04
2.320313e+00, 7.889460e-04, 7.889592e-04
2.335938e+00, 7.833645e-04, 7.833770e-04
2.351563e+00, 7.775513e-04, 7.775631e-04
2.367188e+00, 7.715120e-04, 7.715232e-04
2.382813e+00, 7.652528e-04, 7.652632e-04
2.398438e+00, 7.587798e-04, 7.587894e-04
2.414063e+00, 7.520991e-04, 7.521080e-04
2.429688e+00, 7.452173e-04, 7.452255e-04
2.445313e+00, 7.381411e-04, 7.381485e-04
2.460938e+00, 7.308771e-04, 7.308838e-04
2.476563e+00, 7.234323e-04, 7.234382e-04
2.492188e+00, 7.158137e-04, 7.158188e-04
2.507813e+00, 7.080283e-04, 7.080326e-04
2.523438e+00, 7.000834e-04, 7.000870e-04
2.539063e+00, 6.919863e-04, 6.919891e-04
2.554688e+00, 6.837444e-04, 6.837464e-04
2.570313e+00, 6.753651e-04, 6.753663e-04
2.585938e+00, 6.668559e-04, 6.668564e-04
2.601563e+00, 6.582243e-04, 6.582240e-04
2.617188e+00, 6.494778e-04, 6.494768e-04
2.632813e+00, 6.406242e-04, 6.406225e-04
2.648438e+00, 6.316709e-04, 6.316685e-04
2.664063e+00, 6.226256e-04, 6.226225e-04
2.679688e+00, 6.134958e-04, 6.134920e-04
2.695313e+00, 6.042891e-04, 6.042846e-04
2.710938e+00, 5.950130e-04, 5.950079e-04
2.726563e+00, 5.856751e-04, 5.856693e-04
2.742188e+00, 5.762826e-04, 5.762763e-04
2.757813e+00, 5.668431e-04, 5.668361e-04
2.773438e+00, 5.573638e-04, 5.573562e-04
2.789063e+00, 5.478519e-04, 5.478438e-04
2.804688e+00, 5.383146e-04, 5.383059e-04
2.820313e+00, 5.287588e-04, 5.287497e-04
2.835938e+00, 5.191916e-04, 5.191820e-04
2.851563e+00, 5.096197e-04, 5.096097e-04
2.867188e+00, 5.000499e-04, 5.000394e-04
2.882813e+00, 4.904887e-04, 4.904778e-04
2.898438e+00, 4.809425e-04, 4.809313e-04
2.914063e+00, 4.714177e-04, 4.714061e-04
2.929688e+00, 4.619204e-04, 4.619085e-04
2.945313e+00, 4.524566e-04, 4.524444e-04
2.960938e+00, 4.430322e-04, 4.430197e-04
2.976563e+00, 4.336528e-04, 4.336400e-04
2.992188e+00, 4.243239e-04, 4.243109e-04
3.007813e+00, 4.150510e-04, 4.150378e-04
3.023438e+00, 4.058391e-04, 4.058258e-04
3.039063e+00, 3.966933e-04, 3.966798e-04
3.054688e+00, 3.876184e-04, 3.876048e-04
3.070313e+00, 3.786190e-04, 3.786053e-04
3.085938e+00, 3.696996e-04, 3.696859e-04
3.101563e+00, 3.608644e-04, 3.608506e-04
3.117188e+00, 3.521176e-04, 3.521038e-04
3.132813e+00, 3.434629e-04, 3.434491e-04
3.148438e+00, 3.349041e-04, 3.348904e-04
3.164063e+00, 3.264447e-04, 3.264311e-04
3.179688e+00, 3.180881e-04, 3.180745e-04
3.195313e+00, 3.098372e-04, 3.098238e-04
3.210938e+00, 3.016952e-04, 3.016818e-04
3.226563e+00, 2.936646e-04, 2.936514e-04
3.242188e+00, 2.857482e-04, 2.857351e-04
3.257813e+00, 2.779481e-04, 2.779353e-04
3.273438e+00, 2.702667e-04, 2.702540e-04
3.289063e+00, 2.627060e-04, 2.626935e-04
3.304688e+00, 2.552677e-04, 2.552554e-04
3.320313e+00, 2.479535e-04, 2.479415e-04
3.335938e+00, 2.407649e-04, 2.407531e-04
3.351563e+00, 2.337031e-04, 2.336916e-04
3.367188e+00, 2.267694e-04, 2.267582e-04
3.382813e+00, 2.199646e-04, 2.199537e-04
3.398438e+00, 2.132897e-04, 2.132791e-04
3.414063e+00, 2.067451e-04, 2.067348e-04
3.429688e+00, 2.003315e-04, 2.003215e-04
3.445313e+00, 1.940491e-04, 1.940395e-04
3.460938e+00, 1.878982e-04, 1.878889e-04
3.476563e+00, 1.818788e-04, 1.818699e-04
3.492188e+00, 1.759909e-04, 1.759822e-04
3.507813e+00, 1.702341e-04, 1.702258e-04
3.523438e+00, 1.646082e-04, 1.646003e-04
3.539063e+00, 1.591128e-04, 1.591052e-04
3.554688e+00, 1.537471e-04, 1.537399e-04
3.570313e+00, 1.485106e-04, 1.485038e-04
3.585938e+00, 1.434024e-04, 1.433959e-04
3.601563e+00, 1.384216e-04, 1.384155e-04
3.617188e+00, 1.335672e-04, 1.335615e-04
3.632813e+00, 1.288380e-04, 1.288327e-04
3.648438e+00, 1.242330e-04, 1.242280e-04
3.664063e+00, 1.197508e-04, 1.197462e-04
3.679688e+00, 1.153900e-04, 1.153858e-04
3.695313e+00, 1.111492e-04, 1.111454e-04
3.710938e+00, 1.070270e-04, 1.070235e-04
3.726563e+00, 1.030216e-04, 1.030185e-04
3.742188e+00, 9.913156e-05, 9.912882e-05
3.757813e+00, 9.535511e-05, 9.535275e-05
3.773438e+00, 9.169052e-05, 9.168853e-05
3.789063e+00, 8.813600e-05, 8.813438e-05
3.804688e+00, 8.468969e-05, 8.468846e-05
3.820313e+00, 8.134974e-05, 8.134890e-05
3.835938e+00, 7.811423e-05, 7.811378e-05
3.851563e+00, 7.498121e-05, 7.498116e-05
3.867188e+00, 7.194872e-05, 7.194907e-05
3.882813e+00, 6.901475e-05, 6.901552e-05
3.898438e+00, 6.617729e-05, 6.617850e-05
3.914063e+00, 6.343432e-05, 6.343597e-05
3.929688e+00, 6.078378e-05, 6.078589e-05
3.945313e+00, 5.822362e-05, 5.822620e-05
3.960938e+00, 5.575178e-05, 5.575486e-05
3.976563e+00, 5.336618e-05, 5.336980e-05
3.992188e+00, 5.106477e-05, 5.106895e-05
4.007813e+00, 4.884549e-05, 4.885025e-05
4.023438e+00, 4.670626e-05, 4.671165e-05
4.039063e+00, 4.464503e-05, 4.465110e-05
4.054688e+00, 4.265977e-05, 4.266657e-05
4.070313e+00, 4.074844e-05, 4.075602e-05
4.085938e+00, 3.890903e-05, 3.891745e-05
4.101563e+00, 3.713953e-05, 3.714886e-05
4.117188e+00, 3.543796e-05, 3.544828e-05
4.132813e+00, 3.380235e-05, 3.381375e-05
4.148438e+00, 3.223078e-05, 3.224334e-05
4.164063e+00, 3.072131e-05, 3.073515e-05
4.179688e+00, 2.927205e-05, 2.928729e-05
4.195313e+00, 2.788114e-05, 2.789790e-05
4.210938e+00, 2.654674e-05, 2.656516e-05
4.226563e+00, 2.526702e-05, 2.528726e-05
4.242188e+00, 2.404021e-05, 2.406245e-05
4.257813e+00, 2.286456e-05, 2.288897e-05
4.273438e+00, 2.173833e-05, 2.176513e-05
4.289063e+00, 2.065984e-05, 2.068926e-05
4.304688e+00, 1.962743e-05, 1.965971e-05
4.320313e+00, 1.863947e-05, 1.867487e-05
4.335938e+00, 1.769436e-05, 1.773319e-05
4.351563e+00, 1.679055e-05, 1.683312e-05
4.367188e+00, 1.592650e-05, 1.597316e-05
4.382813e+00, 1.510072e-05, 1.515185e-05
4.398438e+00, 1.431175e-05, 1.436776e-05
4.414063e+00, 1.355815e-05, 1.361949e-05
4.429688e+00, 1.283855e-05, 1.290569e-05
4.445313e+00, 1.215156e-05, 1.222504e-05
4.460938e+00, 1.149586e-05, 1.157625e-05
4.476563e+00, 1.087017e-05, 1.095807e-05
4.492188e+00, 1.027320e-05, 1.036928e-05
4.507813e+00, 9.703737e-06, 9.808703e-06
4.523438e+00, 9.160568e-06, 9.275200e-06
4.539063e+00, 8.642528e-06, 8.767655e-06
4.554688e+00, 8.148474e-06, 8.284994e-06
4.570313e+00, 7.677296e-06, 7.826174e-06
4.585938e+00, 7.227910e-06, 7.390185e-06
4.601563e+00, 6.799263e-06, 6.976051e-06
4.617188e+00, 6.390326e-06, 6.582828e-06
4.632813e+00, 6.000102e-06, 6.209605e-06
4.648438e+00, 5.627611e-06, 5.855499e-06
4.664063e+00, 5.271906e-06, 5.519662e-06
4.679688e+00, 4.932059e-06, 5.201271e-06
4.695313e+00, 4.607167e-06, 4.899537e-06
4.710938e+00, 4.296347e-06, 4.613698e-06
4.726563e+00, 3.998739e-06, 4.343020e-06
4.742188e+00, 3.713500e-06, 4.086797e-06
4.757813e+00, 3.439811e-06, 3.844349e-06
4.773438e+00, 3.176864e-06, 3.615023e-06
4.789063e+00, 2.923873e-06, 3.398192e-06
4.804688e+00, 2.680063e-06, 3.193252e-06
4.820313e+00, 2.444680e-06, 2.999626e-06
4.835938e+00, 2.216975e-06, 2.816758e-06
4.851563e+00, 1.996219e-06, 2.644116e-06
4.867188e+00, 1.781686e-06, 2.481190e-06
4.882813e+00, 1.572669e-06, 2.327492e-06
4.898438e+00, 1.368459e-06, 2.182552e-06
4.914063e+00, 1.168364e-06, 2.045925e-06
4.929688e+00, 9.716915e-07, 1.917183e-06
4.945313e+00, 7.777586e-07, 1.795915e-06
4.960938e+00, 5.858803e-07, 1.681731e-06
4.976563e+00, 3.953809e-07, 1.574257e-06
4.992188e+00, 2.055787e-07, 1.473138e-06
5.000000e+00, 1.107370e-07, 1.424855e-06


