#At time: 0.000000e+00, nsteps= 0

0.000000e+00, 0.000000e+00, NaN
1.953125e-03, 0.000000e+00, 0.000000e+00
5.859375e-03, 0.000000e+00, 0.000000e+00
9.765625e-03, 0.000000e+00, 0.000000e+00
1.367188e-02, 0.000000e+00, 0.000000e+00
1.757813e-02, 0.000000e+00, 0.000000e+00
2.148438e-02, 0.000000e+00, 0.000000e+00
2.539063e-02, 0.000000e+00, 0.000000e+00
2.929688e-02, 0.000000e+00, 0.000000e+00
3.320313e-02, 0.000000e+00, 0.000000e+00
3.710938e-02, 0.000000e+00, 0.000000e+00
4.101563e-02, 0.000000e+00, 0.000000e+00
4.492188e-02, 0.000000e+00, 0.000000e+00
4.882813e-02, 0.000000e+00, 0.000000e+00
5.273438e-02, 0.000000e+00, 0.000000e+00
5.664063e-02, 0.000000e+00, 0.000000e+00
6.054688e-02, 0.000000e+00, 0.000000e+00
6.445313e-02, 0.000000e+00, 0.000000e+00
6.835938e-02, 0.000000e+00, 0.000000e+00
7.226563e-02, 0.000000e+00, 0.000000e+00
7.617188e-02, 0.000000e+00, 0.000000e+00
8.007813e-02, 0.000000e+00, 0.000000e+00
8.398438e-02, 0.000000e+00, 0.000000e+00
8.789063e-02, 0.000000e+00, 0.000000e+00
9.179688e-02, 0.000000e+00, 0.000000e+00
9.570313e-02, 0.000000e+00, 0.000000e+00
9.960938e-02, 0.000000e+00, 0.000000e+00
1.035156e-01, 0.000000e+00, 0.000000e+00
1.074219e-01, 0.000000e+00, 0.000000e+00
1.113281e-01, 0.000000e+00, 0.000000e+00
1.152344e-01, 0.000000e+00, 0.000000e+00
1.191406e-01, 0.000000e+00, 0.000000e+00
1.230469e-01, 0.000000e+00, 0.000000e+00
1.269531e-01, 0.000000e+00, 0.000000e+00
1.308594e-01, 0.000000e+00, 0.000000e+00
1.347656e-01, 0.000000e+00, 0.000000e+00
1.386719e-01, 0.000000e+00, 0.000000e+00
1.425781e-01, 0.000000e+00, 0.000000e+00
1.464844e-01, 0.000000e+00, 0.000000e+00
1.503906e-01, 0.000000e+00, 0.000000e+00
1.542969e-01, 0.000000e+00, 0.000000e+00
1.582031e-01, 0.000000e+00, 0.000000e+00
1.621094e-01, 0.000000e+00, 0.000000e+00
1.660156e-01, 0.000000e+00, 0.000000e+00
1.699219e-01, 0.000000e+00, 0.000000e+00
1.738281e-01, 0.000000e+00, 0.000000e+00
1.777344e-01, 0.000000e+00, 0.000000e+00
1.816406e-01, 0.000000e+00, 0.000000e+00
1.855469e-01, 0.000000e+00, 0.000000e+00
1.894531e-01, 0.000000e+00, 0.000000e+00
1.933594e-01, 0.000000e+00, 0.000000e+00
1.972656e-01, 0.000000e+00, 0.000000e+00
2.011719e-01, 0.000000e+00, 0.000000e+00
2.050781e-01, 0.000000e+00, 0.000000e+00
2.089844e-01, 0.000000e+00, 0.000000e+00
2.128906e-01, 0.000000e+00, 0.000000e+00
2.167969e-01, 0.000000e+00, 0.000000e+00
2.207031e-01, 0.000000e+00, 0.000000e+00
2.246094e-01, 0.000000e+00, 0.000000e+00
2.285156e-01, 0.000000e+00, 0.000000e+00
2.324219e-01, 0.000000e+00, 0.000000e+00
2.363281e-01, 0.000000e+00, 0.000000e+00
2.402344e-01, 0.000000e+00, 0.000000e+00
2.441406e-01, 0.000000e+00, 0.000000e+00
2.480469e-01, 0.000000e+00, 0.000000e+00
2.519531e-01, 0.000000e+00, 0.000000e+00
2.558594e-01, 0.000000e+00, 0.000000e+00
2.597656e-01, 0.000000e+00, 0.000000e+00
2.636719e-01, 0.000000e+00, 0.000000e+00
2.675781e-01, 0.000000e+00, 0.000000e+00
2.714844e-01, 0.000000e+00, 0.000000e+00
2.753906e-01, 0.000000e+00, 0.000000e+00
2.792969e-01, 0.000000e+00, 0.000000e+00
2.832031e-01, 0.000000e+00, 0.000000e+00
2.871094e-01, 0.000000e+00, 0.000000e+00
2.910156e-01, 0.000000e+00, 0.000000e+00
2.949219e-01, 0.000000e+00, 0.000000e+00
2.988281e-01, 0.000000e+00, 0.000000e+00
3.027344e-01, 0.000000e+00, 0.000000e+00
3.066406e-01, 0.000000e+00, 0.000000e+00
3.105469e-01, 0.000000e+00, 0.000000e+00
3.144531e-01, 0.000000e+00, 0.000000e+00
3.183594e-01, 0.000000e+00, 0.000000e+00
3.222656e-01, 0.000000e+00, 0.000000e+00
3.261719e-01, 0.000000e+00, 0.000000e+00
3.300781e-01, 0.000000e+00, 0.000000e+00
3.339844e-01, 0.000000e+00, 0.000000e+00
3.378906e-01, 0.000000e+00, 0.000000e+00
3.417969e-01, 0.000000e+00, 0.000000e+00
3.457031e-01, 0.000000e+00, 0.000000e+00
3.496094e-01, 0.000000e+00, 0.000000e+00
3.535156e-01, 0.000000e+00, 0.000000e+00
3.574219e-01, 0.000000e+00, 0.000000e+00
3.613281e-01, 0.000000e+00, 0.000000e+00
3.652344e-01, 0.000000e+00, 0.000000e+00
3.691406e-01, 0.000000e+00, 0.000000e+00
3.730469e-01, 0.000000e+00, 0.000000e+00
3.769531e-01, 0.000000e+00, 0.000000e+00
3.808594e-01, 0.000000e+00, 0.000000e+00
3.847656e-01, 0.000000e+00, 0.000000e+00
3.886719e-01, 0.000000e+00, 0.000000e+00
3.925781e-01, 0.000000e+00, 0.000000e+00
3.964844e-01, 0.000000e+00, 0.000000e+00
4.003906e-01, 0.000000e+00, 0.000000e+00
4.042969e-01, 0.000000e+00, 0.000000e+00
4.082031e-01, 0.000000e+00, 0.000000e+00
4.121094e-01, 0.000000e+00, 0.000000e+00
4.160156e-01, 0.000000e+00, 0.000000e+00
4.199219e-01, 0.000000e+00, 0.000000e+00
4.238281e-01, 0.000000e+00, 0.000000e+00
4.277344e-01, 0.000000e+00, 0.000000e+00
4.316406e-01, 0.000000e+00, 0.000000e+00
4.355469e-01, 0.000000e+00, 0.000000e+00
4.394531e-01, 0.000000e+00, 0.000000e+00
4.433594e-01, 0.000000e+00, 0.000000e+00
4.472656e-01, 0.000000e+00, 0.000000e+00
4.511719e-01, 0.000000e+00, 0.000000e+00
4.550781e-01, 0.000000e+00, 0.000000e+00
4.589844e-01, 0.000000e+00, 0.000000e+00
4.628906e-01, 0.000000e+00, 0.000000e+00
4.667969e-01, 0.000000e+00, 0.000000e+00
4.707031e-01, 0.000000e+00, 0.000000e+00
4.746094e-01, 0.000000e+00, 0.000000e+00
4.785156e-01, 0.000000e+00, 0.000000e+00
4.824219e-01, 0.000000e+00, 0.000000e+00
4.863281e-01, 0.000000e+00, 0.000000e+00
4.902344e-01, 0.000000e+00, 0.000000e+00
4.941406e-01, 0.000000e+00, 0.000000e+00
4.980469e-01, 0.000000e+00, 0.000000e+00
5.019531e-01, 0.000000e+00, 0.000000e+00
5.058594e-01, 0.000000e+00, 0.000000e+00
5.097656e-01, 0.000000e+00, 0.000000e+00
5.136719e-01, 0.000000e+00, 0.000000e+00
5.175781e-01, 0.000000e+00, 0.000000e+00
5.214844e-01, 0.000000e+00, 0.000000e+00
5.253906e-01, 0.000000e+00, 0.000000e+00
5.292969e-01, 0.000000e+00, 0.000000e+00
5.332031e-01, 0.000000e+00, 0.000000e+00
5.371094e-01, 0.000000e+00, 0.000000e+00
5.410156e-01, 0.000000e+00, 0.000000e+00
5.449219e-01, 0.000000e+00, 0.000000e+00
5.488281e-01, 0.000000e+00, 0.000000e+00
5.527344e-01, 0.000000e+00, 0.000000e+00
5.566406e-01, 0.000000e+00, 0.000000e+00
5.605469e-01, 0.000000e+00, 0.000000e+00
5.644531e-01, 0.000000e+00, 0.000000e+00
5.683594e-01, 0.000000e+00, 0.000000e+00
5.722656e-01, 0.000000e+00, 0.000000e+00
5.761719e-01, 0.000000e+00, 0.000000e+00
5.800781e-01, 0.000000e+00, 0.000000e+00
5.839844e-01, 0.000000e+00, 0.000000e+00
5.878906e-01, 0.000000e+00, 0.000000e+00
5.917969e-01, 0.000000e+00, 0.000000e+00
5.957031e-01, 0.000000e+00, 0.000000e+00
5.996094e-01, 0.000000e+00, 0.000000e+00
6.035156e-01, 0.000000e+00, 0.000000e+00
6.074219e-01, 0.000000e+00, 0.000000e+00
6.113281e-01, 0.000000e+00, 0.000000e+00
6.152344e-01, 0.000000e+00, 0.000000e+00
6.191406e-01, 0.000000e+00, 0.000000e+00
6.230469e-01, 0.000000e+00, 0.000000e+00
6.269531e-01, 0.000000e+00, 0.000000e+00
6.308594e-01, 0.000000e+00, 0.000000e+00
6.347656e-01, 0.000000e+00, 0.000000e+00
6.386719e-01, 0.000000e+00, 0.000000e+00
6.425781e-01, 0.000000e+00, 0.000000e+00
6.464844e-01, 0.000000e+00, 0.000000e+00
6.503906e-01, 0.000000e+00, 0.000000e+00
6.542969e-01, 0.000000e+00, 0.000000e+00
6.582031e-01, 0.000000e+00, 0.000000e+00
6.621094e-01, 0.000000e+00, 0.000000e+00
6.660156e-01, 0.000000e+00, 0.000000e+00
6.699219e-01, 0.000000e+00, 0.000000e+00
6.738281e-01, 0.000000e+00, 0.000000e+00
6.777344e-01, 0.000000e+00, 0.000000e+00
6.816406e-01, 0.000000e+00, 0.000000e+00
6.855469e-01, 0.000000e+00, 0.000000e+00
6.894531e-01, 0.000000e+00, 0.000000e+00
6.933594e-01, 0.000000e+00, 0.000000e+00
6.972656e-01, 0.000000e+00, 0.000000e+00
7.011719e-01, 0.000000e+00, 0.000000e+00
7.050781e-01, 0.000000e+00, 0.000000e+00
7.089844e-01, 0.000000e+00, 0.000000e+00
7.128906e-01, 0.000000e+00, 0.000000e+00
7.167969e-01, 0.000000e+00, 0.000000e+00
7.207031e-01, 0.000000e+00, 0.000000e+00
7.246094e-01, 0.000000e+00, 0.000000e+00
7.285156e-01, 0.000000e+00, 0.000000e+00
7.324219e-01, 0.000000e+00, 0.000000e+00
7.363281e-01, 0.000000e+00, 0.000000e+00
7.402344e-01, 0.000000e+00, 0.000000e+00
7.441406e-01, 0.000000e+00, 0.000000e+00
7.480469e-01, 0.000000e+00, 0.000000e+00
7.519531e-01, 0.000000e+00, 0.000000e+00
7.558594e-01, 0.000000e+00, 0.000000e+00
7.597656e-01, 0.000000e+00, 0.000000e+00
7.636719e-01, 0.000000e+00, 0.000000e+00
7.675781e-01, 0.000000e+00, 0.000000e+00
7.714844e-01, 0.000000e+00, 0.000000e+00
7.753906e-01, 0.000000e+00, 0.000000e+00
7.792969e-01, 0.000000e+00, 0.000000e+00
7.832031e-01, 0.000000e+00, 0.000000e+00
7.871094e-01, 0.000000e+00, 0.000000e+00
7.910156e-01, 0.000000e+00, 0.000000e+00
7.949219e-01, 0.000000e+00, 0.000000e+00
7.988281e-01, 0.000000e+00, 0.000000e+00
8.027344e-01, 0.000000e+00, 0.000000e+00
8.066406e-01, 0.000000e+00, 0.000000e+00
8.105469e-01, 0.000000e+00, 0.000000e+00
8.144531e-01, 0.000000e+00, 0.000000e+00
8.183594e-01, 0.000000e+00, 0.000000e+00
8.222656e-01, 0.000000e+00, 0.000000e+00
8.261719e-01, 0.000000e+00, 0.000000e+00
8.300781e-01, 0.000000e+00, 0.000000e+00
8.339844e-01, 0.000000e+00, 0.000000e+00
8.378906e-01, 0.000000e+00, 0.000000e+00
8.417969e-01, 0.000000e+00, 0.000000e+00
8.457031e-01, 0.000000e+00, 0.000000e+00
8.496094e-01, 0.000000e+00, 0.000000e+00
8.535156e-01, 0.000000e+00, 0.000000e+00
8.574219e-01, 0.000000e+00, 0.000000e+00
8.613281e-01, 0.000000e+00, 0.000000e+00
8.652344e-01, 0.000000e+00, 0.000000e+00
8.691406e-01, 0.000000e+00, 0.000000e+00
8.730469e-01, 0.000000e+00, 0.000000e+00
8.769531e-01, 0.000000e+00, 0.000000e+00
8.808594e-01, 0.000000e+00, 0.000000e+00
8.847656e-01, 0.000000e+00, 0.000000e+00
8.886719e-01, 0.000000e+00, 0.000000e+00
8.925781e-01, 0.000000e+00, 0.000000e+00
8.964844e-01, 0.000000e+00, 0.000000e+00
9.003906e-01, 0.000000e+00, 0.000000e+00
9.042969e-01, 0.000000e+00, 0.000000e+00
9.082031e-01, 0.000000e+00, 0.000000e+00
9.121094e-01, 0.000000e+00, 0.000000e+00
9.160156e-01, 0.000000e+00, 0.000000e+00
9.199219e-01, 0.000000e+00, 0.000000e+00
9.238281e-01, 0.000000e+00, 0.000000e+00
9.277344e-01, 0.000000e+00, 0.000000e+00
9.316406e-01, 0.000000e+00, 0.000000e+00
9.355469e-01, 0.000000e+00, 0.000000e+00
9.394531e-01, 0.000000e+00, 0.000000e+00
9.433594e-01, 0.000000e+00, 0.000000e+00
9.472656e-01, 0.000000e+00, 0.000000e+00
9.511719e-01, 0.000000e+00, 0.000000e+00
9.550781e-01, 0.000000e+00, 0.000000e+00
9.589844e-01, 0.000000e+00, 0.000000e+00
9.628906e-01, 0.000000e+00, 0.000000e+00
9.667969e-01, 0.000000e+00, 0.000000e+00
9.707031e-01, 0.000000e+00, 0.000000e+00
9.746094e-01, 0.000000e+00, 0.000000e+00
9.785156e-01, 0.000000e+00, 0.000000e+00
9.824219e-01, 0.000000e+00, 0.000000e+00
9.863281e-01, 0.000000e+00, 0.000000e+00
9.902344e-01, 0.000000e+00, 0.000000e+00
9.941406e-01, 0.000000e+00, 0.000000e+00
9.980469e-01, 0.000000e+00, 0.000000e+00
1.000000e+00, 0.000000e+00, 0.000000e+00

#At time: 2.500000e+01, nsteps= 327680

0.000000e+00, 1.000000e+00, 1.000000e+00
1.953125e-03, 9.973500e-01, 9.993031e-01
5.859375e-03, 9.998624e-01, 9.979092e-01
9.765625e-03, 9.945623e-01, 9.965154e-01
1.367188e-02, 9.970747e-01, 9.951216e-01
1.757813e-02, 9.917746e-01, 9.937278e-01
2.148438e-02, 9.942871e-01, 9.923340e-01
2.539063e-02, 9.889871e-01, 9.909402e-01
2.929688e-02, 9.914996e-01, 9.895464e-01
3.320313e-02, 9.861996e-01, 9.881527e-01
3.710938e-02, 9.887122e-01, 9.867591e-01
4.101563e-02, 9.834123e-01, 9.853654e-01
4.492188e-02, 9.859250e-01, 9.839718e-01
4.882813e-02, 9.806252e-01, 9.825783e-01
5.273438e-02, 9.831380e-01, 9.811848e-01
5.664063e-02, 9.778383e-01, 9.797914e-01
6.054688e-02, 9.803512e-01, 9.783980e-01
6.445313e-02, 9.750516e-01, 9.770047e-01
6.835938e-02, 9.775646e-01, 9.756115e-01
7.226563e-02, 9.722652e-01, 9.742183e-01
7.617188e-02, 9.747784e-01, 9.728252e-01
8.007813e-02, 9.694792e-01, 9.714322e-01
8.398438e-02, 9.719925e-01, 9.700393e-01
8.789063e-02, 9.666934e-01, 9.686465e-01
9.179688e-02, 9.692070e-01, 9.672538e-01
9.570313e-02, 9.639081e-01, 9.658612e-01
9.960938e-02, 9.664218e-01, 9.644687e-01
1.035156e-01, 9.611232e-01, 9.630762e-01
1.074219e-01, 9.636371e-01, 9.616839e-01
1.113281e-01, 9.583387e-01, 9.602918e-01
1.152344e-01, 9.608529e-01, 9.588997e-01
1.191406e-01, 9.555547e-01, 9.575078e-01
1.230469e-01, 9.580691e-01, 9.561160e-01
1.269531e-01, 9.527712e-01, 9.547243e-01
1.308594e-01, 9.552859e-01, 9.533328e-01
1.347656e-01, 9.499883e-01, 9.519414e-01
1.386719e-01, 9.525033e-01, 9.505501e-01
1.425781e-01, 9.472060e-01, 9.491590e-01
1.464844e-01, 9.497213e-01, 9.477681e-01
1.503906e-01, 9.444243e-01, 9.463773e-01
1.542969e-01, 9.469399e-01, 9.449867e-01
1.582031e-01, 9.416432e-01, 9.435963e-01
1.621094e-01, 9.441592e-01, 9.422060e-01
1.660156e-01, 9.388628e-01, 9.408159e-01
1.699219e-01, 9.413792e-01, 9.394260e-01
1.738281e-01, 9.360832e-01, 9.380362e-01
1.777344e-01, 9.385999e-01, 9.366467e-01
1.816406e-01, 9.333043e-01, 9.352573e-01
1.855469e-01, 9.358214e-01, 9.338682e-01
1.894531e-01, 9.305262e-01, 9.324792e-01
1.933594e-01, 9.330437e-01, 9.310905e-01
1.972656e-01, 9.277489e-01, 9.297019e-01
2.011719e-01, 9.302668e-01, 9.283136e-01
2.050781e-01, 9.249725e-01, 9.269255e-01
2.089844e-01, 9.274908e-01, 9.255376e-01
2.128906e-01, 9.221969e-01, 9.241499e-01
2.167969e-01, 9.247157e-01, 9.227625e-01
2.207031e-01, 9.194223e-01, 9.213753e-01
2.246094e-01, 9.219416e-01, 9.199884e-01
2.285156e-01, 9.166486e-01, 9.186017e-01
2.324219e-01, 9.191684e-01, 9.172152e-01
2.363281e-01, 9.138760e-01, 9.158290e-01
2.402344e-01, 9.163963e-01, 9.144430e-01
2.441406e-01, 9.111043e-01, 9.130573e-01
2.480469e-01, 9.136251e-01, 9.116719e-01
2.519531e-01, 9.083337e-01, 9.102867e-01
2.558594e-01, 9.108551e-01, 9.089019e-01
2.597656e-01, 9.055642e-01, 9.075172e-01
2.636719e-01, 9.080861e-01, 9.061329e-01
2.675781e-01, 9.027959e-01, 9.047489e-01
2.714844e-01, 9.053183e-01, 9.033651e-01
2.753906e-01, 9.000286e-01, 9.019816e-01
2.792969e-01, 9.025517e-01, 9.005985e-01
2.832031e-01, 8.972626e-01, 8.992156e-01
2.871094e-01, 8.997863e-01, 8.978331e-01
2.910156e-01, 8.944978e-01, 8.964508e-01
2.949219e-01, 8.970221e-01, 8.950689e-01
2.988281e-01, 8.917343e-01, 8.936873e-01
3.027344e-01, 8.942592e-01, 8.923060e-01
3.066406e-01, 8.889720e-01, 8.909250e-01
3.105469e-01, 8.914976e-01, 8.895444e-01
3.144531e-01, 8.862111e-01, 8.881641e-01
3.183594e-01, 8.887374e-01, 8.867841e-01
3.222656e-01, 8.834515e-01, 8.854045e-01
3.261719e-01, 8.859785e-01, 8.840252e-01
3.300781e-01, 8.806933e-01, 8.826463e-01
3.339844e-01, 8.832210e-01, 8.812677e-01
3.378906e-01, 8.779365e-01, 8.798895e-01
3.417969e-01, 8.804649e-01, 8.785117e-01
3.457031e-01, 8.751812e-01, 8.771342e-01
3.496094e-01, 8.777104e-01, 8.757571e-01
3.535156e-01, 8.724274e-01, 8.743804e-01
3.574219e-01, 8.749573e-01, 8.730040e-01
3.613281e-01, 8.696751e-01, 8.716281e-01
3.652344e-01, 8.722058e-01, 8.702525e-01
3.691406e-01, 8.669243e-01, 8.688773e-01
3.730469e-01, 8.694558e-01, 8.675025e-01
3.769531e-01, 8.641752e-01, 8.661281e-01
3.808594e-01, 8.667075e-01, 8.647542e-01
3.847656e-01, 8.614276e-01, 8.633806e-01
3.886719e-01, 8.639607e-01, 8.620074e-01
3.925781e-01, 8.586817e-01, 8.606347e-01
3.964844e-01, 8.612157e-01, 8.592624e-01
4.003906e-01, 8.559375e-01, 8.578905e-01
4.042969e-01, 8.584723e-01, 8.565190e-01
4.082031e-01, 8.531950e-01, 8.551480e-01
4.121094e-01, 8.557307e-01, 8.537774e-01
4.160156e-01, 8.504543e-01, 8.524072e-01
4.199219e-01, 8.529908e-01, 8.510375e-01
4.238281e-01, 8.477153e-01, 8.496683e-01
4.277344e-01, 8.502528e-01, 8.482995e-01
4.316406e-01, 8.449782e-01, 8.469311e-01
4.355469e-01, 8.475165e-01, 8.455632e-01
4.394531e-01, 8.422429e-01, 8.441958e-01
4.433594e-01, 8.447822e-01, 8.428289e-01
4.472656e-01, 8.395094e-01, 8.414624e-01
4.511719e-01, 8.420497e-01, 8.400964e-01
4.550781e-01, 8.367779e-01, 8.387309e-01
4.589844e-01, 8.393191e-01, 8.373658e-01
4.628906e-01, 8.340483e-01, 8.360013e-01
4.667969e-01, 8.365905e-01, 8.346372e-01
4.707031e-01, 8.313207e-01, 8.332737e-01
4.746094e-01, 8.338639e-01, 8.319106e-01
4.785156e-01, 8.285951e-01, 8.305481e-01
4.824219e-01, 8.311394e-01, 8.291860e-01
4.863281e-01, 8.258716e-01, 8.278245e-01
4.902344e-01, 8.284168e-01, 8.264635e-01
4.941406e-01, 8.231501e-01, 8.251030e-01
4.980469e-01, 8.256964e-01, 8.237431e-01
5.019531e-01, 8.204307e-01, 8.223836e-01
5.058594e-01, 8.229781e-01, 8.210247e-01
5.097656e-01, 8.177134e-01, 8.196664e-01
5.136719e-01, 8.202619e-01, 8.183085e-01
5.175781e-01, 8.149984e-01, 8.169513e-01
5.214844e-01, 8.175479e-01, 8.155945e-01
5.253906e-01, 8.122854e-01, 8.142384e-01
5.292969e-01, 8.148361e-01, 8.128827e-01
5.332031e-01, 8.095748e-01, 8.115277e-01
5.371094e-01, 8.121265e-01, 8.101732e-01
5.410156e-01, 8.068664e-01, 8.088193e-01
5.449219e-01, 8.094193e-01, 8.074659e-01
5.488281e-01, 8.041602e-01, 8.061131e-01
5.527344e-01, 8.067143e-01, 8.047609e-01
5.566406e-01, 8.014564e-01, 8.034093e-01
5.605469e-01, 8.040116e-01, 8.020583e-01
5.644531e-01, 7.987550e-01, 8.007079e-01
5.683594e-01, 8.013114e-01, 7.993580e-01
5.722656e-01, 7.960559e-01, 7.980088e-01
5.761719e-01, 7.986135e-01, 7.966601e-01
5.800781e-01, 7.933592e-01, 7.953121e-01
5.839844e-01, 7.959181e-01, 7.939647e-01
5.878906e-01, 7.906650e-01, 7.926179e-01
5.917969e-01, 7.932251e-01, 7.912717e-01
5.957031e-01, 7.879732e-01, 7.899261e-01
5.996094e-01, 7.905346e-01, 7.885812e-01
6.035156e-01, 7.852840e-01, 7.872369e-01
6.074219e-01, 7.878466e-01, 7.858932e-01
6.113281e-01, 7.825973e-01, 7.845502e-01
6.152344e-01, 7.851612e-01, 7.832078e-01
6.191406e-01, 7.799132e-01, 7.818660e-01
6.230469e-01, 7.824783e-01, 7.805249e-01
6.269531e-01, 7.772316e-01, 7.791845e-01
6.308594e-01, 7.797981e-01, 7.778447e-01
6.347656e-01, 7.745527e-01, 7.765055e-01
6.386719e-01, 7.771205e-01, 7.751671e-01
6.425781e-01, 7.718764e-01, 7.738293e-01
6.464844e-01, 7.744455e-01, 7.724921e-01
6.503906e-01, 7.692028e-01, 7.711557e-01
6.542969e-01, 7.717733e-01, 7.698199e-01
6.582031e-01, 7.665320e-01, 7.684848e-01
6.621094e-01, 7.691038e-01, 7.671504e-01
6.660156e-01, 7.638638e-01, 7.658167e-01
6.699219e-01, 7.664371e-01, 7.644837e-01
6.738281e-01, 7.611985e-01, 7.631514e-01
6.777344e-01, 7.637731e-01, 7.618197e-01
6.816406e-01, 7.585360e-01, 7.604888e-01
6.855469e-01, 7.611120e-01, 7.591586e-01
6.894531e-01, 7.558763e-01, 7.578291e-01
6.933594e-01, 7.584537e-01, 7.565003e-01
6.972656e-01, 7.532194e-01, 7.551723e-01
7.011719e-01, 7.557983e-01, 7.538449e-01
7.050781e-01, 7.505655e-01, 7.525183e-01
7.089844e-01, 7.531458e-01, 7.511924e-01
7.128906e-01, 7.479144e-01, 7.498673e-01
7.167969e-01, 7.504963e-01, 7.485429e-01
7.207031e-01, 7.452664e-01, 7.472192e-01
7.246094e-01, 7.478497e-01, 7.458963e-01
7.285156e-01, 7.426213e-01, 7.445741e-01
7.324219e-01, 7.452061e-01, 7.432527e-01
7.363281e-01, 7.399792e-01, 7.419320e-01
7.402344e-01, 7.425655e-01, 7.406121e-01
7.441406e-01, 7.373401e-01, 7.392930e-01
7.480469e-01, 7.399280e-01, 7.379746e-01
7.519531e-01, 7.347041e-01, 7.366570e-01
7.558594e-01, 7.372936e-01, 7.353401e-01
7.597656e-01, 7.320713e-01, 7.340241e-01
7.636719e-01, 7.346622e-01, 7.327088e-01
7.675781e-01, 7.294415e-01, 7.313943e-01
7.714844e-01, 7.320340e-01, 7.300806e-01
7.753906e-01, 7.268149e-01, 7.287677e-01
7.792969e-01, 7.294090e-01, 7.274556e-01
7.832031e-01, 7.241914e-01, 7.261443e-01
7.871094e-01, 7.267872e-01, 7.248338e-01
7.910156e-01, 7.215712e-01, 7.235240e-01
7.949219e-01, 7.241686e-01, 7.222151e-01
7.988281e-01, 7.189542e-01, 7.209071e-01
8.027344e-01, 7.215532e-01, 7.195998e-01
8.066406e-01, 7.163405e-01, 7.182933e-01
8.105469e-01, 7.189411e-01, 7.169877e-01
8.144531e-01, 7.137301e-01, 7.156829e-01
8.183594e-01, 7.163324e-01, 7.143789e-01
8.222656e-01, 7.111230e-01, 7.130758e-01
8.261719e-01, 7.137269e-01, 7.117735e-01
8.300781e-01, 7.085192e-01, 7.104720e-01
8.339844e-01, 7.111249e-01, 7.091714e-01
8.378906e-01, 7.059188e-01, 7.078716e-01
8.417969e-01, 7.085262e-01, 7.065727e-01
8.457031e-01, 7.033218e-01, 7.052746e-01
8.496094e-01, 7.059309e-01, 7.039774e-01
8.535156e-01, 7.007283e-01, 7.026811e-01
8.574219e-01, 7.033391e-01, 7.013856e-01
8.613281e-01, 6.981382e-01, 7.000910e-01
8.652344e-01, 7.007507e-01, 6.987972e-01
8.691406e-01, 6.955516e-01, 6.975044e-01
8.730469e-01, 6.981658e-01, 6.962124e-01
8.769531e-01, 6.929685e-01, 6.949213e-01
8.808594e-01, 6.955845e-01, 6.936310e-01
8.847656e-01, 6.903889e-01, 6.923417e-01
8.886719e-01, 6.930067e-01, 6.910532e-01
8.925781e-01, 6.878129e-01, 6.897657e-01
8.964844e-01, 6.904325e-01, 6.884790e-01
9.003906e-01, 6.852405e-01, 6.871933e-01
9.042969e-01, 6.878619e-01, 6.859084e-01
9.082031e-01, 6.826717e-01, 6.846245e-01
9.121094e-01, 6.852949e-01, 6.833414e-01
9.160156e-01, 6.801065e-01, 6.820593e-01
9.199219e-01, 6.827316e-01, 6.807781e-01
9.238281e-01, 6.775450e-01, 6.794978e-01
9.277344e-01, 6.801719e-01, 6.782185e-01
9.316406e-01, 6.749873e-01, 6.769400e-01
9.355469e-01, 6.776160e-01, 6.756625e-01
9.394531e-01, 6.724332e-01, 6.743860e-01
9.433594e-01, 6.750638e-01, 6.731103e-01
9.472656e-01, 6.698829e-01, 6.718356e-01
9.511719e-01, 6.725154e-01, 6.705619e-01
9.550781e-01, 6.673363e-01, 6.692891e-01
9.589844e-01, 6.699707e-01, 6.680172e-01
9.628906e-01, 6.647935e-01, 6.667463e-01
9.667969e-01, 6.674299e-01, 6.654764e-01
9.707031e-01, 6.622546e-01, 6.642074e-01
9.746094e-01, 6.648928e-01, 6.629394e-01
9.785156e-01, 6.597195e-01, 6.616723e-01
9.824219e-01, 6.623597e-01, 6.604062e-01
9.863281e-01, 6.571883e-01, 6.591411e-01
9.902344e-01, 6.598304e-01, 6.578769e-01
9.941406e-01, 6.546610e-01, 6.566138e-01
9.980469e-01, 6.573051e-01, 6.553516e-01
1.000000e+00, 6.547208e-01, 6.547208e-01

#At time: 5.000000e+01, nsteps= 655360

0.000000e+00, 1.000000e+00, 1.000000e+00
1.953125e-03, 9.975541e-01, 9.995072e-01
5.859375e-03, 1.000475e+00, 9.985216e-01
9.765625e-03, 9.955829e-01, 9.975360e-01
1.367188e-02, 9.985035e-01, 9.965504e-01
1.757813e-02, 9.936117e-01, 9.955648e-01
2.148438e-02, 9.965324e-01, 9.945792e-01
2.539063e-02, 9.916406e-01, 9.935937e-01
2.929688e-02, 9.945612e-01, 9.926081e-01
3.320313e-02, 9.896694e-01, 9.916226e-01
3.710938e-02, 9.925902e-01, 9.906370e-01
4.101563e-02, 9.876984e-01, 9.896515e-01
4.492188e-02, 9.906191e-01, 9.886660e-01
4.882813e-02, 9.857274e-01, 9.876805e-01
5.273438e-02, 9.886482e-01, 9.866950e-01
5.664063e-02, 9.837565e-01, 9.857096e-01
6.054688e-02, 9.866773e-01, 9.847242e-01
6.445313e-02, 9.817856e-01, 9.837387e-01
6.835938e-02, 9.847065e-01, 9.827534e-01
7.226563e-02, 9.798149e-01, 9.817680e-01
7.617188e-02, 9.827358e-01, 9.807827e-01
8.007813e-02, 9.778443e-01, 9.797974e-01
8.398438e-02, 9.807653e-01, 9.788121e-01
8.789063e-02, 9.758738e-01, 9.778269e-01
9.179688e-02, 9.787948e-01, 9.768417e-01
9.570313e-02, 9.739034e-01, 9.758565e-01
9.960938e-02, 9.768245e-01, 9.748714e-01
1.035156e-01, 9.719332e-01, 9.738863e-01
1.074219e-01, 9.748544e-01, 9.729012e-01
1.113281e-01, 9.699631e-01, 9.719162e-01
1.152344e-01, 9.728844e-01, 9.709313e-01
1.191406e-01, 9.679932e-01, 9.699464e-01
1.230469e-01, 9.709146e-01, 9.689615e-01
1.269531e-01, 9.660235e-01, 9.679766e-01
1.308594e-01, 9.689450e-01, 9.669919e-01
1.347656e-01, 9.640540e-01, 9.660071e-01
1.386719e-01, 9.669756e-01, 9.650225e-01
1.425781e-01, 9.620847e-01, 9.640378e-01
1.464844e-01, 9.650064e-01, 9.630533e-01
1.503906e-01, 9.601156e-01, 9.620688e-01
1.542969e-01, 9.630374e-01, 9.610843e-01
1.582031e-01, 9.581468e-01, 9.600999e-01
1.621094e-01, 9.610687e-01, 9.591156e-01
1.660156e-01, 9.561782e-01, 9.581313e-01
1.699219e-01, 9.591002e-01, 9.571471e-01
1.738281e-01, 9.542098e-01, 9.561629e-01
1.777344e-01, 9.571320e-01, 9.551789e-01
1.816406e-01, 9.522418e-01, 9.541949e-01
1.855469e-01, 9.551641e-01, 9.532109e-01
1.894531e-01, 9.502739e-01, 9.522270e-01
1.933594e-01, 9.531964e-01, 9.512433e-01
1.972656e-01, 9.483064e-01, 9.502595e-01
2.011719e-01, 9.512290e-01, 9.492759e-01
2.050781e-01, 9.463392e-01, 9.482923e-01
2.089844e-01, 9.492620e-01, 9.473088e-01
2.128906e-01, 9.443723e-01, 9.463254e-01
2.167969e-01, 9.472953e-01, 9.453421e-01
2.207031e-01, 9.424058e-01, 9.443589e-01
2.246094e-01, 9.453289e-01, 9.433757e-01
2.285156e-01, 9.404395e-01, 9.423926e-01
2.324219e-01, 9.433628e-01, 9.414096e-01
2.363281e-01, 9.384737e-01, 9.404267e-01
2.402344e-01, 9.413971e-01, 9.394439e-01
2.441406e-01, 9.365081e-01, 9.384612e-01
2.480469e-01, 9.394318e-01, 9.374786e-01
2.519531e-01, 9.345430e-01, 9.364961e-01
2.558594e-01, 9.374668e-01, 9.355137e-01
2.597656e-01, 9.325782e-01, 9.345313e-01
2.636719e-01, 9.355023e-01, 9.335491e-01
2.675781e-01, 9.306139e-01, 9.325670e-01
2.714844e-01, 9.335381e-01, 9.315849e-01
2.753906e-01, 9.286499e-01, 9.306030e-01
2.792969e-01, 9.315744e-01, 9.296212e-01
2.832031e-01, 9.266864e-01, 9.286395e-01
2.871094e-01, 9.296111e-01, 9.276579e-01
2.910156e-01, 9.247233e-01, 9.266764e-01
2.949219e-01, 9.276482e-01, 9.256950e-01
2.988281e-01, 9.227607e-01, 9.247138e-01
3.027344e-01, 9.256858e-01, 9.237326e-01
3.066406e-01, 9.207985e-01, 9.227516e-01
3.105469e-01, 9.237238e-01, 9.217707e-01
3.144531e-01, 9.188368e-01, 9.207899e-01
3.183594e-01, 9.217624e-01, 9.198092e-01
3.222656e-01, 9.168756e-01, 9.188286e-01
3.261719e-01, 9.198014e-01, 9.178482e-01
3.300781e-01, 9.149148e-01, 9.168679e-01
3.339844e-01, 9.178409e-01, 9.158877e-01
3.378906e-01, 9.129546e-01, 9.149077e-01
3.417969e-01, 9.158809e-01, 9.139277e-01
3.457031e-01, 9.109949e-01, 9.129479e-01
3.496094e-01, 9.139215e-01, 9.119683e-01
3.535156e-01, 9.090357e-01, 9.109888e-01
3.574219e-01, 9.119625e-01, 9.100094e-01
3.613281e-01, 9.070770e-01, 9.090301e-01
3.652344e-01, 9.100042e-01, 9.080510e-01
3.691406e-01, 9.051190e-01, 9.070720e-01
3.730469e-01, 9.080464e-01, 9.060932e-01
3.769531e-01, 9.031614e-01, 9.051145e-01
3.808594e-01, 9.060891e-01, 9.041359e-01
3.847656e-01, 9.012045e-01, 9.031575e-01
3.886719e-01, 9.041325e-01, 9.021793e-01
3.925781e-01, 8.992481e-01, 9.012012e-01
3.964844e-01, 9.021764e-01, 9.002232e-01
4.003906e-01, 8.972923e-01, 8.992454e-01
4.042969e-01, 9.002209e-01, 8.982678e-01
4.082031e-01, 8.953372e-01, 8.972903e-01
4.121094e-01, 8.982661e-01, 8.963129e-01
4.160156e-01, 8.933827e-01, 8.953357e-01
4.199219e-01, 8.963119e-01, 8.943587e-01
4.238281e-01, 8.914288e-01, 8.933818e-01
4.277344e-01, 8.943583e-01, 8.924051e-01
4.316406e-01, 8.894755e-01, 8.914286e-01
4.355469e-01, 8.924054e-01, 8.904522e-01
4.394531e-01, 8.875229e-01, 8.894760e-01
4.433594e-01, 8.904532e-01, 8.885000e-01
4.472656e-01, 8.855710e-01, 8.875241e-01
4.511719e-01, 8.885016e-01, 8.865484e-01
4.550781e-01, 8.836198e-01, 8.855729e-01
4.589844e-01, 8.865507e-01, 8.845975e-01
4.628906e-01, 8.816693e-01, 8.836223e-01
4.667969e-01, 8.846005e-01, 8.826473e-01
4.707031e-01, 8.797194e-01, 8.816725e-01
4.746094e-01, 8.826510e-01, 8.806978e-01
4.785156e-01, 8.777703e-01, 8.797234e-01
4.824219e-01, 8.807023e-01, 8.787491e-01
4.863281e-01, 8.758219e-01, 8.777750e-01
4.902344e-01, 8.787542e-01, 8.768010e-01
4.941406e-01, 8.738743e-01, 8.758273e-01
4.980469e-01, 8.768070e-01, 8.748538e-01
5.019531e-01, 8.719274e-01, 8.738804e-01
5.058594e-01, 8.748604e-01, 8.729072e-01
5.097656e-01, 8.699812e-01, 8.719343e-01
5.136719e-01, 8.729147e-01, 8.709615e-01
5.175781e-01, 8.680359e-01, 8.699889e-01
5.214844e-01, 8.709697e-01, 8.690165e-01
5.253906e-01, 8.660913e-01, 8.680443e-01
5.292969e-01, 8.690255e-01, 8.670723e-01
5.332031e-01, 8.641475e-01, 8.661006e-01
5.371094e-01, 8.670822e-01, 8.651290e-01
5.410156e-01, 8.622045e-01, 8.641576e-01
5.449219e-01, 8.651396e-01, 8.631864e-01
5.488281e-01, 8.602624e-01, 8.622154e-01
5.527344e-01, 8.631979e-01, 8.612447e-01
5.566406e-01, 8.583211e-01, 8.602741e-01
5.605469e-01, 8.612570e-01, 8.593038e-01
5.644531e-01, 8.563806e-01, 8.583337e-01
5.683594e-01, 8.593170e-01, 8.573637e-01
5.722656e-01, 8.544410e-01, 8.563940e-01
5.761719e-01, 8.573778e-01, 8.554246e-01
5.800781e-01, 8.525023e-01, 8.544553e-01
5.839844e-01, 8.554395e-01, 8.534863e-01
5.878906e-01, 8.505644e-01, 8.525174e-01
5.917969e-01, 8.535020e-01, 8.515488e-01
5.957031e-01, 8.486274e-01, 8.505804e-01
5.996094e-01, 8.515655e-01, 8.496123e-01
6.035156e-01, 8.466913e-01, 8.486444e-01
6.074219e-01, 8.496299e-01, 8.476767e-01
6.113281e-01, 8.447562e-01, 8.467092e-01
6.152344e-01, 8.476952e-01, 8.457420e-01
6.191406e-01, 8.428219e-01, 8.447750e-01
6.230469e-01, 8.457614e-01, 8.438082e-01
6.269531e-01, 8.408886e-01, 8.428417e-01
6.308594e-01, 8.438286e-01, 8.418754e-01
6.347656e-01, 8.389563e-01, 8.409093e-01
6.386719e-01, 8.418967e-01, 8.399435e-01
6.425781e-01, 8.370249e-01, 8.389779e-01
6.464844e-01, 8.399658e-01, 8.380126e-01
6.503906e-01, 8.350944e-01, 8.370475e-01
6.542969e-01, 8.380358e-01, 8.360826e-01
6.582031e-01, 8.331650e-01, 8.351180e-01
6.621094e-01, 8.361069e-01, 8.341537e-01
6.660156e-01, 8.312365e-01, 8.331896e-01
6.699219e-01, 8.341789e-01, 8.322257e-01
6.738281e-01, 8.293091e-01, 8.312621e-01
6.777344e-01, 8.322520e-01, 8.302987e-01
6.816406e-01, 8.273826e-01, 8.293357e-01
6.855469e-01, 8.303260e-01, 8.283728e-01
6.894531e-01, 8.254572e-01, 8.274102e-01
6.933594e-01, 8.284011e-01, 8.264479e-01
6.972656e-01, 8.235328e-01, 8.254859e-01
7.011719e-01, 8.264773e-01, 8.245241e-01
7.050781e-01, 8.216095e-01, 8.235625e-01
7.089844e-01, 8.245545e-01, 8.226013e-01
7.128906e-01, 8.196872e-01, 8.216403e-01
7.167969e-01, 8.226327e-01, 8.206795e-01
7.207031e-01, 8.177660e-01, 8.197191e-01
7.246094e-01, 8.207121e-01, 8.187589e-01
7.285156e-01, 8.158459e-01, 8.177989e-01
7.324219e-01, 8.187925e-01, 8.168393e-01
7.363281e-01, 8.139269e-01, 8.158799e-01
7.402344e-01, 8.168740e-01, 8.149208e-01
7.441406e-01, 8.120090e-01, 8.139620e-01
7.480469e-01, 8.149567e-01, 8.130034e-01
7.519531e-01, 8.100922e-01, 8.120452e-01
7.558594e-01, 8.130404e-01, 8.110872e-01
7.597656e-01, 8.081765e-01, 8.101295e-01
7.636719e-01, 8.111253e-01, 8.091721e-01
7.675781e-01, 8.062619e-01, 8.082149e-01
7.714844e-01, 8.092113e-01, 8.072581e-01
7.753906e-01, 8.043485e-01, 8.063015e-01
7.792969e-01, 8.072985e-01, 8.053453e-01
7.832031e-01, 8.024363e-01, 8.043893e-01
7.871094e-01, 8.053869e-01, 8.034336e-01
7.910156e-01, 8.005252e-01, 8.024782e-01
7.949219e-01, 8.034764e-01, 8.015231e-01
7.988281e-01, 7.986153e-01, 8.005683e-01
8.027344e-01, 8.015671e-01, 7.996138e-01
8.066406e-01, 7.967066e-01, 7.986596e-01
8.105469e-01, 7.996590e-01, 7.977057e-01
8.144531e-01, 7.947991e-01, 7.967521e-01
8.183594e-01, 7.977521e-01, 7.957989e-01
8.222656e-01, 7.928929e-01, 7.948459e-01
8.261719e-01, 7.958464e-01, 7.938932e-01
8.300781e-01, 7.909878e-01, 7.929408e-01
8.339844e-01, 7.939420e-01, 7.919887e-01
8.378906e-01, 7.890840e-01, 7.910370e-01
8.417969e-01, 7.920388e-01, 7.900855e-01
8.457031e-01, 7.871814e-01, 7.891344e-01
8.496094e-01, 7.901368e-01, 7.881836e-01
8.535156e-01, 7.852801e-01, 7.872331e-01
8.574219e-01, 7.882361e-01, 7.862829e-01
8.613281e-01, 7.833800e-01, 7.853330e-01
8.652344e-01, 7.863367e-01, 7.843835e-01
8.691406e-01, 7.814812e-01, 7.834342e-01
8.730469e-01, 7.844386e-01, 7.824853e-01
8.769531e-01, 7.795838e-01, 7.815368e-01
8.808594e-01, 7.825418e-01, 7.805885e-01
8.847656e-01, 7.776876e-01, 7.796406e-01
8.886719e-01, 7.806462e-01, 7.786930e-01
8.925781e-01, 7.757927e-01, 7.777457e-01
8.964844e-01, 7.787520e-01, 7.767988e-01
9.003906e-01, 7.738991e-01, 7.758521e-01
9.042969e-01, 7.768591e-01, 7.749059e-01
9.082031e-01, 7.720069e-01, 7.739599e-01
9.121094e-01, 7.749676e-01, 7.730143e-01
9.160156e-01, 7.701160e-01, 7.720690e-01
9.199219e-01, 7.730774e-01, 7.711241e-01
9.238281e-01, 7.682265e-01, 7.701795e-01
9.277344e-01, 7.711885e-01, 7.692353e-01
9.316406e-01, 7.663383e-01, 7.682913e-01
9.355469e-01, 7.693010e-01, 7.673478e-01
9.394531e-01, 7.644516e-01, 7.664045e-01
9.433594e-01, 7.674149e-01, 7.654617e-01
9.472656e-01, 7.625661e-01, 7.645191e-01
9.511719e-01, 7.655302e-01, 7.635770e-01
9.550781e-01, 7.606821e-01, 7.626351e-01
9.589844e-01, 7.636469e-01, 7.616936e-01
9.628906e-01, 7.587995e-01, 7.607525e-01
9.667969e-01, 7.617650e-01, 7.598117e-01
9.707031e-01, 7.569183e-01, 7.588713e-01
9.746094e-01, 7.598845e-01, 7.579313e-01
9.785156e-01, 7.550386e-01, 7.569916e-01
9.824219e-01, 7.580055e-01, 7.560522e-01
9.863281e-01, 7.531602e-01, 7.551132e-01
9.902344e-01, 7.561279e-01, 7.541746e-01
9.941406e-01, 7.512834e-01, 7.532363e-01
9.980469e-01, 7.542517e-01, 7.522984e-01
1.000000e+00, 7.518296e-01, 7.518296e-01

#At time: 7.500000e+01, nsteps= 983040

0.000000e+00, 1.000000e+00, 1.000000e+00
1.953125e-03, 9.976445e-01, 9.995976e-01
5.859375e-03, 1.000746e+00, 9.987929e-01
9.765625e-03, 9.960350e-01, 9.979882e-01
1.367188e-02, 9.991365e-01, 9.971834e-01
1.757813e-02, 9.944256e-01, 9.963787e-01
2.148438e-02, 9.975271e-01, 9.955740e-01
2.539063e-02, 9.928161e-01, 9.947692e-01
2.929688e-02, 9.959177e-01, 9.939645e-01
3.320313e-02, 9.912067e-01, 9.931598e-01
3.710938e-02, 9.943082e-01, 9.923551e-01
4.101563e-02, 9.895973e-01, 9.915504e-01
4.492188e-02, 9.926988e-01, 9.907457e-01
4.882813e-02, 9.879879e-01, 9.899410e-01
5.273438e-02, 9.910895e-01, 9.891364e-01
5.664063e-02, 9.863786e-01, 9.883317e-01
6.054688e-02, 9.894802e-01, 9.875271e-01
6.445313e-02, 9.847693e-01, 9.867224e-01
6.835938e-02, 9.878709e-01, 9.859178e-01
7.226563e-02, 9.831601e-01, 9.851132e-01
7.617188e-02, 9.862618e-01, 9.843086e-01
8.007813e-02, 9.815509e-01, 9.835040e-01
8.398438e-02, 9.846526e-01, 9.826995e-01
8.789063e-02, 9.799418e-01, 9.818950e-01
9.179688e-02, 9.830436e-01, 9.810904e-01
9.570313e-02, 9.783328e-01, 9.802859e-01
9.960938e-02, 9.814346e-01, 9.794814e-01
1.035156e-01, 9.767239e-01, 9.786770e-01
1.074219e-01, 9.798257e-01, 9.778725e-01
1.113281e-01, 9.751150e-01, 9.770681e-01
1.152344e-01, 9.782169e-01, 9.762637e-01
1.191406e-01, 9.735062e-01, 9.754594e-01
1.230469e-01, 9.766082e-01, 9.746550e-01
1.269531e-01, 9.718976e-01, 9.738507e-01
1.308594e-01, 9.749995e-01, 9.730464e-01
1.347656e-01, 9.702890e-01, 9.722421e-01
1.386719e-01, 9.733910e-01, 9.714379e-01
1.425781e-01, 9.686806e-01, 9.706337e-01
1.464844e-01, 9.717827e-01, 9.698295e-01
1.503906e-01, 9.670723e-01, 9.690254e-01
1.542969e-01, 9.701744e-01, 9.682213e-01
1.582031e-01, 9.654641e-01, 9.674172e-01
1.621094e-01, 9.685663e-01, 9.666131e-01
1.660156e-01, 9.638560e-01, 9.658091e-01
1.699219e-01, 9.669583e-01, 9.650051e-01
1.738281e-01, 9.622481e-01, 9.642012e-01
1.777344e-01, 9.653504e-01, 9.633973e-01
1.816406e-01, 9.606403e-01, 9.625934e-01
1.855469e-01, 9.637427e-01, 9.617896e-01
1.894531e-01, 9.590327e-01, 9.609858e-01
1.933594e-01, 9.621352e-01, 9.601820e-01
1.972656e-01, 9.574252e-01, 9.593783e-01
2.011719e-01, 9.605278e-01, 9.585746e-01
2.050781e-01, 9.558179e-01, 9.577710e-01
2.089844e-01, 9.589205e-01, 9.569674e-01
2.128906e-01, 9.542108e-01, 9.561639e-01
2.167969e-01, 9.573135e-01, 9.553604e-01
2.207031e-01, 9.526038e-01, 9.545569e-01
2.246094e-01, 9.557066e-01, 9.537535e-01
2.285156e-01, 9.509970e-01, 9.529501e-01
2.324219e-01, 9.541000e-01, 9.521468e-01
2.363281e-01, 9.493904e-01, 9.513436e-01
2.402344e-01, 9.524935e-01, 9.505403e-01
2.441406e-01, 9.477841e-01, 9.497372e-01
2.480469e-01, 9.508872e-01, 9.489341e-01
2.519531e-01, 9.461779e-01, 9.481310e-01
2.558594e-01, 9.492811e-01, 9.473280e-01
2.597656e-01, 9.445719e-01, 9.465250e-01
2.636719e-01, 9.476753e-01, 9.457221e-01
2.675781e-01, 9.429662e-01, 9.449193e-01
2.714844e-01, 9.460696e-01, 9.441165e-01
2.753906e-01, 9.413606e-01, 9.433137e-01
2.792969e-01, 9.444642e-01, 9.425111e-01
2.832031e-01, 9.397553e-01, 9.417085e-01
2.871094e-01, 9.428590e-01, 9.409059e-01
2.910156e-01, 9.381503e-01, 9.401034e-01
2.949219e-01, 9.412541e-01, 9.393010e-01
2.988281e-01, 9.365455e-01, 9.384986e-01
3.027344e-01, 9.396494e-01, 9.376963e-01
3.066406e-01, 9.349409e-01, 9.368940e-01
3.105469e-01, 9.380450e-01, 9.360918e-01
3.144531e-01, 9.333366e-01, 9.352897e-01
3.183594e-01, 9.364408e-01, 9.344876e-01
3.222656e-01, 9.317326e-01, 9.336857e-01
3.261719e-01, 9.348369e-01, 9.328837e-01
3.300781e-01, 9.301288e-01, 9.320819e-01
3.339844e-01, 9.332332e-01, 9.312801e-01
3.378906e-01, 9.285253e-01, 9.304784e-01
3.417969e-01, 9.316299e-01, 9.296767e-01
3.457031e-01, 9.269221e-01, 9.288752e-01
3.496094e-01, 9.300268e-01, 9.280737e-01
3.535156e-01, 9.253191e-01, 9.272722e-01
3.574219e-01, 9.284240e-01, 9.264709e-01
3.613281e-01, 9.237165e-01, 9.256696e-01
3.652344e-01, 9.268215e-01, 9.248684e-01
3.691406e-01, 9.221142e-01, 9.240673e-01
3.730469e-01, 9.252194e-01, 9.232662e-01
3.769531e-01, 9.205121e-01, 9.224652e-01
3.808594e-01, 9.236175e-01, 9.216643e-01
3.847656e-01, 9.189104e-01, 9.208635e-01
3.886719e-01, 9.220159e-01, 9.200628e-01
3.925781e-01, 9.173090e-01, 9.192621e-01
3.964844e-01, 9.204147e-01, 9.184615e-01
4.003906e-01, 9.157080e-01, 9.176611e-01
4.042969e-01, 9.188138e-01, 9.168606e-01
4.082031e-01, 9.141072e-01, 9.160603e-01
4.121094e-01, 9.172132e-01, 9.152601e-01
4.160156e-01, 9.125068e-01, 9.144599e-01
4.199219e-01, 9.156130e-01, 9.136599e-01
4.238281e-01, 9.109068e-01, 9.128599e-01
4.277344e-01, 9.140132e-01, 9.120600e-01
4.316406e-01, 9.093071e-01, 9.112602e-01
4.355469e-01, 9.124137e-01, 9.104605e-01
4.394531e-01, 9.077078e-01, 9.096609e-01
4.433594e-01, 9.108145e-01, 9.088613e-01
4.472656e-01, 9.061088e-01, 9.080619e-01
4.511719e-01, 9.092157e-01, 9.072626e-01
4.550781e-01, 9.045102e-01, 9.064633e-01
4.589844e-01, 9.076173e-01, 9.056642e-01
4.628906e-01, 9.029120e-01, 9.048651e-01
4.667969e-01, 9.060193e-01, 9.040661e-01
4.707031e-01, 9.013142e-01, 9.032673e-01
4.746094e-01, 9.044217e-01, 9.024685e-01
4.785156e-01, 8.997168e-01, 9.016698e-01
4.824219e-01, 9.028244e-01, 9.008713e-01
4.863281e-01, 8.981197e-01, 9.000728e-01
4.902344e-01, 9.012276e-01, 8.992744e-01
4.941406e-01, 8.965231e-01, 8.984762e-01
4.980469e-01, 8.996312e-01, 8.976780e-01
5.019531e-01, 8.949269e-01, 8.968799e-01
5.058594e-01, 8.980352e-01, 8.960820e-01
5.097656e-01, 8.933311e-01, 8.952841e-01
5.136719e-01, 8.964396e-01, 8.944864e-01
5.175781e-01, 8.917357e-01, 8.936888e-01
5.214844e-01, 8.948444e-01, 8.928912e-01
5.253906e-01, 8.901407e-01, 8.920938e-01
5.292969e-01, 8.932497e-01, 8.912965e-01
5.332031e-01, 8.885462e-01, 8.904993e-01
5.371094e-01, 8.916554e-01, 8.897022e-01
5.410156e-01, 8.869521e-01, 8.889052e-01
5.449219e-01, 8.900615e-01, 8.881083e-01
5.488281e-01, 8.853585e-01, 8.873116e-01
5.527344e-01, 8.884681e-01, 8.865150e-01
5.566406e-01, 8.837653e-01, 8.857184e-01
5.605469e-01, 8.868752e-01, 8.849220e-01
5.644531e-01, 8.821726e-01, 8.841257e-01
5.683594e-01, 8.852827e-01, 8.833295e-01
5.722656e-01, 8.805804e-01, 8.825335e-01
5.761719e-01, 8.836907e-01, 8.817375e-01
5.800781e-01, 8.789886e-01, 8.809417e-01
5.839844e-01, 8.820992e-01, 8.801460e-01
5.878906e-01, 8.773974e-01, 8.793504e-01
5.917969e-01, 8.805081e-01, 8.785550e-01
5.957031e-01, 8.758066e-01, 8.777596e-01
5.996094e-01, 8.789176e-01, 8.769644e-01
6.035156e-01, 8.742163e-01, 8.761693e-01
6.074219e-01, 8.773275e-01, 8.753744e-01
6.113281e-01, 8.726265e-01, 8.745795e-01
6.152344e-01, 8.757380e-01, 8.737848e-01
6.191406e-01, 8.710372e-01, 8.729902e-01
6.230469e-01, 8.741490e-01, 8.721958e-01
6.269531e-01, 8.694484e-01, 8.714015e-01
6.308594e-01, 8.725604e-01, 8.706073e-01
6.347656e-01, 8.678601e-01, 8.698132e-01
6.386719e-01, 8.709724e-01, 8.690193e-01
6.425781e-01, 8.662724e-01, 8.682254e-01
6.464844e-01, 8.693850e-01, 8.674318e-01
6.503906e-01, 8.646852e-01, 8.666382e-01
6.542969e-01, 8.677980e-01, 8.658448e-01
6.582031e-01, 8.630985e-01, 8.650516e-01
6.621094e-01, 8.662116e-01, 8.642584e-01
6.660156e-01, 8.615124e-01, 8.634654e-01
6.699219e-01, 8.646258e-01, 8.626726e-01
6.738281e-01, 8.599268e-01, 8.618799e-01
6.777344e-01, 8.630405e-01, 8.610873e-01
6.816406e-01, 8.583418e-01, 8.602948e-01
6.855469e-01, 8.614557e-01, 8.595025e-01
6.894531e-01, 8.567573e-01, 8.587104e-01
6.933594e-01, 8.598715e-01, 8.579184e-01
6.972656e-01, 8.551734e-01, 8.571265e-01
7.011719e-01, 8.582879e-01, 8.563348e-01
7.050781e-01, 8.535901e-01, 8.555432e-01
7.089844e-01, 8.567049e-01, 8.547517e-01
7.128906e-01, 8.520074e-01, 8.539604e-01
7.167969e-01, 8.551225e-01, 8.531693e-01
7.207031e-01, 8.504252e-01, 8.523783e-01
7.246094e-01, 8.535406e-01, 8.515875e-01
7.285156e-01, 8.488437e-01, 8.507968e-01
7.324219e-01, 8.519594e-01, 8.500062e-01
7.363281e-01, 8.472627e-01, 8.492158e-01
7.402344e-01, 8.503787e-01, 8.484256e-01
7.441406e-01, 8.456824e-01, 8.476355e-01
7.480469e-01, 8.487987e-01, 8.468455e-01
7.519531e-01, 8.441027e-01, 8.460557e-01
7.558594e-01, 8.472193e-01, 8.452661e-01
7.597656e-01, 8.425235e-01, 8.444766e-01
7.636719e-01, 8.456405e-01, 8.436873e-01
7.675781e-01, 8.409451e-01, 8.428981e-01
7.714844e-01, 8.440623e-01, 8.421091e-01
7.753906e-01, 8.393672e-01, 8.413203e-01
7.792969e-01, 8.424848e-01, 8.405316e-01
7.832031e-01, 8.377900e-01, 8.397430e-01
7.871094e-01, 8.409079e-01, 8.389547e-01
7.910156e-01, 8.362134e-01, 8.381665e-01
7.949219e-01, 8.393316e-01, 8.373784e-01
7.988281e-01, 8.346375e-01, 8.365905e-01
8.027344e-01, 8.377560e-01, 8.358028e-01
8.066406e-01, 8.330622e-01, 8.350153e-01
8.105469e-01, 8.361811e-01, 8.342279e-01
8.144531e-01, 8.314876e-01, 8.334406e-01
8.183594e-01, 8.346068e-01, 8.326536e-01
8.222656e-01, 8.299136e-01, 8.318667e-01
8.261719e-01, 8.330332e-01, 8.310800e-01
8.300781e-01, 8.283404e-01, 8.302934e-01
8.339844e-01, 8.314602e-01, 8.295070e-01
8.378906e-01, 8.267678e-01, 8.287208e-01
8.417969e-01, 8.298880e-01, 8.279348e-01
8.457031e-01, 8.251959e-01, 8.271489e-01
8.496094e-01, 8.283164e-01, 8.263632e-01
8.535156e-01, 8.236247e-01, 8.255777e-01
8.574219e-01, 8.267456e-01, 8.247924e-01
8.613281e-01, 8.220542e-01, 8.240072e-01
8.652344e-01, 8.251754e-01, 8.232222e-01
8.691406e-01, 8.204843e-01, 8.224374e-01
8.730469e-01, 8.236060e-01, 8.216528e-01
8.769531e-01, 8.189152e-01, 8.208683e-01
8.808594e-01, 8.220372e-01, 8.200840e-01
8.847656e-01, 8.173469e-01, 8.192999e-01
8.886719e-01, 8.204692e-01, 8.185160e-01
8.925781e-01, 8.157792e-01, 8.177323e-01
8.964844e-01, 8.189019e-01, 8.169487e-01
9.003906e-01, 8.142123e-01, 8.161653e-01
9.042969e-01, 8.173353e-01, 8.153821e-01
9.082031e-01, 8.126461e-01, 8.145991e-01
9.121094e-01, 8.157695e-01, 8.138163e-01
9.160156e-01, 8.110806e-01, 8.130337e-01
9.199219e-01, 8.142044e-01, 8.122512e-01
9.238281e-01, 8.095159e-01, 8.114690e-01
9.277344e-01, 8.126401e-01, 8.106869e-01
9.316406e-01, 8.079520e-01, 8.099050e-01
9.355469e-01, 8.110765e-01, 8.091233e-01
9.394531e-01, 8.063888e-01, 8.083418e-01
9.433594e-01, 8.095137e-01, 8.075605e-01
9.472656e-01, 8.048263e-01, 8.067794e-01
9.511719e-01, 8.079517e-01, 8.059985e-01
9.550781e-01, 8.032647e-01, 8.052177e-01
9.589844e-01, 8.063904e-01, 8.044372e-01
9.628906e-01, 8.017038e-01, 8.036568e-01
9.667969e-01, 8.048299e-01, 8.028767e-01
9.707031e-01, 8.001437e-01, 8.020967e-01
9.746094e-01, 8.032702e-01, 8.013170e-01
9.785156e-01, 7.985844e-01, 8.005374e-01
9.824219e-01, 8.017113e-01, 7.997581e-01
9.863281e-01, 7.970258e-01, 7.989789e-01
9.902344e-01, 8.001531e-01, 7.981999e-01
9.941406e-01, 7.954681e-01, 7.974212e-01
9.980469e-01, 7.985958e-01, 7.966426e-01
1.000000e+00, 7.962534e-01, 7.962534e-01

#At time: 1.000000e+02, nsteps= 1310720

0.000000e+00, 1.000000e+00, 1.000000e+00
1.953125e-03, 9.976984e-01, 9.996515e-01
5.859375e-03, 1.000908e+00, 9.989546e-01
9.765625e-03, 9.963046e-01, 9.982577e-01
1.367188e-02, 9.995139e-01, 9.975608e-01
1.757813e-02, 9.949107e-01, 9.968639e-01
2.148438e-02, 9.981201e-01, 9.961669e-01
2.539063e-02, 9.935169e-01, 9.954700e-01
2.929688e-02, 9.967262e-01, 9.947731e-01
3.320313e-02, 9.921231e-01, 9.940762e-01
3.710938e-02, 9.953324e-01, 9.933793e-01
4.101563e-02, 9.907293e-01, 9.926824e-01
4.492188e-02, 9.939386e-01, 9.919855e-01
4.882813e-02, 9.893355e-01, 9.912886e-01
5.273438e-02, 9.925449e-01, 9.905918e-01
5.664063e-02, 9.879418e-01, 9.898949e-01
6.054688e-02, 9.911511e-01, 9.891980e-01
6.445313e-02, 9.865480e-01, 9.885012e-01
6.835938e-02, 9.897574e-01, 9.878043e-01
7.226563e-02, 9.851544e-01, 9.871075e-01
7.617188e-02, 9.883638e-01, 9.864106e-01
8.007813e-02, 9.837607e-01, 9.857138e-01
8.398438e-02, 9.869702e-01, 9.850170e-01
8.789063e-02, 9.823671e-01, 9.843202e-01
9.179688e-02, 9.855766e-01, 9.836234e-01
9.570313e-02, 9.809736e-01, 9.829267e-01
9.960938e-02, 9.841831e-01, 9.822299e-01
1.035156e-01, 9.795801e-01, 9.815332e-01
1.074219e-01, 9.827896e-01, 9.808364e-01
1.113281e-01, 9.781866e-01, 9.801397e-01
1.152344e-01, 9.813962e-01, 9.794430e-01
1.191406e-01, 9.767932e-01, 9.787463e-01
1.230469e-01, 9.800028e-01, 9.780497e-01
1.269531e-01, 9.753999e-01, 9.773530e-01
1.308594e-01, 9.786095e-01, 9.766564e-01
1.347656e-01, 9.740067e-01, 9.759598e-01
1.386719e-01, 9.772163e-01, 9.752632e-01
1.425781e-01, 9.726135e-01, 9.745666e-01
1.464844e-01, 9.758232e-01, 9.738700e-01
1.503906e-01, 9.712204e-01, 9.731735e-01
1.542969e-01, 9.744301e-01, 9.724770e-01
1.582031e-01, 9.698274e-01, 9.717805e-01
1.621094e-01, 9.730371e-01, 9.710840e-01
1.660156e-01, 9.684344e-01, 9.703876e-01
1.699219e-01, 9.716443e-01, 9.696911e-01
1.738281e-01, 9.670416e-01, 9.689947e-01
1.777344e-01, 9.702515e-01, 9.682983e-01
1.816406e-01, 9.656489e-01, 9.676020e-01
1.855469e-01, 9.688588e-01, 9.669056e-01
1.894531e-01, 9.642562e-01, 9.662093e-01
1.933594e-01, 9.674662e-01, 9.655130e-01
1.972656e-01, 9.628637e-01, 9.648168e-01
2.011719e-01, 9.660737e-01, 9.641205e-01
2.050781e-01, 9.614712e-01, 9.634243e-01
2.089844e-01, 9.646813e-01, 9.627282e-01
2.128906e-01, 9.600789e-01, 9.620320e-01
2.167969e-01, 9.632890e-01, 9.613359e-01
2.207031e-01, 9.586867e-01, 9.606398e-01
2.246094e-01, 9.618969e-01, 9.599437e-01
2.285156e-01, 9.572946e-01, 9.592477e-01
2.324219e-01, 9.605048e-01, 9.585517e-01
2.363281e-01, 9.559026e-01, 9.578557e-01
2.402344e-01, 9.591129e-01, 9.571598e-01
2.441406e-01, 9.545108e-01, 9.564639e-01
2.480469e-01, 9.577212e-01, 9.557680e-01
2.519531e-01, 9.531191e-01, 9.550722e-01
2.558594e-01, 9.563295e-01, 9.543764e-01
2.597656e-01, 9.517275e-01, 9.536806e-01
2.636719e-01, 9.549380e-01, 9.529849e-01
2.675781e-01, 9.503361e-01, 9.522892e-01
2.714844e-01, 9.535467e-01, 9.515936e-01
2.753906e-01, 9.489448e-01, 9.508979e-01
2.792969e-01, 9.521555e-01, 9.502023e-01
2.832031e-01, 9.475537e-01, 9.495068e-01
2.871094e-01, 9.507644e-01, 9.488113e-01
2.910156e-01, 9.461627e-01, 9.481158e-01
2.949219e-01, 9.493735e-01, 9.474204e-01
2.988281e-01, 9.447719e-01, 9.467250e-01
3.027344e-01, 9.479828e-01, 9.460297e-01
3.066406e-01, 9.433812e-01, 9.453343e-01
3.105469e-01, 9.465922e-01, 9.446391e-01
3.144531e-01, 9.419907e-01, 9.439439e-01
3.183594e-01, 9.452018e-01, 9.432487e-01
3.222656e-01, 9.406004e-01, 9.425535e-01
3.261719e-01, 9.438116e-01, 9.418584e-01
3.300781e-01, 9.392103e-01, 9.411634e-01
3.339844e-01, 9.424215e-01, 9.404684e-01
3.378906e-01, 9.378203e-01, 9.397734e-01
3.417969e-01, 9.410317e-01, 9.390785e-01
3.457031e-01, 9.364305e-01, 9.383836e-01
3.496094e-01, 9.396420e-01, 9.376888e-01
3.535156e-01, 9.350409e-01, 9.369940e-01
3.574219e-01, 9.382525e-01, 9.362993e-01
3.613281e-01, 9.336515e-01, 9.356046e-01
3.652344e-01, 9.368632e-01, 9.349100e-01
3.691406e-01, 9.322623e-01, 9.342154e-01
3.730469e-01, 9.354741e-01, 9.335209e-01
3.769531e-01, 9.308733e-01, 9.328264e-01
3.808594e-01, 9.340852e-01, 9.321320e-01
3.847656e-01, 9.294845e-01, 9.314376e-01
3.886719e-01, 9.326965e-01, 9.307433e-01
3.925781e-01, 9.280959e-01, 9.300490e-01
3.964844e-01, 9.313080e-01, 9.293548e-01
4.003906e-01, 9.267076e-01, 9.286607e-01
4.042969e-01, 9.299197e-01, 9.279666e-01
4.082031e-01, 9.253194e-01, 9.272725e-01
4.121094e-01, 9.285316e-01, 9.265785e-01
4.160156e-01, 9.239315e-01, 9.258846e-01
4.199219e-01, 9.271438e-01, 9.251907e-01
4.238281e-01, 9.225437e-01, 9.244968e-01
4.277344e-01, 9.257562e-01, 9.238031e-01
4.316406e-01, 9.211563e-01, 9.231094e-01
4.355469e-01, 9.243688e-01, 9.224157e-01
4.394531e-01, 9.197690e-01, 9.217221e-01
4.433594e-01, 9.229817e-01, 9.210286e-01
4.472656e-01, 9.183820e-01, 9.203351e-01
4.511719e-01, 9.215948e-01, 9.196417e-01
4.550781e-01, 9.169952e-01, 9.189483e-01
4.589844e-01, 9.202082e-01, 9.182550e-01
4.628906e-01, 9.156087e-01, 9.175618e-01
4.667969e-01, 9.188218e-01, 9.168686e-01
4.707031e-01, 9.142224e-01, 9.161755e-01
4.746094e-01, 9.174356e-01, 9.154825e-01
4.785156e-01, 9.128364e-01, 9.147895e-01
4.824219e-01, 9.160497e-01, 9.140966e-01
4.863281e-01, 9.114506e-01, 9.134037e-01
4.902344e-01, 9.146641e-01, 9.127110e-01
4.941406e-01, 9.100651e-01, 9.120182e-01
4.980469e-01, 9.132787e-01, 9.113256e-01
5.019531e-01, 9.086799e-01, 9.106330e-01
5.058594e-01, 9.118936e-01, 9.099405e-01
5.097656e-01, 9.072950e-01, 9.092481e-01
5.136719e-01, 9.105088e-01, 9.085557e-01
5.175781e-01, 9.059103e-01, 9.078634e-01
5.214844e-01, 9.091243e-01, 9.071711e-01
5.253906e-01, 9.045259e-01, 9.064790e-01
5.292969e-01, 9.077400e-01, 9.057869e-01
5.332031e-01, 9.031418e-01, 9.050948e-01
5.371094e-01, 9.063560e-01, 9.044029e-01
5.410156e-01, 9.017579e-01, 9.037110e-01
5.449219e-01, 9.049724e-01, 9.030192e-01
5.488281e-01, 9.003744e-01, 9.023275e-01
5.527344e-01, 9.035890e-01, 9.016358e-01
5.566406e-01, 8.989911e-01, 9.009442e-01
5.605469e-01, 9.022059e-01, 9.002527e-01
5.644531e-01, 8.976082e-01, 8.995613e-01
5.683594e-01, 9.008231e-01, 8.988699e-01
5.722656e-01, 8.962256e-01, 8.981787e-01
5.761719e-01, 8.994406e-01, 8.974875e-01
5.800781e-01, 8.948432e-01, 8.967963e-01
5.839844e-01, 8.980584e-01, 8.961053e-01
5.878906e-01, 8.934612e-01, 8.954143e-01
5.917969e-01, 8.966766e-01, 8.947234e-01
5.957031e-01, 8.920795e-01, 8.940326e-01
5.996094e-01, 8.952951e-01, 8.933419e-01
6.035156e-01, 8.906982e-01, 8.926513e-01
6.074219e-01, 8.939138e-01, 8.919607e-01
6.113281e-01, 8.893171e-01, 8.912702e-01
6.152344e-01, 8.925330e-01, 8.905798e-01
6.191406e-01, 8.879364e-01, 8.898895e-01
6.230469e-01, 8.911524e-01, 8.891992e-01
6.269531e-01, 8.865560e-01, 8.885091e-01
6.308594e-01, 8.897722e-01, 8.878190e-01
6.347656e-01, 8.851760e-01, 8.871291e-01
6.386719e-01, 8.883923e-01, 8.864392e-01
6.425781e-01, 8.837963e-01, 8.857493e-01
6.464844e-01, 8.870128e-01, 8.850596e-01
6.503906e-01, 8.824169e-01, 8.843700e-01
6.542969e-01, 8.856336e-01, 8.836804e-01
6.582031e-01, 8.810379e-01, 8.829910e-01
6.621094e-01, 8.842548e-01, 8.823016e-01
6.660156e-01, 8.796592e-01, 8.816123e-01
6.699219e-01, 8.828763e-01, 8.809231e-01
6.738281e-01, 8.782809e-01, 8.802340e-01
6.777344e-01, 8.814982e-01, 8.795450e-01
6.816406e-01, 8.769030e-01, 8.788561e-01
6.855469e-01, 8.801204e-01, 8.781673e-01
6.894531e-01, 8.755254e-01, 8.774785e-01
6.933594e-01, 8.787430e-01, 8.767899e-01
6.972656e-01, 8.741482e-01, 8.761013e-01
7.011719e-01, 8.773660e-01, 8.754129e-01
7.050781e-01, 8.727714e-01, 8.747245e-01
7.089844e-01, 8.759894e-01, 8.740362e-01
7.128906e-01, 8.713950e-01, 8.733481e-01
7.167969e-01, 8.746132e-01, 8.726600e-01
7.207031e-01, 8.700189e-01, 8.719720e-01
7.246094e-01, 8.732373e-01, 8.712841e-01
7.285156e-01, 8.686433e-01, 8.705963e-01
7.324219e-01, 8.718618e-01, 8.699087e-01
7.363281e-01, 8.672680e-01, 8.692211e-01
7.402344e-01, 8.704867e-01, 8.685336e-01
7.441406e-01, 8.658931e-01, 8.678462e-01
7.480469e-01, 8.691121e-01, 8.671589e-01
7.519531e-01, 8.645186e-01, 8.664717e-01
7.558594e-01, 8.677378e-01, 8.657846e-01
7.597656e-01, 8.631445e-01, 8.650976e-01
7.636719e-01, 8.663639e-01, 8.644107e-01
7.675781e-01, 8.617709e-01, 8.637239e-01
7.714844e-01, 8.649904e-01, 8.630373e-01
7.753906e-01, 8.603976e-01, 8.623507e-01
7.792969e-01, 8.636174e-01, 8.616642e-01
7.832031e-01, 8.590248e-01, 8.609778e-01
7.871094e-01, 8.622447e-01, 8.602916e-01
7.910156e-01, 8.576523e-01, 8.596054e-01
7.949219e-01, 8.608725e-01, 8.589194e-01
7.988281e-01, 8.562803e-01, 8.582334e-01
8.027344e-01, 8.595007e-01, 8.575476e-01
8.066406e-01, 8.549088e-01, 8.568618e-01
8.105469e-01, 8.581294e-01, 8.561762e-01
8.144531e-01, 8.535376e-01, 8.554907e-01
8.183594e-01, 8.567585e-01, 8.548053e-01
8.222656e-01, 8.521669e-01, 8.541200e-01
8.261719e-01, 8.553880e-01, 8.534348e-01
8.300781e-01, 8.507967e-01, 8.527497e-01
8.339844e-01, 8.540179e-01, 8.520648e-01
8.378906e-01, 8.494268e-01, 8.513799e-01
8.417969e-01, 8.526483e-01, 8.506952e-01
8.457031e-01, 8.480575e-01, 8.500105e-01
8.496094e-01, 8.512792e-01, 8.493260e-01
8.535156e-01, 8.466885e-01, 8.486416e-01
8.574219e-01, 8.499105e-01, 8.479573e-01
8.613281e-01, 8.453201e-01, 8.472732e-01
8.652344e-01, 8.485423e-01, 8.465891e-01
8.691406e-01, 8.439521e-01, 8.459052e-01
8.730469e-01, 8.471745e-01, 8.452213e-01
8.769531e-01, 8.425845e-01, 8.445376e-01
8.808594e-01, 8.458072e-01, 8.438540e-01
8.847656e-01, 8.412175e-01, 8.431706e-01
8.886719e-01, 8.444404e-01, 8.424872e-01
8.925781e-01, 8.398509e-01, 8.418040e-01
8.964844e-01, 8.430740e-01, 8.411208e-01
9.003906e-01, 8.384848e-01, 8.404378e-01
9.042969e-01, 8.417081e-01, 8.397550e-01
9.082031e-01, 8.371191e-01, 8.390722e-01
9.121094e-01, 8.403427e-01, 8.383896e-01
9.160156e-01, 8.357540e-01, 8.377070e-01
9.199219e-01, 8.389778e-01, 8.370246e-01
9.238281e-01, 8.343893e-01, 8.363424e-01
9.277344e-01, 8.376134e-01, 8.356602e-01
9.316406e-01, 8.330251e-01, 8.349782e-01
9.355469e-01, 8.362495e-01, 8.342963e-01
9.394531e-01, 8.316614e-01, 8.336145e-01
9.433594e-01, 8.348860e-01, 8.329329e-01
9.472656e-01, 8.302983e-01, 8.322513e-01
9.511719e-01, 8.335231e-01, 8.315699e-01
9.550781e-01, 8.289356e-01, 8.308887e-01
9.589844e-01, 8.321607e-01, 8.302075e-01
9.628906e-01, 8.275734e-01, 8.295265e-01
9.667969e-01, 8.307988e-01, 8.288456e-01
9.707031e-01, 8.262118e-01, 8.281648e-01
9.746094e-01, 8.294374e-01, 8.274842e-01
9.785156e-01, 8.248506e-01, 8.268037e-01
9.824219e-01, 8.280765e-01, 8.261233e-01
9.863281e-01, 8.234900e-01, 8.254431e-01
9.902344e-01, 8.267162e-01, 8.247630e-01
9.941406e-01, 8.221299e-01, 8.240830e-01
9.980469e-01, 8.253563e-01, 8.234031e-01
1.000000e+00, 8.230633e-01, 8.230633e-01

