#At time: 0.000000e+00, nsteps= 0


-1.000000e+00, 0.000000e+00, 0.000000e+00
-9.921875e-01, 0.000000e+00, 0.000000e+00
-9.765625e-01, 0.000000e+00, 0.000000e+00
-9.609375e-01, 0.000000e+00, 0.000000e+00
-9.453125e-01, 0.000000e+00, 0.000000e+00
-9.296875e-01, 0.000000e+00, 0.000000e+00
-9.140625e-01, 0.000000e+00, 0.000000e+00
-8.984375e-01, 0.000000e+00, 0.000000e+00
-8.828125e-01, 0.000000e+00, 0.000000e+00
-8.671875e-01, 0.000000e+00, 0.000000e+00
-8.515625e-01, 0.000000e+00, 0.000000e+00
-8.359375e-01, 0.000000e+00, 0.000000e+00
-8.203125e-01, 0.000000e+00, 0.000000e+00
-8.046875e-01, 0.000000e+00, 0.000000e+00
-7.890625e-01, 0.000000e+00, 0.000000e+00
-7.734375e-01, 0.000000e+00, 0.000000e+00
-7.578125e-01, 0.000000e+00, 0.000000e+00
-7.421875e-01, 0.000000e+00, 0.000000e+00
-7.265625e-01, 0.000000e+00, 0.000000e+00
-7.109375e-01, 0.000000e+00, 0.000000e+00
-6.953125e-01, 0.000000e+00, 0.000000e+00
-6.796875e-01, 0.000000e+00, 0.000000e+00
-6.640625e-01, 0.000000e+00, 0.000000e+00
-6.484375e-01, 0.000000e+00, 0.000000e+00
-6.328125e-01, 0.000000e+00, 0.000000e+00
-6.171875e-01, 0.000000e+00, 0.000000e+00
-6.015625e-01, 0.000000e+00, 0.000000e+00
-5.859375e-01, 0.000000e+00, 0.000000e+00
-5.703125e-01, 0.000000e+00, 0.000000e+00
-5.546875e-01, 0.000000e+00, 0.000000e+00
-5.390625e-01, 0.000000e+00, 0.000000e+00
-5.234375e-01, 0.000000e+00, 0.000000e+00
-5.078125e-01, 0.000000e+00, 0.000000e+00
-4.921875e-01, 0.000000e+00, 0.000000e+00
-4.765625e-01, 0.000000e+00, 0.000000e+00
-4.609375e-01, 0.000000e+00, 0.000000e+00
-4.453125e-01, 0.000000e+00, 0.000000e+00
-4.296875e-01, 0.000000e+00, 0.000000e+00
-4.140625e-01, 0.000000e+00, 0.000000e+00
-3.984375e-01, 0.000000e+00, 0.000000e+00
-3.828125e-01, 0.000000e+00, 0.000000e+00
-3.671875e-01, 0.000000e+00, 0.000000e+00
-3.515625e-01, 0.000000e+00, 0.000000e+00
-3.359375e-01, 0.000000e+00, 0.000000e+00
-3.203125e-01, 0.000000e+00, 0.000000e+00
-3.046875e-01, 0.000000e+00, 0.000000e+00
-2.890625e-01, 0.000000e+00, 0.000000e+00
-2.734375e-01, 0.000000e+00, 0.000000e+00
-2.578125e-01, 0.000000e+00, 0.000000e+00
-2.421875e-01, 0.000000e+00, 0.000000e+00
-2.265625e-01, 0.000000e+00, 0.000000e+00
-2.109375e-01, 0.000000e+00, 0.000000e+00
-1.953125e-01, 0.000000e+00, 0.000000e+00
-1.796875e-01, 0.000000e+00, 0.000000e+00
-1.640625e-01, 0.000000e+00, 0.000000e+00
-1.484375e-01, 0.000000e+00, 0.000000e+00
-1.328125e-01, 0.000000e+00, 0.000000e+00
-1.171875e-01, 0.000000e+00, 0.000000e+00
-1.015625e-01, 0.000000e+00, 0.000000e+00
-8.593750e-02, 0.000000e+00, 0.000000e+00
-7.031250e-02, 0.000000e+00, 0.000000e+00
-5.468750e-02, 0.000000e+00, 0.000000e+00
-3.906250e-02, 0.000000e+00, 0.000000e+00
-2.343750e-02, 0.000000e+00, 0.000000e+00
-7.812500e-03, 0.000000e+00, 0.000000e+00
7.812500e-03, 0.000000e+00, 0.000000e+00
2.343750e-02, 0.000000e+00, 0.000000e+00
3.906250e-02, 0.000000e+00, 0.000000e+00
5.468750e-02, 0.000000e+00, 0.000000e+00
7.031250e-02, 0.000000e+00, 0.000000e+00
8.593750e-02, 0.000000e+00, 0.000000e+00
1.015625e-01, 0.000000e+00, 0.000000e+00
1.171875e-01, 0.000000e+00, 0.000000e+00
1.328125e-01, 0.000000e+00, 0.000000e+00
1.484375e-01, 0.000000e+00, 0.000000e+00
1.640625e-01, 0.000000e+00, 0.000000e+00
1.796875e-01, 0.000000e+00, 0.000000e+00
1.953125e-01, 0.000000e+00, 0.000000e+00
2.109375e-01, 0.000000e+00, 0.000000e+00
2.265625e-01, 0.000000e+00, 0.000000e+00
2.421875e-01, 0.000000e+00, 0.000000e+00
2.578125e-01, 0.000000e+00, 0.000000e+00
2.734375e-01, 0.000000e+00, 0.000000e+00
2.890625e-01, 0.000000e+00, 0.000000e+00
3.046875e-01, 0.000000e+00, 0.000000e+00
3.203125e-01, 0.000000e+00, 0.000000e+00
3.359375e-01, 0.000000e+00, 0.000000e+00
3.515625e-01, 0.000000e+00, 0.000000e+00
3.671875e-01, 0.000000e+00, 0.000000e+00
3.828125e-01, 0.000000e+00, 0.000000e+00
3.984375e-01, 0.000000e+00, 0.000000e+00
4.140625e-01, 0.000000e+00, 0.000000e+00
4.296875e-01, 0.000000e+00, 0.000000e+00
4.453125e-01, 0.000000e+00, 0.000000e+00
4.609375e-01, 0.000000e+00, 0.000000e+00
4.765625e-01, 0.000000e+00, 0.000000e+00
4.921875e-01, 0.000000e+00, 0.000000e+00
5.078125e-01, 0.000000e+00, 0.000000e+00
5.234375e-01, 0.000000e+00, 0.000000e+00
5.390625e-01, 0.000000e+00, 0.000000e+00
5.546875e-01, 0.000000e+00, 0.000000e+00
5.703125e-01, 0.000000e+00, 0.000000e+00
5.859375e-01, 0.000000e+00, 0.000000e+00
6.015625e-01, 0.000000e+00, 0.000000e+00
6.171875e-01, 0.000000e+00, 0.000000e+00
6.328125e-01, 0.000000e+00, 0.000000e+00
6.484375e-01, 0.000000e+00, 0.000000e+00
6.640625e-01, 0.000000e+00, 0.000000e+00
6.796875e-01, 0.000000e+00, 0.000000e+00
6.953125e-01, 0.000000e+00, 0.000000e+00
7.109375e-01, 0.000000e+00, 0.000000e+00
7.265625e-01, 0.000000e+00, 0.000000e+00
7.421875e-01, 0.000000e+00, 0.000000e+00
7.578125e-01, 0.000000e+00, 0.000000e+00
7.734375e-01, 0.000000e+00, 0.000000e+00
7.890625e-01, 0.000000e+00, 0.000000e+00
8.046875e-01, 0.000000e+00, 0.000000e+00
8.203125e-01, 0.000000e+00, 0.000000e+00
8.359375e-01, 0.000000e+00, 0.000000e+00
8.515625e-01, 0.000000e+00, 0.000000e+00
8.671875e-01, 0.000000e+00, 0.000000e+00
8.828125e-01, 0.000000e+00, 0.000000e+00
8.984375e-01, 0.000000e+00, 0.000000e+00
9.140625e-01, 0.000000e+00, 0.000000e+00
9.296875e-01, 0.000000e+00, 0.000000e+00
9.453125e-01, 0.000000e+00, 0.000000e+00
9.609375e-01, 0.000000e+00, 0.000000e+00
9.765625e-01, 0.000000e+00, 0.000000e+00
9.921875e-01, 0.000000e+00, 0.000000e+00
1.007813e+00, 5.000000e+00, 5.000000e+00
1.023438e+00, 5.000000e+00, 5.000000e+00
1.039063e+00, 5.000000e+00, 5.000000e+00
1.054688e+00, 5.000000e+00, 5.000000e+00
1.070313e+00, 5.000000e+00, 5.000000e+00
1.085938e+00, 5.000000e+00, 5.000000e+00
1.101563e+00, 5.000000e+00, 5.000000e+00
1.117188e+00, 5.000000e+00, 5.000000e+00
1.132813e+00, 5.000000e+00, 5.000000e+00
1.148438e+00, 5.000000e+00, 5.000000e+00
1.164063e+00, 5.000000e+00, 5.000000e+00
1.179688e+00, 5.000000e+00, 5.000000e+00
1.195313e+00, 5.000000e+00, 5.000000e+00
1.210938e+00, 5.000000e+00, 5.000000e+00
1.226563e+00, 5.000000e+00, 5.000000e+00
1.242188e+00, 5.000000e+00, 5.000000e+00
1.257813e+00, 5.000000e+00, 5.000000e+00
1.273438e+00, 5.000000e+00, 5.000000e+00
1.289063e+00, 5.000000e+00, 5.000000e+00
1.304688e+00, 5.000000e+00, 5.000000e+00
1.320313e+00, 5.000000e+00, 5.000000e+00
1.335938e+00, 5.000000e+00, 5.000000e+00
1.351563e+00, 5.000000e+00, 5.000000e+00
1.367188e+00, 5.000000e+00, 5.000000e+00
1.382813e+00, 5.000000e+00, 5.000000e+00
1.398438e+00, 5.000000e+00, 5.000000e+00
1.414063e+00, 5.000000e+00, 5.000000e+00
1.429688e+00, 5.000000e+00, 5.000000e+00
1.445313e+00, 5.000000e+00, 5.000000e+00
1.460938e+00, 5.000000e+00, 5.000000e+00
1.476563e+00, 5.000000e+00, 5.000000e+00
1.492188e+00, 5.000000e+00, 5.000000e+00
1.507813e+00, 5.000000e+00, 5.000000e+00
1.523438e+00, 5.000000e+00, 5.000000e+00
1.539063e+00, 5.000000e+00, 5.000000e+00
1.554688e+00, 5.000000e+00, 5.000000e+00
1.570313e+00, 5.000000e+00, 5.000000e+00
1.585938e+00, 5.000000e+00, 5.000000e+00
1.601563e+00, 5.000000e+00, 5.000000e+00
1.617188e+00, 5.000000e+00, 5.000000e+00
1.632813e+00, 5.000000e+00, 5.000000e+00
1.648438e+00, 5.000000e+00, 5.000000e+00
1.664063e+00, 5.000000e+00, 5.000000e+00
1.679688e+00, 5.000000e+00, 5.000000e+00
1.695313e+00, 5.000000e+00, 5.000000e+00
1.710938e+00, 5.000000e+00, 5.000000e+00
1.726563e+00, 5.000000e+00, 5.000000e+00
1.742188e+00, 5.000000e+00, 5.000000e+00
1.757813e+00, 5.000000e+00, 5.000000e+00
1.773438e+00, 5.000000e+00, 5.000000e+00
1.789063e+00, 5.000000e+00, 5.000000e+00
1.804688e+00, 5.000000e+00, 5.000000e+00
1.820313e+00, 5.000000e+00, 5.000000e+00
1.835938e+00, 5.000000e+00, 5.000000e+00
1.851563e+00, 5.000000e+00, 5.000000e+00
1.867188e+00, 5.000000e+00, 5.000000e+00
1.882813e+00, 5.000000e+00, 5.000000e+00
1.898438e+00, 5.000000e+00, 5.000000e+00
1.914063e+00, 5.000000e+00, 5.000000e+00
1.929688e+00, 5.000000e+00, 5.000000e+00
1.945313e+00, 5.000000e+00, 5.000000e+00
1.960938e+00, 5.000000e+00, 5.000000e+00
1.976563e+00, 5.000000e+00, 5.000000e+00
1.992188e+00, 5.000000e+00, 5.000000e+00
2.007813e+00, 0.000000e+00, 0.000000e+00
2.023438e+00, 0.000000e+00, 0.000000e+00
2.039063e+00, 0.000000e+00, 0.000000e+00
2.054688e+00, 0.000000e+00, 0.000000e+00
2.070313e+00, 0.000000e+00, 0.000000e+00
2.085938e+00, 0.000000e+00, 0.000000e+00
2.101563e+00, 0.000000e+00, 0.000000e+00
2.117188e+00, 0.000000e+00, 0.000000e+00
2.132813e+00, 0.000000e+00, 0.000000e+00
2.148438e+00, 0.000000e+00, 0.000000e+00
2.164063e+00, 0.000000e+00, 0.000000e+00
2.179688e+00, 0.000000e+00, 0.000000e+00
2.195313e+00, 0.000000e+00, 0.000000e+00
2.210938e+00, 0.000000e+00, 0.000000e+00
2.226563e+00, 0.000000e+00, 0.000000e+00
2.242188e+00, 0.000000e+00, 0.000000e+00
2.257813e+00, 0.000000e+00, 0.000000e+00
2.273438e+00, 0.000000e+00, 0.000000e+00
2.289063e+00, 0.000000e+00, 0.000000e+00
2.304688e+00, 0.000000e+00, 0.000000e+00
2.320313e+00, 0.000000e+00, 0.000000e+00
2.335938e+00, 0.000000e+00, 0.000000e+00
2.351563e+00, 0.000000e+00, 0.000000e+00
2.367188e+00, 0.000000e+00, 0.000000e+00
2.382813e+00, 0.000000e+00, 0.000000e+00
2.398438e+00, 0.000000e+00, 0.000000e+00
2.414063e+00, 0.000000e+00, 0.000000e+00
2.429688e+00, 0.000000e+00, 0.000000e+00
2.445313e+00, 0.000000e+00, 0.000000e+00
2.460938e+00, 0.000000e+00, 0.000000e+00
2.476563e+00, 0.000000e+00, 0.000000e+00
2.492188e+00, 0.000000e+00, 0.000000e+00
2.507813e+00, 0.000000e+00, 0.000000e+00
2.523438e+00, 0.000000e+00, 0.000000e+00
2.539063e+00, 0.000000e+00, 0.000000e+00
2.554688e+00, 0.000000e+00, 0.000000e+00
2.570313e+00, 0.000000e+00, 0.000000e+00
2.585938e+00, 0.000000e+00, 0.000000e+00
2.601563e+00, 0.000000e+00, 0.000000e+00
2.617188e+00, 0.000000e+00, 0.000000e+00
2.632813e+00, 0.000000e+00, 0.000000e+00
2.648438e+00, 0.000000e+00, 0.000000e+00
2.664063e+00, 0.000000e+00, 0.000000e+00
2.679688e+00, 0.000000e+00, 0.000000e+00
2.695313e+00, 0.000000e+00, 0.000000e+00
2.710938e+00, 0.000000e+00, 0.000000e+00
2.726563e+00, 0.000000e+00, 0.000000e+00
2.742188e+00, 0.000000e+00, 0.000000e+00
2.757813e+00, 0.000000e+00, 0.000000e+00
2.773438e+00, 0.000000e+00, 0.000000e+00
2.789063e+00, 0.000000e+00, 0.000000e+00
2.804688e+00, 0.000000e+00, 0.000000e+00
2.820313e+00, 0.000000e+00, 0.000000e+00
2.835938e+00, 0.000000e+00, 0.000000e+00
2.851563e+00, 0.000000e+00, 0.000000e+00
2.867188e+00, 0.000000e+00, 0.000000e+00
2.882813e+00, 0.000000e+00, 0.000000e+00
2.898438e+00, 0.000000e+00, 0.000000e+00
2.914063e+00, 0.000000e+00, 0.000000e+00
2.929688e+00, 0.000000e+00, 0.000000e+00
2.945313e+00, 0.000000e+00, 0.000000e+00
2.960938e+00, 0.000000e+00, 0.000000e+00
2.976563e+00, 0.000000e+00, 0.000000e+00
2.992188e+00, 0.000000e+00, 0.000000e+00
3.007813e+00, 0.000000e+00, 0.000000e+00
3.023438e+00, 0.000000e+00, 0.000000e+00
3.039063e+00, 0.000000e+00, 0.000000e+00
3.054688e+00, 0.000000e+00, 0.000000e+00
3.070313e+00, 0.000000e+00, 0.000000e+00
3.085938e+00, 0.000000e+00, 0.000000e+00
3.101563e+00, 0.000000e+00, 0.000000e+00
3.117188e+00, 0.000000e+00, 0.000000e+00
3.132813e+00, 0.000000e+00, 0.000000e+00
3.148438e+00, 0.000000e+00, 0.000000e+00
3.164063e+00, 0.000000e+00, 0.000000e+00
3.179688e+00, 0.000000e+00, 0.000000e+00
3.195313e+00, 0.000000e+00, 0.000000e+00
3.210938e+00, 0.000000e+00, 0.000000e+00
3.226563e+00, 0.000000e+00, 0.000000e+00
3.242188e+00, 0.000000e+00, 0.000000e+00
3.257813e+00, 0.000000e+00, 0.000000e+00
3.273438e+00, 0.000000e+00, 0.000000e+00
3.289063e+00, 0.000000e+00, 0.000000e+00
3.304688e+00, 0.000000e+00, 0.000000e+00
3.320313e+00, 0.000000e+00, 0.000000e+00
3.335938e+00, 0.000000e+00, 0.000000e+00
3.351563e+00, 0.000000e+00, 0.000000e+00
3.367188e+00, 0.000000e+00, 0.000000e+00
3.382813e+00, 0.000000e+00, 0.000000e+00
3.398438e+00, 0.000000e+00, 0.000000e+00
3.414063e+00, 0.000000e+00, 0.000000e+00
3.429688e+00, 0.000000e+00, 0.000000e+00
3.445313e+00, 0.000000e+00, 0.000000e+00
3.460938e+00, 0.000000e+00, 0.000000e+00
3.476563e+00, 0.000000e+00, 0.000000e+00
3.492188e+00, 0.000000e+00, 0.000000e+00
3.507813e+00, 0.000000e+00, 0.000000e+00
3.523438e+00, 0.000000e+00, 0.000000e+00
3.539063e+00, 0.000000e+00, 0.000000e+00
3.554688e+00, 0.000000e+00, 0.000000e+00
3.570313e+00, 0.000000e+00, 0.000000e+00
3.585938e+00, 0.000000e+00, 0.000000e+00
3.601563e+00, 0.000000e+00, 0.000000e+00
3.617188e+00, 0.000000e+00, 0.000000e+00
3.632813e+00, 0.000000e+00, 0.000000e+00
3.648438e+00, 0.000000e+00, 0.000000e+00
3.664063e+00, 0.000000e+00, 0.000000e+00
3.679688e+00, 0.000000e+00, 0.000000e+00
3.695313e+00, 0.000000e+00, 0.000000e+00
3.710938e+00, 0.000000e+00, 0.000000e+00
3.726563e+00, 0.000000e+00, 0.000000e+00
3.742188e+00, 0.000000e+00, 0.000000e+00
3.757813e+00, 0.000000e+00, 0.000000e+00
3.773438e+00, 0.000000e+00, 0.000000e+00
3.789063e+00, 0.000000e+00, 0.000000e+00
3.804688e+00, 0.000000e+00, 0.000000e+00
3.820313e+00, 0.000000e+00, 0.000000e+00
3.835938e+00, 0.000000e+00, 0.000000e+00
3.851563e+00, 0.000000e+00, 0.000000e+00
3.867188e+00, 0.000000e+00, 0.000000e+00
3.882813e+00, 0.000000e+00, 0.000000e+00
3.898438e+00, 0.000000e+00, 0.000000e+00
3.914063e+00, 0.000000e+00, 0.000000e+00
3.929688e+00, 0.000000e+00, 0.000000e+00
3.945313e+00, 0.000000e+00, 0.000000e+00
3.960938e+00, 0.000000e+00, 0.000000e+00
3.976563e+00, 0.000000e+00, 0.000000e+00
3.992188e+00, 0.000000e+00, 0.000000e+00
4.000000e+00, 0.000000e+00, 0.000000e+00


#At time: 2.507267e+01, nsteps= 207


-1.000000e+00, 0.000000e+00, 0.000000e+00
-9.921875e-01, 2.708339e-34, 0.000000e+00
-9.765625e-01, 1.050928e-19, 0.000000e+00
-9.609375e-01, 1.050928e-19, 0.000000e+00
-9.453125e-01, 4.625366e-19, 0.000000e+00
-9.296875e-01, 4.625366e-19, 0.000000e+00
-9.140625e-01, 1.879775e-18, 0.000000e+00
-8.984375e-01, 1.879775e-18, 0.000000e+00
-8.828125e-01, 7.399110e-18, 0.000000e+00
-8.671875e-01, 7.399110e-18, 0.000000e+00
-8.515625e-01, 2.829179e-17, 0.000000e+00
-8.359375e-01, 2.829179e-17, 2.775558e-16
-8.203125e-01, 1.051520e-16, 5.551115e-16
-8.046875e-01, 1.051520e-16, 8.326673e-16
-7.890625e-01, 3.800630e-16, 1.387779e-15
-7.734375e-01, 3.800630e-16, 2.498002e-15
-7.578125e-01, 1.336494e-15, 4.163336e-15
-7.421875e-01, 1.336494e-15, 7.494005e-15
-7.265625e-01, 4.574410e-15, 1.304512e-14
-7.109375e-01, 4.574410e-15, 2.248202e-14
-6.953125e-01, 1.524528e-14, 3.885781e-14
-6.796875e-01, 1.524528e-14, 6.689094e-14
-6.640625e-01, 4.949212e-14, 1.146305e-13
-6.484375e-01, 4.949212e-14, 1.953993e-13
-6.328125e-01, 1.565660e-13, 3.314016e-13
-6.171875e-01, 1.565660e-13, 5.595524e-13
-6.015625e-01, 4.828066e-13, 9.395262e-13
-5.859375e-01, 4.828066e-13, 1.570688e-12
-5.703125e-01, 1.451814e-12, 2.612910e-12
-5.546875e-01, 1.451814e-12, 4.325706e-12
-5.390625e-01, 4.258460e-12, 7.127354e-12
-5.234375e-01, 4.258460e-12, 1.168787e-11
-5.078125e-01, 1.218803e-11, 1.907502e-11
-4.921875e-01, 1.218803e-11, 3.098299e-11
-4.765625e-01, 3.404745e-11, 5.008438e-11
-4.609375e-01, 3.404745e-11, 8.057693e-11
-4.453125e-01, 9.286055e-11, 1.290168e-10
-4.296875e-01, 9.286055e-11, 2.055942e-10
-4.140625e-01, 2.473400e-10, 3.260656e-10
-3.984375e-01, 2.473400e-10, 5.146714e-10
-3.828125e-01, 6.435618e-10, 8.085116e-10
-3.671875e-01, 6.435618e-10, 1.264081e-09
-3.515625e-01, 1.636180e-09, 1.966965e-09
-3.359375e-01, 1.636180e-09, 3.046161e-09
-3.203125e-01, 4.065603e-09, 4.695091e-09
-3.046875e-01, 4.065603e-09, 7.202304e-09
-2.890625e-01, 9.875891e-09, 1.099603e-08
-2.734375e-01, 9.875891e-09, 1.670856e-08
-2.578125e-01, 2.345773e-08, 2.526860e-08
-2.421875e-01, 2.345773e-08, 3.803330e-08
-2.265625e-01, 5.449435e-08, 5.697553e-08
-2.109375e-01, 5.449435e-08, 8.494851e-08
-1.953125e-01, 1.238418e-07, 1.260571e-07
-1.796875e-01, 1.238418e-07, 1.861762e-07
-1.640625e-01, 2.753751e-07, 2.736703e-07
-1.484375e-01, 2.753751e-07, 4.003865e-07
-1.328125e-01, 5.992565e-07, 5.830162e-07
-1.171875e-01, 5.992565e-07, 8.449534e-07
-1.015625e-01, 1.276490e-06, 1.218814e-06
-8.593750e-02, 1.276490e-06, 1.749830e-06
-7.031250e-02, 2.662089e-06, 2.500404e-06
-5.468750e-02, 2.662089e-06, 3.556163e-06
-3.906250e-02, 5.436380e-06, 5.033986e-06
-2.343750e-02, 5.436380e-06, 7.092562e-06
-7.812500e-03, 1.087323e-05, 9.946193e-06
7.812500e-03, 1.087323e-05, 1.388273e-05
2.343750e-02, 2.130331e-05, 1.928677e-05
3.906250e-02, 2.130331e-05, 2.666936e-05
5.468750e-02, 4.089318e-05, 3.670592e-05
7.031250e-02, 4.089318e-05, 5.028430e-05
8.593750e-02, 7.692101e-05, 6.856518e-05
1.015625e-01, 7.692101e-05, 9.305766e-05
1.171875e-01, 1.418086e-04, 1.257131e-04
1.328125e-01, 1.418086e-04, 1.690405e-04
1.484375e-01, 2.562691e-04, 2.262488e-04
1.640625e-01, 2.562691e-04, 3.014180e-04
1.796875e-01, 4.540433e-04, 3.997076e-04
1.953125e-01, 4.540433e-04, 5.276051e-04
2.109375e-01, 7.888173e-04, 6.932212e-04
2.265625e-01, 7.888173e-04, 9.066386e-04
2.421875e-01, 1.344015e-03, 1.180319e-03
2.578125e-01, 1.344015e-03, 1.529574e-03
2.734375e-01, 2.246211e-03, 1.973111e-03
2.890625e-01, 2.246211e-03, 2.533645e-03
3.046875e-01, 3.682868e-03, 3.238601e-03
3.203125e-01, 3.682868e-03, 4.120882e-03
3.359375e-01, 5.924908e-03, 5.219734e-03
3.515625e-01, 5.924908e-03, 6.581674e-03
3.671875e-01, 9.354232e-03, 8.261493e-03
3.828125e-01, 9.354232e-03, 1.032333e-02
3.984375e-01, 1.449567e-02, 1.284177e-02
4.140625e-01, 1.449567e-02, 1.590300e-02
4.296875e-01, 2.205187e-02, 1.960594e-02
4.453125e-01, 2.205187e-02, 2.406336e-02
4.609375e-01, 3.293863e-02, 2.940294e-02
4.765625e-01, 3.293863e-02, 3.576821e-02
4.921875e-01, 4.831657e-02, 4.331936e-02
5.078125e-01, 4.831657e-02, 5.223383e-02
5.234375e-01, 6.961414e-02, 6.270669e-02
5.390625e-01, 6.961414e-02, 7.495061e-02
5.546875e-01, 9.853562e-02, 8.919562e-02
5.703125e-01, 9.853562e-02, 1.056883e-01
5.859375e-01, 1.370474e-01, 1.246906e-01
6.015625e-01, 1.370474e-01, 1.464781e-01
6.171875e-01, 1.873362e-01, 1.713377e-01
6.328125e-01, 1.873362e-01, 1.995650e-01
6.484375e-01, 2.517345e-01, 2.314605e-01
6.640625e-01, 2.517345e-01, 2.673259e-01
6.796875e-01, 3.326111e-01, 3.074597e-01
6.953125e-01, 3.326111e-01, 3.521517e-01
7.109375e-01, 4.322281e-01, 4.016780e-01
7.265625e-01, 4.322281e-01, 4.562951e-01
7.421875e-01, 5.525713e-01, 5.162338e-01
7.578125e-01, 5.525713e-01, 5.816934e-01
7.734375e-01, 6.951654e-01, 6.528353e-01
7.890625e-01, 6.951654e-01, 7.297772e-01
8.046875e-01, 8.608897e-01, 8.125883e-01
8.203125e-01, 8.608897e-01, 9.012833e-01
8.359375e-01, 1.049813e+00, 9.958192e-01
8.515625e-01, 1.049813e+00, 1.096091e+00
8.671875e-01, 1.261070e+00, 1.201932e+00
8.828125e-01, 1.261070e+00, 1.313107e+00
8.984375e-01, 1.492792e+00, 1.429319e+00
9.140625e-01, 1.492792e+00, 1.550206e+00
9.296875e-01, 1.742114e+00, 1.675346e+00
9.453125e-01, 1.742114e+00, 1.804259e+00
9.609375e-01, 2.005261e+00, 1.936414e+00
9.765625e-01, 2.005261e+00, 2.071236e+00
9.921875e-01, 2.277707e+00, 2.208109e+00
1.007813e+00, 2.277707e+00, 2.346390e+00
1.023438e+00, 2.554405e+00, 2.485415e+00
1.039063e+00, 2.554405e+00, 2.624509e+00
1.054688e+00, 2.830064e+00, 2.762996e+00
1.070313e+00, 2.830064e+00, 2.900207e+00
1.085938e+00, 3.099448e+00, 3.035494e+00
1.101563e+00, 3.099448e+00, 3.168233e+00
1.117188e+00, 3.357670e+00, 3.297839e+00
1.132813e+00, 3.357670e+00, 3.423768e+00
1.148438e+00, 3.600447e+00, 3.545525e+00
1.164063e+00, 3.600447e+00, 3.662673e+00
1.179688e+00, 3.824303e+00, 3.774831e+00
1.195313e+00, 3.824303e+00, 3.881682e+00
1.210938e+00, 4.026700e+00, 3.982970e+00
1.226563e+00, 4.026700e+00, 4.078504e+00
1.242188e+00, 4.206074e+00, 4.168154e+00
1.257813e+00, 4.206074e+00, 4.251848e+00
1.273438e+00, 4.361807e+00, 4.329570e+00
1.289063e+00, 4.361807e+00, 4.401358e+00
1.304688e+00, 4.494112e+00, 4.467290e+00
1.320313e+00, 4.494112e+00, 4.527486e+00
1.335938e+00, 4.603872e+00, 4.582100e+00
1.351563e+00, 4.603872e+00, 4.631310e+00
1.367188e+00, 4.692433e+00, 4.675311e+00
1.382813e+00, 4.692433e+00, 4.714314e+00
1.398438e+00, 4.761389e+00, 4.748530e+00
1.414063e+00, 4.761389e+00, 4.778170e+00
1.429688e+00, 4.812365e+00, 4.803437e+00
1.445313e+00, 4.812365e+00, 4.824519e+00
1.460938e+00, 4.846819e+00, 4.841586e+00
1.476563e+00, 4.846819e+00, 4.854783e+00
1.492188e+00, 4.865881e+00, 4.864228e+00
1.507813e+00, 4.865881e+00, 4.870008e+00
1.523438e+00, 4.870234e+00, 4.872178e+00
1.539063e+00, 4.870234e+00, 4.870759e+00
1.554688e+00, 4.860044e+00, 4.865738e+00
1.570313e+00, 4.860044e+00, 4.857067e+00
1.585938e+00, 4.834943e+00, 4.844664e+00
1.601563e+00, 4.834943e+00, 4.828419e+00
1.617188e+00, 4.794066e+00, 4.808190e+00
1.632813e+00, 4.794066e+00, 4.783814e+00
1.648438e+00, 4.736143e+00, 4.755105e+00
1.664063e+00, 4.736143e+00, 4.721864e+00
1.679688e+00, 4.659634e+00, 4.683881e+00
1.695313e+00, 4.659634e+00, 4.640943e+00
1.710938e+00, 4.562903e+00, 4.592841e+00
1.726563e+00, 4.562903e+00, 4.539373e+00
1.742188e+00, 4.444430e+00, 4.480359e+00
1.757813e+00, 4.444430e+00, 4.415638e+00
1.773438e+00, 4.303022e+00, 4.345085e+00
1.789063e+00, 4.303022e+00, 4.268609e+00
1.804688e+00, 4.138036e+00, 4.186165e+00
1.820313e+00, 4.138036e+00, 4.097758e+00
1.835938e+00, 3.949562e+00, 4.003447e+00
1.851563e+00, 3.949562e+00, 3.903349e+00
1.867188e+00, 3.738574e+00, 3.797644e+00
1.882813e+00, 3.738574e+00, 3.686572e+00
1.898438e+00, 3.507008e+00, 3.570440e+00
1.914063e+00, 3.507008e+00, 3.449613e+00
1.929688e+00, 3.257774e+00, 3.324518e+00
1.945313e+00, 3.257774e+00, 3.195638e+00
1.960938e+00, 2.994675e+00, 3.063507e+00
1.976563e+00, 2.994675e+00, 2.928704e+00
1.992188e+00, 2.722252e+00, 2.791842e+00
2.007813e+00, 2.722252e+00, 2.653568e+00
2.023438e+00, 2.445558e+00, 2.514545e+00
2.039063e+00, 2.445558e+00, 2.375449e+00
2.054688e+00, 2.169887e+00, 2.236957e+00
2.070313e+00, 2.169887e+00, 2.099735e+00
2.085938e+00, 1.900471e+00, 1.964432e+00
2.101563e+00, 1.900471e+00, 1.831670e+00
2.117188e+00, 1.642186e+00, 1.702032e+00
2.132813e+00, 1.642186e+00, 1.576061e+00
2.148438e+00, 1.399296e+00, 1.454247e+00
2.164063e+00, 1.399296e+00, 1.337025e+00
2.179688e+00, 1.175242e+00, 1.224769e+00
2.195313e+00, 1.175242e+00, 1.117790e+00
2.210938e+00, 9.725114e-01, 1.016336e+00
2.226563e+00, 9.725114e-01, 9.205891e-01
2.242188e+00, 7.925820e-01, 8.306660e-01
2.257813e+00, 7.925820e-01, 7.466228e-01
2.273438e+00, 6.359469e-01, 6.684564e-01
2.289063e+00, 6.359469e-01, 5.961088e-01
2.304688e+00, 5.022050e-01, 5.294719e-01
2.320313e+00, 5.022050e-01, 4.683929e-01
2.335938e+00, 3.902034e-01, 4.126801e-01
2.351563e+00, 3.902034e-01, 3.621088e-01
2.367188e+00, 2.982131e-01, 3.164272e-01
2.382813e+00, 2.982131e-01, 2.753630e-01
2.398438e+00, 2.241152e-01, 2.386287e-01
2.414063e+00, 2.241152e-01, 2.059272e-01
2.429688e+00, 1.655830e-01, 1.769571e-01
2.445313e+00, 1.655830e-01, 1.514173e-01
2.460938e+00, 1.202423e-01, 1.290109e-01
2.476563e+00, 1.202423e-01, 1.094488e-01
2.492188e+00, 8.580214e-02, 9.245306e-02
2.507813e+00, 8.580214e-02, 7.775855e-02
2.523438e+00, 6.015141e-02, 6.511540e-02
2.539063e+00, 6.015141e-02, 5.429004e-02
2.554688e+00, 4.142015e-02, 4.506612e-02
2.570313e+00, 4.142015e-02, 3.724489e-02
2.585938e+00, 2.800983e-02, 3.064524e-02
2.601563e+00, 2.800983e-02, 2.510340e-02
2.617188e+00, 1.859774e-02, 2.047242e-02
2.632813e+00, 1.859774e-02, 1.662139e-02
2.648438e+00, 1.212218e-02, 1.343448e-02
2.664063e+00, 1.212218e-02, 1.080997e-02
2.679688e+00, 7.755226e-03, 8.659105e-03
2.695313e+00, 7.755226e-03, 6.904967e-03
2.710938e+00, 4.868834e-03, 5.481324e-03
2.726563e+00, 4.868834e-03, 4.331517e-03
2.742188e+00, 2.999142e-03, 3.407383e-03
2.757813e+00, 2.999142e-03, 2.668233e-03
2.773438e+00, 1.812326e-03, 2.079911e-03
2.789063e+00, 1.812326e-03, 1.613912e-03
2.804688e+00, 1.074160e-03, 1.246596e-03
2.820313e+00, 1.074160e-03, 9.584691e-04
2.835938e+00, 6.243397e-04, 7.335573e-04
2.851563e+00, 6.243397e-04, 5.588434e-04
2.867188e+00, 3.558104e-04, 4.237827e-04
2.882813e+00, 3.558104e-04, 3.198823e-04
2.898438e+00, 1.987869e-04, 2.403412e-04
2.914063e+00, 1.987869e-04, 1.797439e-04
2.929688e+00, 1.088563e-04, 1.338030e-04
2.945313e+00, 1.088563e-04, 9.914254e-05
2.960938e+00, 5.841711e-05, 7.311973e-05
2.976563e+00, 5.841711e-05, 5.367683e-05
2.992188e+00, 3.071642e-05, 3.922064e-05
3.007813e+00, 3.071642e-05, 2.852434e-05
3.023438e+00, 1.582221e-05, 2.064845e-05
3.039063e+00, 1.582221e-05, 1.487745e-05
3.054688e+00, 7.982710e-06, 1.066930e-05
3.070313e+00, 7.982710e-06, 7.615677e-06
3.085938e+00, 3.944016e-06, 5.410582e-06
3.101563e+00, 3.944016e-06, 3.825961e-06
3.117188e+00, 1.907872e-06, 2.692752e-06
3.132813e+00, 1.907872e-06, 1.886296e-06
3.148438e+00, 9.034343e-07, 1.315162e-06
3.164063e+00, 9.034343e-07, 9.126476e-07
3.179688e+00, 4.186909e-07, 6.303469e-07
3.195313e+00, 4.186909e-07, 4.333187e-07
3.210938e+00, 1.898672e-07, 2.964729e-07
3.226563e+00, 1.898672e-07, 2.018882e-07
3.242188e+00, 8.423131e-08, 1.368308e-07
3.257813e+00, 8.423131e-08, 9.230020e-08
3.273438e+00, 3.654843e-08, 6.196775e-08
3.289063e+00, 3.654843e-08, 4.140682e-08
3.304688e+00, 1.550733e-08, 2.753722e-08
3.320313e+00, 1.550733e-08, 1.822674e-08
3.335938e+00, 6.432456e-09, 1.200708e-08
3.351563e+00, 6.432456e-09, 7.872351e-09
3.367188e+00, 2.607851e-09, 5.136992e-09
3.382813e+00, 2.607851e-09, 3.336182e-09
3.398438e+00, 1.033109e-09, 2.156383e-09
3.414063e+00, 1.033109e-09, 1.387192e-09
3.429688e+00, 3.998104e-10, 8.881382e-10
3.445313e+00, 3.998104e-10, 5.659226e-10
3.460938e+00, 1.511087e-10, 3.588932e-10
3.476563e+00, 1.511087e-10, 2.265188e-10
3.492188e+00, 5.576108e-11, 1.422895e-10
3.507813e+00, 5.576108e-11, 8.895495e-11
3.523438e+00, 2.008412e-11, 5.534739e-11
3.539063e+00, 2.008412e-11, 3.427286e-11
3.554688e+00, 7.058679e-12, 2.112172e-11
3.570313e+00, 7.058679e-12, 1.295491e-11
3.585938e+00, 2.419951e-12, 7.908119e-12
3.601563e+00, 2.419951e-12, 4.804213e-12
3.617188e+00, 8.090221e-13, 2.904621e-12
3.632813e+00, 8.090221e-13, 1.747769e-12
3.648438e+00, 2.636555e-13, 1.046663e-12
3.664063e+00, 2.636555e-13, 6.239453e-13
3.679688e+00, 8.373011e-14, 3.699818e-13
3.695313e+00, 8.373011e-14, 2.184364e-13
3.710938e+00, 2.590204e-14, 1.282308e-13
3.726563e+00, 2.590204e-14, 7.494005e-14
3.742188e+00, 7.802351e-15, 4.357625e-14
3.757813e+00, 7.802351e-15, 2.525757e-14
3.773438e+00, 2.287602e-15, 1.471046e-14
3.789063e+00, 2.287602e-15, 8.326673e-15
3.804688e+00, 6.525521e-16, 4.718448e-15
3.820313e+00, 6.525521e-16, 2.775558e-15
3.835938e+00, 1.810243e-16, 1.665335e-15
3.851563e+00, 1.810243e-16, 8.326673e-16
3.867188e+00, 4.881357e-17, 5.551115e-16
3.882813e+00, 4.881356e-17, 2.775558e-16
3.898438e+00, 1.278669e-17, 2.775558e-16
3.914063e+00, 1.278663e-17, 0.000000e+00
3.929688e+00, 3.244246e-18, 0.000000e+00
3.945313e+00, 3.243957e-18, 0.000000e+00
3.960938e+00, 7.607066e-19, 0.000000e+00
3.976563e+00, 7.593797e-19, 0.000000e+00
3.992188e+00, 2.946878e-21, 0.000000e+00
4.000000e+00, 0.000000e+00, 0.000000e+00


#At time: 5.002422e+01, nsteps= 413


-1.000000e+00, 2.275261e-10, 2.275261e-10
-9.921875e-01, 2.017364e-10, 2.679218e-10
-9.765625e-01, 4.218842e-10, 3.708372e-10
-9.609375e-01, 3.818302e-10, 5.120609e-10
-9.453125e-01, 7.493215e-10, 7.053802e-10
-9.296875e-01, 7.278690e-10, 9.693668e-10
-9.140625e-01, 1.393680e-09, 1.328976e-09
-8.984375e-01, 1.382307e-09, 1.817649e-09
-8.828125e-01, 2.610067e-09, 2.480090e-09
-8.671875e-01, 2.604099e-09, 3.375902e-09
-8.515625e-01, 4.862181e-09, 4.584346e-09
-8.359375e-01, 4.859081e-09, 6.210556e-09
-8.203125e-01, 8.977583e-09, 8.393624e-09
-8.046875e-01, 8.975989e-09, 1.131709e-08
-7.890625e-01, 1.641365e-08, 1.522253e-08
-7.734375e-01, 1.641284e-08, 2.042706e-08
-7.578125e-01, 2.970687e-08, 2.734592e-08
-7.421875e-01, 2.970647e-08, 3.652136e-08
-7.265625e-01, 5.322239e-08, 4.865972e-08
-7.109375e-01, 5.322218e-08, 6.467866e-08
-6.953125e-01, 9.438937e-08, 8.576727e-08
-6.796875e-01, 9.438927e-08, 1.134623e-07
-6.640625e-01, 1.657129e-07, 1.497449e-07
-6.484375e-01, 1.657128e-07, 1.971618e-07
-6.328125e-01, 2.880107e-07, 2.589789e-07
-6.171875e-01, 2.880107e-07, 3.393732e-07
-6.015625e-01, 4.955596e-07, 4.436726e-07
-5.859375e-01, 4.955596e-07, 5.786556e-07
-5.703125e-01, 8.441769e-07, 7.529232e-07
-5.546875e-01, 8.441769e-07, 9.773604e-07
-5.390625e-01, 1.423760e-06, 1.265706e-06
-5.234375e-01, 1.423760e-06, 1.635255e-06
-5.078125e-01, 2.377505e-06, 2.107722e-06
-4.921875e-01, 2.377505e-06, 2.710298e-06
-4.765625e-01, 3.930995e-06, 3.476938e-06
-4.609375e-01, 3.930995e-06, 4.449937e-06
-4.453125e-01, 6.435694e-06, 5.681832e-06
-4.296875e-01, 6.435694e-06, 7.237709e-06
-4.140625e-01, 1.043315e-05, 9.197985e-06
-3.984375e-01, 1.043315e-05, 1.166175e-05
-3.828125e-01, 1.674857e-05, 1.475078e-05
-3.671875e-01, 1.674857e-05, 1.861433e-05
-3.515625e-01, 2.662551e-05, 2.343480e-05
-3.359375e-01, 2.662551e-05, 2.943456e-05
-3.203125e-01, 4.191706e-05, 3.688392e-05
-3.046875e-01, 4.191706e-05, 4.611056e-05
-2.890625e-01, 6.535397e-05, 5.751067e-05
-2.734375e-01, 6.535397e-05, 7.156193e-05
-2.578125e-01, 1.009152e-04, 8.883866e-05
-2.421875e-01, 1.009152e-04, 1.100295e-04
-2.265625e-01, 1.543337e-04, 1.359579e-04
-2.109375e-01, 1.543337e-04, 1.676057e-04
-1.953125e-01, 2.337757e-04, 2.061404e-04
-1.796875e-01, 2.337757e-04, 2.529462e-04
-1.640625e-01, 3.507427e-04, 3.096601e-04
-1.484375e-01, 3.507427e-04, 3.782119e-04
-1.328125e-01, 5.212478e-04, 4.608706e-04
-1.171875e-01, 5.212478e-04, 5.602964e-04
-1.015625e-01, 7.673305e-04, 6.795990e-04
-8.593750e-02, 7.673305e-04, 8.224032e-04
-7.031250e-02, 1.118973e-03, 9.929222e-04
-5.468750e-02, 1.118973e-03, 1.196039e-03
-3.906250e-02, 1.616487e-03, 1.437394e-03
-2.343750e-02, 1.616487e-03, 1.723489e-03
-7.812500e-03, 2.313436e-03, 2.061791e-03
7.812500e-03, 2.313436e-03, 2.460850e-03
2.343750e-02, 3.280142e-03, 2.930433e-03
3.906250e-02, 3.280142e-03, 3.481655e-03
5.468750e-02, 4.607817e-03, 4.127134e-03
7.031250e-02, 4.607817e-03, 4.881145e-03
8.593750e-02, 6.413328e-03, 5.759790e-03
1.015625e-01, 6.413328e-03, 6.781177e-03
1.171875e-01, 8.844555e-03, 7.965601e-03
1.328125e-01, 8.844555e-03, 9.335739e-03
1.484375e-01, 1.208626e-02, 1.091685e-02
1.640625e-01, 1.208626e-02, 1.273697e-02
1.796875e-01, 1.636633e-02, 1.482713e-02
1.953125e-01, 1.636633e-02, 1.722154e-02
2.109375e-01, 2.196211e-02, 1.995780e-02
2.265625e-01, 2.196211e-02, 2.307710e-02
2.421875e-01, 2.920665e-02, 2.662440e-02
2.578125e-01, 2.920665e-02, 3.064860e-02
2.734375e-01, 3.849427e-02, 3.520267e-02
2.890625e-01, 3.849427e-02, 4.034383e-02
3.046875e-01, 5.028519e-02, 4.613363e-02
3.203125e-01, 5.028519e-02, 5.263801e-02
3.359375e-01, 6.510846e-02, 5.992736e-02
3.515625e-01, 6.510846e-02, 6.807650e-02
3.671875e-01, 8.356281e-02, 7.716465e-02
3.828125e-01, 8.356281e-02, 8.727531e-02
3.984375e-01, 1.063146e-01, 9.849611e-02
4.140625e-01, 1.063146e-01, 1.109186e-01
4.296875e-01, 1.340924e-01, 1.246379e-01
4.453125e-01, 1.340924e-01, 1.397526e-01
4.609375e-01, 1.676777e-01, 1.563639e-01
4.765625e-01, 1.676777e-01, 1.745756e-01
4.921875e-01, 2.078915e-01, 1.944931e-01
5.078125e-01, 2.078915e-01, 2.162232e-01
5.234375e-01, 2.555758e-01, 2.398731e-01
5.390625e-01, 2.555758e-01, 2.655495e-01
5.546875e-01, 3.115716e-01, 2.933583e-01
5.703125e-01, 3.115716e-01, 3.234030e-01
5.859375e-01, 3.766920e-01, 3.557843e-01
6.015625e-01, 3.766920e-01, 3.905988e-01
6.171875e-01, 4.516920e-01, 4.279381e-01
6.328125e-01, 4.516920e-01, 4.678876e-01
6.484375e-01, 5.372361e-01, 5.105255e-01
6.640625e-01, 5.372361e-01, 5.559218e-01
6.796875e-01, 6.338647e-01, 6.041370e-01
6.953125e-01, 6.338647e-01, 6.552210e-01
7.109375e-01, 7.419601e-01, 7.092126e-01
7.265625e-01, 7.419601e-01, 7.661377e-01
7.421875e-01, 8.617153e-01, 8.260093e-01
7.578125e-01, 8.617153e-01, 8.888260e-01
7.734375e-01, 9.931062e-01, 9.545713e-01
7.890625e-01, 9.931062e-01, 1.023214e+00
8.046875e-01, 1.135870e+00, 1.094705e+00
8.203125e-01, 1.135870e+00, 1.168982e+00
8.359375e-01, 1.289489e+00, 1.245963e+00
8.515625e-01, 1.289489e+00, 1.325550e+00
8.671875e-01, 1.453187e+00, 1.407631e+00
8.828125e-01, 1.453187e+00, 1.492075e+00
8.984375e-01, 1.625928e+00, 1.578734e+00
9.140625e-01, 1.625928e+00, 1.667449e+00
9.296875e-01, 1.806433e+00, 1.758043e+00
9.453125e-01, 1.806433e+00, 1.850326e+00
9.609375e-01, 1.993203e+00, 1.944095e+00
9.765625e-01, 1.993203e+00, 2.039136e+00
9.921875e-01, 2.184546e+00, 2.135225e+00
1.007813e+00, 2.184546e+00, 2.232127e+00
1.023438e+00, 2.378620e+00, 2.329603e+00
1.039063e+00, 2.378620e+00, 2.427404e+00
1.054688e+00, 2.573476e+00, 2.525280e+00
1.070313e+00, 2.573476e+00, 2.622975e+00
1.085938e+00, 2.767106e+00, 2.720235e+00
1.101563e+00, 2.767106e+00, 2.816802e+00
1.117188e+00, 2.957492e+00, 2.912425e+00
1.132813e+00, 2.957492e+00, 3.006852e+00
1.148438e+00, 3.142656e+00, 3.099838e+00
1.164063e+00, 3.142656e+00, 3.191142e+00
1.179688e+00, 3.320700e+00, 3.280533e+00
1.195313e+00, 3.320700e+00, 3.367787e+00
1.210938e+00, 3.489845e+00, 3.452687e+00
1.226563e+00, 3.489845e+00, 3.535030e+00
1.242188e+00, 3.648461e+00, 3.614622e+00
1.257813e+00, 3.648461e+00, 3.691279e+00
1.273438e+00, 3.795089e+00, 3.764830e+00
1.289063e+00, 3.795089e+00, 3.835117e+00
1.304688e+00, 3.928454e+00, 3.901992e+00
1.320313e+00, 3.928454e+00, 3.965319e+00
1.335938e+00, 4.047468e+00, 4.024976e+00
1.351563e+00, 4.047468e+00, 4.080849e+00
1.367188e+00, 4.151224e+00, 4.132840e+00
1.382813e+00, 4.151224e+00, 4.180856e+00
1.398438e+00, 4.238989e+00, 4.224820e+00
1.414063e+00, 4.238989e+00, 4.264659e+00
1.429688e+00, 4.310191e+00, 4.300314e+00
1.445313e+00, 4.310191e+00, 4.331731e+00
1.460938e+00, 4.364394e+00, 4.358867e+00
1.476563e+00, 4.364394e+00, 4.381683e+00
1.492188e+00, 4.401292e+00, 4.400150e+00
1.507813e+00, 4.401292e+00, 4.414244e+00
1.523438e+00, 4.420685e+00, 4.423946e+00
1.539063e+00, 4.420685e+00, 4.429245e+00
1.554688e+00, 4.422473e+00, 4.430134e+00
1.570313e+00, 4.422473e+00, 4.426612e+00
1.585938e+00, 4.406648e+00, 4.418684e+00
1.601563e+00, 4.406648e+00, 4.406359e+00
1.617188e+00, 4.373292e+00, 4.389652e+00
1.632813e+00, 4.373292e+00, 4.368586e+00
1.648438e+00, 4.322586e+00, 4.343187e+00
1.664063e+00, 4.322586e+00, 4.313491e+00
1.679688e+00, 4.254814e+00, 4.279538e+00
1.695313e+00, 4.254814e+00, 4.241379e+00
1.710938e+00, 4.170384e+00, 4.199070e+00
1.726563e+00, 4.170384e+00, 4.152678e+00
1.742188e+00, 4.069841e+00, 4.102279e+00
1.757813e+00, 4.069841e+00, 4.047959e+00
1.773438e+00, 3.953883e+00, 3.989815e+00
1.789063e+00, 3.953883e+00, 3.927953e+00
1.804688e+00, 3.823379e+00, 3.862493e+00
1.820313e+00, 3.823379e+00, 3.793564e+00
1.835938e+00, 3.679377e+00, 3.721310e+00
1.851563e+00, 3.679377e+00, 3.645885e+00
1.867188e+00, 3.523114e+00, 3.567455e+00
1.882813e+00, 3.523114e+00, 3.486199e+00
1.898438e+00, 3.356011e+00, 3.402305e+00
1.914063e+00, 3.356011e+00, 3.315975e+00
1.929688e+00, 3.179660e+00, 3.227419e+00
1.945313e+00, 3.179660e+00, 3.136858e+00
1.960938e+00, 2.995811e+00, 3.044522e+00
1.976563e+00, 2.995811e+00, 2.950646e+00
1.992188e+00, 2.806339e+00, 2.855476e+00
2.007813e+00, 2.806339e+00, 2.759259e+00
2.023438e+00, 2.613207e+00, 2.662247e+00
2.039063e+00, 2.613207e+00, 2.564697e+00
2.054688e+00, 2.418430e+00, 2.466863e+00
2.070313e+00, 2.418430e+00, 2.369002e+00
2.085938e+00, 2.224019e+00, 2.271365e+00
2.101563e+00, 2.224019e+00, 2.174202e+00
2.117188e+00, 2.031941e+00, 2.077756e+00
2.132813e+00, 2.031941e+00, 1.982265e+00
2.148438e+00, 1.844064e+00, 1.887957e+00
2.164063e+00, 1.844064e+00, 1.795050e+00
2.179688e+00, 1.662115e+00, 1.703752e+00
2.195313e+00, 1.662115e+00, 1.614258e+00
2.210938e+00, 1.487636e+00, 1.526749e+00
2.226563e+00, 1.487636e+00, 1.441394e+00
2.242188e+00, 1.321958e+00, 1.358344e+00
2.257813e+00, 1.321958e+00, 1.277737e+00
2.273438e+00, 1.166167e+00, 1.199693e+00
2.289063e+00, 1.166167e+00, 1.124315e+00
2.304688e+00, 1.021095e+00, 1.051692e+00
2.320313e+00, 1.021095e+00, 9.818949e-01
2.335938e+00, 8.873157e-01, 9.149771e-01
2.351563e+00, 8.873157e-01, 8.509770e-01
2.367188e+00, 7.651433e-01, 7.899173e-01
2.382813e+00, 7.651433e-01, 7.318052e-01
2.398438e+00, 6.546506e-01, 6.766335e-01
2.414063e+00, 6.546506e-01, 6.243814e-01
2.429688e+00, 5.556876e-01, 5.750152e-01
2.445313e+00, 5.556876e-01, 5.284894e-01
2.460938e+00, 4.679086e-01, 4.847474e-01
2.476563e+00, 4.679086e-01, 4.437232e-01
2.492188e+00, 3.908028e-01, 4.053416e-01
2.507813e+00, 3.908028e-01, 3.695200e-01
2.523438e+00, 3.237281e-01, 3.361693e-01
2.539063e+00, 3.237281e-01, 3.051946e-01
2.554688e+00, 2.659444e-01, 2.764969e-01
2.570313e+00, 2.659444e-01, 2.499735e-01
2.585938e+00, 2.166471e-01, 2.255195e-01
2.601563e+00, 2.166471e-01, 2.030285e-01
2.617188e+00, 1.749975e-01, 1.823932e-01
2.632813e+00, 1.749975e-01, 1.635066e-01
2.648438e+00, 1.401507e-01, 1.462628e-01
2.664063e+00, 1.401507e-01, 1.305572e-01
2.679688e+00, 1.112788e-01, 1.162874e-01
2.695313e+00, 1.112788e-01, 1.033538e-01
2.710938e+00, 8.758977e-02, 9.165980e-02
2.726563e+00, 8.758977e-02, 8.111241e-02
2.742188e+00, 6.834238e-02, 7.162237e-02
2.757813e+00, 6.834238e-02, 6.310449e-02
2.773438e+00, 5.285618e-02, 5.547781e-02
2.789063e+00, 5.285618e-02, 4.866572e-02
2.804688e+00, 4.051768e-02, 4.259606e-02
2.820313e+00, 4.051768e-02, 3.720108e-02
2.835938e+00, 3.078306e-02, 3.241747e-02
2.851563e+00, 3.078306e-02, 2.818630e-02
2.867188e+00, 2.317788e-02, 2.445287e-02
2.882813e+00, 2.317788e-02, 2.116667e-02
2.898438e+00, 1.729449e-02, 1.828116e-02
2.914063e+00, 1.729449e-02, 1.575368e-02
2.929688e+00, 1.278768e-02, 1.354518e-02
2.945313e+00, 1.278768e-02, 1.162011e-02
2.960938e+00, 9.369236e-03, 9.946192e-03
2.976563e+00, 9.369236e-03, 8.494201e-03
2.992188e+00, 6.801815e-03, 7.237785e-03
3.007813e+00, 6.801815e-03, 6.153249e-03
3.023438e+00, 4.892530e-03, 5.219362e-03
3.039063e+00, 4.892530e-03, 4.417156e-03
3.054688e+00, 3.486670e-03, 3.729745e-03
3.070313e+00, 3.486670e-03, 3.142135e-03
3.085938e+00, 2.461715e-03, 2.641062e-03
3.101563e+00, 2.461715e-03, 2.214822e-03
3.117188e+00, 1.721852e-03, 1.853123e-03
3.132813e+00, 1.721852e-03, 1.546940e-03
3.148438e+00, 1.193073e-03, 1.288383e-03
3.164063e+00, 1.193073e-03, 1.070578e-03
3.179688e+00, 8.189049e-04, 8.875466e-04
3.195313e+00, 8.189049e-04, 7.341131e-04
3.210938e+00, 5.567724e-04, 6.058044e-04
3.226563e+00, 5.567724e-04, 4.987678e-04
3.242188e+00, 3.749579e-04, 4.096942e-04
3.257813e+00, 3.749579e-04, 3.357497e-04
3.273438e+00, 2.501100e-04, 2.745141e-04
3.289063e+00, 2.501100e-04, 2.239268e-04
3.304688e+00, 1.652367e-04, 1.822379e-04
3.320313e+00, 1.652367e-04, 1.479659e-04
3.335938e+00, 1.081166e-04, 1.198599e-04
3.351563e+00, 1.081166e-04, 9.686675e-05
3.367188e+00, 7.006031e-05, 7.810218e-05
3.382813e+00, 7.006031e-05, 6.282583e-05
3.398438e+00, 4.496031e-05, 5.041958e-05
3.414063e+00, 4.496031e-05, 4.036874e-05
3.429688e+00, 2.857248e-05, 3.224597e-05
3.445313e+00, 2.857248e-05, 2.569740e-05
3.460938e+00, 1.798092e-05, 2.043081e-05
3.476563e+00, 1.798092e-05, 1.620555e-05
3.492188e+00, 1.120482e-05, 1.282400e-05
3.507813e+00, 1.120482e-05, 1.012426e-05
3.523438e+00, 6.913701e-06, 7.974130e-06
3.539063e+00, 6.913701e-06, 6.265883e-06
3.554688e+00, 4.223897e-06, 4.912016e-06
3.570313e+00, 4.223897e-06, 3.841626e-06
3.585938e+00, 2.555034e-06, 2.997420e-06
3.601563e+00, 2.555034e-06, 2.333225e-06
3.617188e+00, 1.530188e-06, 1.811931e-06
3.632813e+00, 1.530188e-06, 1.403790e-06
3.648438e+00, 9.072793e-07, 1.085019e-06
3.664063e+00, 9.072796e-07, 8.366563e-07
3.679688e+00, 5.325611e-07, 6.436213e-07
3.695313e+00, 5.325617e-07, 4.939544e-07
3.710938e+00, 3.094666e-07, 3.781952e-07
3.726563e+00, 3.094678e-07, 2.888799e-07
3.742188e+00, 1.780158e-07, 2.201356e-07
3.757813e+00, 1.780182e-07, 1.673534e-07
3.773438e+00, 1.013654e-07, 1.269256e-07
3.789063e+00, 1.013703e-07, 9.603608e-08
3.804688e+00, 5.713463e-08, 7.249187e-08
3.820313e+00, 5.714467e-08, 5.459005e-08
3.835938e+00, 3.187869e-08, 4.101158e-08
3.851563e+00, 3.189880e-08, 3.073746e-08
3.867188e+00, 1.761047e-08, 2.298252e-08
3.882813e+00, 1.765038e-08, 1.714331e-08
3.898438e+00, 9.638254e-09, 1.275731e-08
3.914063e+00, 9.716644e-09, 9.470882e-09
3.929688e+00, 5.237455e-09, 7.014361e-09
3.945313e+00, 5.389839e-09, 5.182650e-09
3.960938e+00, 2.844567e-09, 3.820159e-09
3.976563e+00, 3.137786e-09, 2.809158e-09
3.992188e+00, 1.573684e-09, 2.060801e-09
4.000000e+00, 1.763509e-09, 1.763509e-09


#At time: 7.509690e+01, nsteps= 620


-1.000000e+00, 2.145790e-07, 2.145790e-07
-9.921875e-01, 2.927606e-07, 2.398367e-07
-9.765625e-01, 2.557400e-07, 2.992668e-07
-9.609375e-01, 4.389075e-07, 3.728349e-07
-9.453125e-01, 4.142203e-07, 4.637564e-07
-9.296875e-01, 6.670644e-07, 5.759421e-07
-9.140625e-01, 6.507103e-07, 7.141403e-07
-8.984375e-01, 1.016675e-06, 8.841063e-07
-8.828125e-01, 1.005913e-06, 1.092803e-06
-8.671875e-01, 1.545973e-06, 1.348640e-06
-8.515625e-01, 1.538937e-06, 1.661755e-06
-8.359375e-01, 2.340028e-06, 2.044352e-06
-8.203125e-01, 2.335458e-06, 2.511087e-06
-8.046875e-01, 3.522024e-06, 3.079540e-06
-7.890625e-01, 3.519077e-06, 3.770756e-06
-7.734375e-01, 5.268903e-06, 4.609879e-06
-7.578125e-01, 5.267014e-06, 5.626906e-06
-7.421875e-01, 7.832874e-06, 6.857552e-06
-7.265625e-01, 7.831672e-06, 8.344268e-06
-7.109375e-01, 1.157076e-05, 1.013742e-05
-6.953125e-01, 1.157000e-05, 1.229666e-05
-6.796875e-01, 1.698366e-05, 1.489250e-05
-6.640625e-01, 1.698319e-05, 1.800815e-05
-6.484375e-01, 2.477012e-05, 2.174164e-05
-6.328125e-01, 2.476982e-05, 2.620822e-05
-6.171875e-01, 3.589675e-05, 3.154315e-05
-6.015625e-01, 3.589657e-05, 3.790491e-05
-5.859375e-01, 5.169131e-05, 4.547880e-05
-5.703125e-01, 5.169120e-05, 5.448115e-05
-5.546875e-01, 7.396414e-05, 6.516397e-05
-5.390625e-01, 7.396407e-05, 7.782039e-05
-5.234375e-01, 1.051653e-04, 9.279067e-05
-5.078125e-01, 1.051653e-04, 1.104691e-04
-4.921875e-01, 1.485861e-04, 1.313116e-04
-4.765625e-01, 1.485861e-04, 1.558446e-04
-4.609375e-01, 2.086147e-04, 1.846747e-04
-4.453125e-01, 2.086147e-04, 2.184996e-04
-4.296875e-01, 2.910582e-04, 2.581200e-04
-4.140625e-01, 2.910581e-04, 3.044538e-04
-3.984375e-01, 4.035428e-04, 3.585504e-04
-3.828125e-01, 4.035428e-04, 4.216077e-04
-3.671875e-01, 5.560089e-04, 4.949908e-04
-3.515625e-01, 5.560089e-04, 5.802518e-04
-3.359375e-01, 7.613134e-04, 6.791524e-04
-3.203125e-01, 7.613134e-04, 7.936882e-04
-3.046875e-01, 1.035958e-03, 9.261158e-04
-2.890625e-01, 1.035958e-03, 1.078981e-03
-2.734375e-01, 1.400960e-03, 1.255152e-03
-2.578125e-01, 1.400960e-03, 1.457852e-03
-2.421875e-01, 1.882876e-03, 1.690697e-03
-2.265625e-01, 1.882876e-03, 1.957736e-03
-2.109375e-01, 2.515000e-03, 2.263492e-03
-1.953125e-01, 2.515000e-03, 2.613012e-03
-1.796875e-01, 3.338744e-03, 3.011909e-03
-1.640625e-01, 3.338744e-03, 3.466421e-03
-1.484375e-01, 4.405196e-03, 3.983460e-03
-1.328125e-01, 4.405196e-03, 4.570672e-03
-1.171875e-01, 5.776874e-03, 5.236500e-03
-1.015625e-01, 5.776874e-03, 5.990240e-03
-8.593750e-02, 7.529657e-03, 6.842115e-03
-7.031250e-02, 7.529657e-03, 7.803339e-03
-5.468750e-02, 9.754861e-03, 8.886187e-03
-3.906250e-02, 9.754861e-03, 1.010406e-02
-2.343750e-02, 1.256146e-02, 1.147159e-02
-7.812500e-03, 1.256146e-02, 1.300465e-02
7.812500e-03, 1.607836e-02, 1.472049e-02
2.343750e-02, 1.607836e-02, 1.663779e-02
3.906250e-02, 2.045674e-02, 1.877672e-02
5.468750e-02, 2.045674e-02, 2.115903e-02
7.031250e-02, 2.587224e-02, 2.380810e-02
8.593750e-02, 2.587224e-02, 2.674900e-02
1.015625e-01, 3.252713e-02, 3.000860e-02
1.171875e-01, 3.252713e-02, 3.361555e-02
1.328125e-01, 4.065205e-02, 3.760039e-02
1.484375e-01, 4.065205e-02, 4.199555e-02
1.640625e-01, 5.050749e-02, 4.683541e-02
1.796875e-01, 5.050749e-02, 5.215630e-02
1.953125e-01, 6.238466e-02, 5.799654e-02
2.109375e-01, 6.238466e-02, 6.439638e-02
2.265625e-01, 7.660568e-02, 7.139806e-02
2.421875e-01, 7.660568e-02, 7.904572e-02
2.578125e-01, 9.352295e-02, 8.738538e-02
2.734375e-01, 9.352295e-02, 9.646488e-02
2.890625e-01, 1.135176e-01, 1.063338e-01
3.046875e-01, 1.135176e-01, 1.170433e-01
3.203125e-01, 1.369965e-01, 1.286460e-01
3.359375e-01, 1.369965e-01, 1.411962e-01
3.515625e-01, 1.643889e-01, 1.547489e-01
3.671875e-01, 1.643889e-01, 1.693606e-01
3.828125e-01, 1.961404e-01, 1.850883e-01
3.984375e-01, 1.961404e-01, 2.019897e-01
4.140625e-01, 2.327069e-01, 2.201228e-01
4.296875e-01, 2.327069e-01, 2.395457e-01
4.453125e-01, 2.745463e-01, 2.603163e-01
4.609375e-01, 2.745463e-01, 2.824918e-01
4.765625e-01, 3.221096e-01, 3.061287e-01
4.921875e-01, 3.221096e-01, 3.312823e-01
5.078125e-01, 3.758300e-01, 3.580061e-01
5.234375e-01, 3.758300e-01, 3.863519e-01
5.390625e-01, 4.361119e-01, 4.163689e-01
5.546875e-01, 4.361119e-01, 4.481038e-01
5.703125e-01, 5.033185e-01, 4.816001e-01
5.859375e-01, 5.033185e-01, 5.168975e-01
6.015625e-01, 5.777593e-01, 5.540320e-01
6.171875e-01, 5.777593e-01, 5.930352e-01
6.328125e-01, 6.596771e-01, 6.339339e-01
6.484375e-01, 6.596771e-01, 6.767497e-01
6.640625e-01, 7.492362e-01, 7.214986e-01
6.796875e-01, 7.492362e-01, 7.681910e-01
6.953125e-01, 8.465102e-01, 8.168308e-01
7.109375e-01, 8.465102e-01, 8.674155e-01
7.265625e-01, 9.514718e-01, 9.199356e-01
7.421875e-01, 9.514718e-01, 9.743746e-01
7.578125e-01, 1.063984e+00, 1.030709e+00
7.734375e-01, 1.063984e+00, 1.088907e+00
7.890625e-01, 1.183792e+00, 1.148930e+00
8.046875e-01, 1.183792e+00, 1.210731e+00
8.203125e-01, 1.310522e+00, 1.274256e+00
8.359375e-01, 1.310522e+00, 1.339442e+00
8.515625e-01, 1.443674e+00, 1.406218e+00
8.671875e-01, 1.443674e+00, 1.474508e+00
8.828125e-01, 1.582628e+00, 1.544225e+00
8.984375e-01, 1.582628e+00, 1.615275e+00
9.140625e-01, 1.726642e+00, 1.687560e+00
9.296875e-01, 1.726642e+00, 1.760970e+00
9.453125e-01, 1.874865e+00, 1.835392e+00
9.609375e-01, 1.874865e+00, 1.910705e+00
9.765625e-01, 2.026341e+00, 1.986783e+00
9.921875e-01, 2.026341e+00, 2.063493e+00
1.007813e+00, 2.180022e+00, 2.140698e+00
1.023438e+00, 2.180022e+00, 2.218256e+00
1.039063e+00, 2.334785e+00, 2.296021e+00
1.054688e+00, 2.334785e+00, 2.373842e+00
1.070313e+00, 2.489443e+00, 2.451567e+00
1.085938e+00, 2.489443e+00, 2.529040e+00
1.101563e+00, 2.642766e+00, 2.606103e+00
1.117188e+00, 2.642766e+00, 2.682598e+00
1.132813e+00, 2.793496e+00, 2.758366e+00
1.148438e+00, 2.793496e+00, 2.833246e+00
1.164063e+00, 2.940368e+00, 2.907078e+00
1.179688e+00, 2.940368e+00, 2.979705e+00
1.195313e+00, 3.082125e+00, 3.050969e+00
1.210938e+00, 3.082125e+00, 3.120715e+00
1.226563e+00, 3.217540e+00, 3.188790e+00
1.242188e+00, 3.217540e+00, 3.255046e+00
1.257813e+00, 3.345427e+00, 3.319336e+00
1.273438e+00, 3.345427e+00, 3.381519e+00
1.289063e+00, 3.464661e+00, 3.441457e+00
1.304688e+00, 3.464661e+00, 3.499017e+00
1.320313e+00, 3.574188e+00, 3.554073e+00
1.335938e+00, 3.574188e+00, 3.606502e+00
1.351563e+00, 3.673040e+00, 3.656188e+00
1.367188e+00, 3.673040e+00, 3.703022e+00
1.382813e+00, 3.760343e+00, 3.746900e+00
1.398438e+00, 3.760343e+00, 3.787725e+00
1.414063e+00, 3.835327e+00, 3.825408e+00
1.429688e+00, 3.835327e+00, 3.859866e+00
1.445313e+00, 3.897333e+00, 3.891023e+00
1.460938e+00, 3.897333e+00, 3.918811e+00
1.476563e+00, 3.945816e+00, 3.943169e+00
1.492188e+00, 3.945816e+00, 3.964044e+00
1.507813e+00, 3.980352e+00, 3.981391e+00
1.523438e+00, 3.980352e+00, 3.995172e+00
1.539063e+00, 4.000639e+00, 4.005356e+00
1.554688e+00, 4.000639e+00, 4.011922e+00
1.570313e+00, 4.006500e+00, 4.014856e+00
1.585938e+00, 4.006500e+00, 4.014151e+00
1.601563e+00, 3.997886e+00, 4.009808e+00
1.617188e+00, 3.997886e+00, 4.001837e+00
1.632813e+00, 3.974870e+00, 3.990256e+00
1.648438e+00, 3.974870e+00, 3.975089e+00
1.664063e+00, 3.937653e+00, 3.956370e+00
1.679688e+00, 3.937653e+00, 3.934138e+00
1.695313e+00, 3.886561e+00, 3.908444e+00
1.710938e+00, 3.886561e+00, 3.879343e+00
1.726563e+00, 3.822041e+00, 3.846898e+00
1.742188e+00, 3.822041e+00, 3.811181e+00
1.757813e+00, 3.744659e+00, 3.772269e+00
1.773438e+00, 3.744659e+00, 3.730250e+00
1.789063e+00, 3.655097e+00, 3.685214e+00
1.804688e+00, 3.655097e+00, 3.637262e+00
1.820313e+00, 3.554144e+00, 3.586500e+00
1.835938e+00, 3.554144e+00, 3.533039e+00
1.851563e+00, 3.442693e+00, 3.476998e+00
1.867188e+00, 3.442693e+00, 3.418500e+00
1.882813e+00, 3.321728e+00, 3.357676e+00
1.898438e+00, 3.321728e+00, 3.294660e+00
1.914063e+00, 3.192318e+00, 3.229591e+00
1.929688e+00, 3.192318e+00, 3.162612e+00
1.945313e+00, 3.055600e+00, 3.093871e+00
1.960938e+00, 3.055600e+00, 3.023519e+00
1.976563e+00, 2.912767e+00, 2.951708e+00
1.992188e+00, 2.912767e+00, 2.878595e+00
2.007813e+00, 2.765055e+00, 2.804338e+00
2.023438e+00, 2.765055e+00, 2.729095e+00
2.039063e+00, 2.613723e+00, 2.653027e+00
2.054688e+00, 2.613723e+00, 2.576292e+00
2.070313e+00, 2.460035e+00, 2.499051e+00
2.085938e+00, 2.460035e+00, 2.421462e+00
2.101563e+00, 2.305246e+00, 2.343682e+00
2.117188e+00, 2.305246e+00, 2.265865e+00
2.132813e+00, 2.150579e+00, 2.188163e+00
2.148438e+00, 2.150579e+00, 2.110724e+00
2.164063e+00, 1.997210e+00, 2.033694e+00
2.179688e+00, 1.997210e+00, 1.957213e+00
2.195313e+00, 1.846250e+00, 1.881416e+00
2.210938e+00, 1.846250e+00, 1.806434e+00
2.226563e+00, 1.698731e+00, 1.732390e+00
2.242188e+00, 1.698731e+00, 1.659403e+00
2.257813e+00, 1.555590e+00, 1.587584e+00
2.273438e+00, 1.555590e+00, 1.517039e+00
2.289063e+00, 1.417660e+00, 1.447865e+00
2.304688e+00, 1.417660e+00, 1.380152e+00
2.320313e+00, 1.285658e+00, 1.313983e+00
2.335938e+00, 1.285658e+00, 1.249433e+00
2.351563e+00, 1.160185e+00, 1.186569e+00
2.367188e+00, 1.160185e+00, 1.125451e+00
2.382813e+00, 1.041716e+00, 1.066131e+00
2.398438e+00, 1.041716e+00, 1.008651e+00
2.414063e+00, 9.306033e-01, 9.530478e-01
2.429688e+00, 9.306033e-01, 8.993501e-01
2.445313e+00, 8.270792e-01, 8.475786e-01
2.460938e+00, 8.270792e-01, 7.977471e-01
2.476563e+00, 7.312597e-01, 7.498622e-01
2.492188e+00, 7.312597e-01, 7.039239e-01
2.507813e+00, 6.431525e-01, 6.599257e-01
2.523438e+00, 6.431525e-01, 6.178552e-01
2.539063e+00, 5.626660e-01, 5.776941e-01
2.554688e+00, 5.626660e-01, 5.394186e-01
2.570313e+00, 4.896202e-01, 5.030002e-01
2.585938e+00, 4.896202e-01, 4.684054e-01
2.601563e+00, 4.237585e-01, 4.355968e-01
2.617188e+00, 4.237585e-01, 4.045330e-01
2.632813e+00, 3.647600e-01, 3.751694e-01
2.648438e+00, 3.647600e-01, 3.474583e-01
2.664063e+00, 3.122524e-01, 3.213494e-01
2.679688e+00, 3.122524e-01, 2.967901e-01
2.695313e+00, 2.658246e-01, 2.737262e-01
2.710938e+00, 2.658246e-01, 2.521020e-01
2.726563e+00, 2.250387e-01, 2.318607e-01
2.742188e+00, 2.250387e-01, 2.129446e-01
2.757813e+00, 1.894410e-01, 1.952958e-01
2.773438e+00, 1.894410e-01, 1.788562e-01
2.789063e+00, 1.585730e-01, 1.635679e-01
2.804688e+00, 1.585730e-01, 1.493734e-01
2.820313e+00, 1.319795e-01, 1.362159e-01
2.835938e+00, 1.319795e-01, 1.240394e-01
2.851563e+00, 1.092170e-01, 1.127892e-01
2.867188e+00, 1.092170e-01, 1.024117e-01
2.882813e+00, 8.985992e-02, 9.285476e-02
2.898438e+00, 8.985992e-02, 8.406781e-02
2.914063e+00, 7.350541e-02, 7.600194e-02
2.929688e+00, 7.350541e-02, 6.861003e-02
2.945313e+00, 5.977731e-02, 6.184675e-02
2.960938e+00, 5.977731e-02, 5.566872e-02
2.976563e+00, 4.832859e-02, 5.003445e-02
2.992188e+00, 4.832859e-02, 4.490444e-02
3.007813e+00, 3.884274e-02, 4.024115e-02
3.023438e+00, 3.884274e-02, 3.600900e-02
3.039063e+00, 3.103426e-02, 3.217438e-02
3.054688e+00, 3.103426e-02, 2.870558e-02
3.070313e+00, 2.464830e-02, 2.557281e-02
3.085938e+00, 2.464830e-02, 2.274811e-02
3.101563e+00, 1.945965e-02, 2.020532e-02
3.117188e+00, 1.945965e-02, 1.792003e-02
3.132813e+00, 1.527126e-02, 1.586949e-02
3.148438e+00, 1.527126e-02, 1.403258e-02
3.164063e+00, 1.191231e-02, 1.238972e-02
3.179688e+00, 1.191231e-02, 1.092279e-02
3.195313e+00, 9.236077e-03, 9.615088e-03
3.210938e+00, 9.236077e-03, 8.451215e-03
3.226563e+00, 7.117707e-03, 7.417036e-03
3.242188e+00, 7.117707e-03, 6.499592e-03
3.257813e+00, 5.451849e-03, 5.687028e-03
3.273438e+00, 5.451849e-03, 4.968523e-03
3.289063e+00, 4.150394e-03, 4.334222e-03
3.304688e+00, 4.150394e-03, 3.775166e-03
3.320313e+00, 3.140274e-03, 3.283228e-03
3.335938e+00, 3.140274e-03, 2.851054e-03
3.351563e+00, 2.361399e-03, 2.472000e-03
3.367188e+00, 2.361399e-03, 2.140077e-03
3.382813e+00, 1.764764e-03, 1.849897e-03
3.398438e+00, 1.764764e-03, 1.596621e-03
3.414063e+00, 1.310721e-03, 1.375916e-03
3.429688e+00, 1.310721e-03, 1.183906e-03
3.445313e+00, 9.674587e-04, 1.017130e-03
3.460938e+00, 9.674588e-04, 8.725082e-04
3.476563e+00, 7.096512e-04, 7.473010e-04
3.492188e+00, 7.096513e-04, 6.390782e-04
3.507813e+00, 5.172969e-04, 5.456877e-04
3.523438e+00, 5.172971e-04, 4.652276e-04
3.539063e+00, 3.747222e-04, 3.960202e-04
3.554688e+00, 3.747226e-04, 3.365885e-04
3.570313e+00, 2.697404e-04, 2.856344e-04
3.585938e+00, 2.697410e-04, 2.420196e-04
3.601563e+00, 1.929488e-04, 2.047477e-04
3.617188e+00, 1.929497e-04, 1.729479e-04
3.632813e+00, 1.371481e-04, 1.458609e-04
3.648438e+00, 1.371496e-04, 1.228256e-04
3.664063e+00, 9.686826e-05, 1.032679e-04
3.679688e+00, 9.687084e-05, 8.668975e-05
3.695313e+00, 6.798431e-05, 7.265999e-05
3.710938e+00, 6.798853e-05, 6.080618e-05
3.726563e+00, 4.740899e-05, 5.080711e-05
3.742188e+00, 4.741587e-05, 4.238626e-05
3.757813e+00, 3.284898e-05, 3.530606e-05
3.773438e+00, 3.286012e-05, 2.936274e-05
3.789063e+00, 2.261329e-05, 2.438183e-05
3.804688e+00, 2.263121e-05, 2.021429e-05
3.820313e+00, 1.546418e-05, 1.673294e-05
3.835938e+00, 1.549281e-05, 1.382954e-05
3.851563e+00, 1.050206e-05, 1.141206e-05
3.867188e+00, 1.054752e-05, 9.402450e-06
3.882813e+00, 7.077543e-06, 7.734608e-06
3.898438e+00, 7.149232e-06, 6.352658e-06
3.914063e+00, 4.724591e-06, 5.209455e-06
3.929688e+00, 4.836898e-06, 4.265287e-06
3.945313e+00, 3.110153e-06, 3.486768e-06
3.960938e+00, 3.284934e-06, 2.845879e-06
3.976563e+00, 1.996336e-06, 2.319145e-06
3.992188e+00, 2.266551e-06, 1.886937e-06
4.000000e+00, 1.701046e-06, 1.701046e-06


#At time: 1.000484e+02, nsteps= 826


-1.000000e+00, 6.674491e-06, 6.674491e-06
-9.921875e-01, 8.546363e-06, 7.268720e-06
-9.765625e-01, 7.645971e-06, 8.613004e-06
-9.609375e-01, 1.182306e-05, 1.019391e-05
-9.453125e-01, 1.115559e-05, 1.205084e-05
-9.296875e-01, 1.636736e-05, 1.422930e-05
-9.140625e-01, 1.587499e-05, 1.678188e-05
-8.984375e-01, 2.262004e-05, 1.976915e-05
-8.828125e-01, 2.225862e-05, 2.326089e-05
-8.671875e-01, 3.116644e-05, 2.733732e-05
-8.515625e-01, 3.090245e-05, 3.209053e-05
-8.359375e-01, 4.277918e-05, 3.762614e-05
-8.203125e-01, 4.258730e-05, 4.406506e-05
-8.046875e-01, 5.847201e-05, 5.154556e-05
-7.890625e-01, 5.833324e-05, 6.022555e-05
-7.734375e-01, 7.956739e-05, 7.028508e-05
-7.578125e-01, 7.946752e-05, 8.192919e-05
-7.421875e-01, 1.077807e-04, 9.539104e-05
-7.265625e-01, 1.077092e-04, 1.109354e-04
-7.109375e-01, 1.453242e-04, 1.288626e-04
-6.953125e-01, 1.452733e-04, 1.495127e-04
-6.796875e-01, 1.950353e-04, 1.732702e-04
-6.640625e-01, 1.949991e-04, 2.005694e-04
-6.484375e-01, 2.605318e-04, 2.319001e-04
-6.328125e-01, 2.605063e-04, 2.678137e-04
-6.171875e-01, 3.464017e-04, 3.089305e-04
-6.015625e-01, 3.463837e-04, 3.559468e-04
-5.859375e-01, 4.584288e-04, 4.096437e-04
-5.703125e-01, 4.584163e-04, 4.708955e-04
-5.546875e-01, 6.038642e-04, 5.406801e-04
-5.390625e-01, 6.038555e-04, 6.200890e-04
-5.234375e-01, 7.917454e-04, 7.103396e-04
-5.078125e-01, 7.917394e-04, 8.127870e-04
-4.921875e-01, 1.033272e-03, 9.289375e-04
-4.765625e-01, 1.033268e-03, 1.060464e-03
-4.609375e-01, 1.342243e-03, 1.209219e-03
-4.453125e-01, 1.342240e-03, 1.377256e-03
-4.296875e-01, 1.735557e-03, 1.566841e-03
-4.140625e-01, 1.735555e-03, 1.780478e-03
-3.984375e-01, 2.233794e-03, 2.020923e-03
-3.828125e-01, 2.233793e-03, 2.291212e-03
-3.671875e-01, 2.861860e-03, 2.594678e-03
-3.515625e-01, 2.861859e-03, 2.934977e-03
-3.359375e-01, 3.649719e-03, 3.316114e-03
-3.203125e-01, 3.649719e-03, 3.742471e-03
-3.046875e-01, 4.633207e-03, 4.218830e-03
-2.890625e-01, 4.633206e-03, 4.750406e-03
-2.734375e-01, 5.854908e-03, 5.342877e-03
-2.578125e-01, 5.854908e-03, 6.002412e-03
-2.421875e-01, 7.365125e-03, 6.735708e-03
-2.265625e-01, 7.365125e-03, 7.550018e-03
-2.109375e-01, 9.222896e-03, 8.453191e-03
-1.953125e-01, 9.222896e-03, 9.453701e-03
-1.796875e-01, 1.149707e-02, 1.056069e-02
-1.640625e-01, 1.149707e-02, 1.178399e-02
-1.484375e-01, 1.426743e-02, 1.313417e-02
-1.328125e-01, 1.426743e-02, 1.462258e-02
-1.171875e-01, 1.762580e-02, 1.626137e-02
-1.015625e-01, 1.762580e-02, 1.806352e-02
-8.593750e-02, 2.167718e-02, 2.004291e-02
-7.031250e-02, 2.167718e-02, 2.221430e-02
-5.468750e-02, 2.654080e-02, 2.459343e-02
-3.906250e-02, 2.654080e-02, 2.719697e-02
-2.343750e-02, 3.235108e-02, 3.004263e-02
-7.812500e-03, 3.235108e-02, 3.314911e-02
7.812500e-03, 3.925855e-02, 3.653619e-02
2.343750e-02, 3.925855e-02, 4.022469e-02
3.906250e-02, 4.743046e-02, 4.423653e-02
5.468750e-02, 4.743046e-02, 4.859474e-02
7.031250e-02, 5.705125e-02, 5.332342e-02
8.593750e-02, 5.705125e-02, 5.844780e-02
1.015625e-01, 6.832274e-02, 6.399421e-02
1.171875e-01, 6.832274e-02, 6.999007e-02
1.328125e-01, 8.146395e-02, 7.646386e-02
1.484375e-01, 8.146395e-02, 8.344513e-02
1.640625e-01, 9.671052e-02, 9.096447e-02
1.796875e-01, 9.671052e-02, 9.905342e-02
1.953125e-01, 1.143137e-01, 1.077445e-01
2.109375e-01, 1.143137e-01, 1.170710e-01
2.265625e-01, 1.345388e-01, 1.270673e-01
2.421875e-01, 1.345388e-01, 1.377682e-01
2.578125e-01, 1.576634e-01, 1.492095e-01
2.734375e-01, 1.576634e-01, 1.614272e-01
2.890625e-01, 1.839741e-01, 1.744582e-01
3.046875e-01, 1.839741e-01, 1.883394e-01
3.203125e-01, 2.137642e-01, 2.031082e-01
3.359375e-01, 2.137642e-01, 2.188020e-01
3.515625e-01, 2.473291e-01, 2.354583e-01
3.671875e-01, 2.473291e-01, 2.531143e-01
3.828125e-01, 2.849625e-01, 2.718070e-01
3.984375e-01, 2.849625e-01, 2.915728e-01
4.140625e-01, 3.269510e-01, 3.124476e-01
4.296875e-01, 3.269510e-01, 3.344664e-01
4.453125e-01, 3.735692e-01, 3.576631e-01
4.609375e-01, 3.735692e-01, 3.820705e-01
4.765625e-01, 4.250733e-01, 4.077201e-01
4.921875e-01, 4.250733e-01, 4.346414e-01
5.078125e-01, 4.816954e-01, 4.628626e-01
5.234375e-01, 4.816954e-01, 4.924095e-01
5.390625e-01, 5.436368e-01, 5.233059e-01
5.546875e-01, 5.436368e-01, 5.555730e-01
5.703125e-01, 6.110618e-01, 5.892295e-01
5.859375e-01, 6.110618e-01, 6.242913e-01
6.015625e-01, 6.840907e-01, 6.607711e-01
6.171875e-01, 6.840907e-01, 6.986784e-01
6.328125e-01, 7.627942e-01, 7.380193e-01
6.484375e-01, 7.627942e-01, 7.787964e-01
6.640625e-01, 8.471873e-01, 8.210084e-01
6.796875e-01, 8.471873e-01, 8.646501e-01
6.953125e-01, 9.372238e-01, 9.097121e-01
7.109375e-01, 9.372238e-01, 9.561809e-01
7.265625e-01, 1.032792e+00, 1.004039e+00
7.421875e-01, 1.032792e+00, 1.053263e+00
7.578125e-01, 1.133710e+00, 1.103827e+00
7.734375e-01, 1.133710e+00, 1.155700e+00
7.890625e-01, 1.239724e+00, 1.208844e+00
8.046875e-01, 1.239724e+00, 1.263219e+00
8.203125e-01, 1.350507e+00, 1.318780e+00
8.359375e-01, 1.350507e+00, 1.375476e+00
8.515625e-01, 1.465655e+00, 1.433252e+00
8.671875e-01, 1.465655e+00, 1.492047e+00
8.828125e-01, 1.584693e+00, 1.551799e+00
8.984375e-01, 1.584693e+00, 1.612437e+00
9.140625e-01, 1.707073e+00, 1.673888e+00
9.296875e-01, 1.707073e+00, 1.736076e+00
9.453125e-01, 1.832178e+00, 1.798917e+00
9.609375e-01, 1.832178e+00, 1.862326e+00
9.765625e-01, 1.959327e+00, 1.926215e+00
9.921875e-01, 1.959327e+00, 1.990488e+00
1.007813e+00, 2.087784e+00, 2.055051e+00
1.023438e+00, 2.087784e+00, 2.119804e+00
1.039063e+00, 2.216757e+00, 2.184643e+00
1.054688e+00, 2.216757e+00, 2.249464e+00
1.070313e+00, 2.345417e+00, 2.314161e+00
1.085938e+00, 2.345417e+00, 2.378622e+00
1.101563e+00, 2.472897e+00, 2.442738e+00
1.117188e+00, 2.472897e+00, 2.506395e+00
1.132813e+00, 2.598308e+00, 2.569481e+00
1.148438e+00, 2.598308e+00, 2.631881e+00
1.164063e+00, 2.720745e+00, 2.693480e+00
1.179688e+00, 2.720745e+00, 2.754164e+00
1.195313e+00, 2.839301e+00, 2.813819e+00
1.210938e+00, 2.839301e+00, 2.872330e+00
1.226563e+00, 2.953077e+00, 2.929586e+00
1.242188e+00, 2.953077e+00, 2.985474e+00
1.257813e+00, 3.061191e+00, 3.039885e+00
1.273438e+00, 3.061191e+00, 3.092711e+00
1.289063e+00, 3.162790e+00, 3.143846e+00
1.304688e+00, 3.162790e+00, 3.193189e+00
1.320313e+00, 3.257059e+00, 3.240638e+00
1.335938e+00, 3.257059e+00, 3.286097e+00
1.351563e+00, 3.343235e+00, 3.329473e+00
1.367188e+00, 3.343235e+00, 3.370677e+00
1.382813e+00, 3.420608e+00, 3.409624e+00
1.398438e+00, 3.420608e+00, 3.446231e+00
1.414063e+00, 3.488539e+00, 3.480424e+00
1.429688e+00, 3.488539e+00, 3.512130e+00
1.445313e+00, 3.546459e+00, 3.541283e+00
1.460938e+00, 3.546459e+00, 3.567822e+00
1.476563e+00, 3.593883e+00, 3.591690e+00
1.492188e+00, 3.593883e+00, 3.612837e+00
1.507813e+00, 3.630410e+00, 3.631217e+00
1.523438e+00, 3.630410e+00, 3.646793e+00
1.539063e+00, 3.655730e+00, 3.659530e+00
1.554688e+00, 3.655730e+00, 3.669402e+00
1.570313e+00, 3.669629e+00, 3.676387e+00
1.585938e+00, 3.669629e+00, 3.680472e+00
1.601563e+00, 3.671987e+00, 3.681646e+00
1.617188e+00, 3.671987e+00, 3.679907e+00
1.632813e+00, 3.662784e+00, 3.675260e+00
1.648438e+00, 3.662784e+00, 3.667714e+00
1.664063e+00, 3.642099e+00, 3.657285e+00
1.679688e+00, 3.642099e+00, 3.643995e+00
1.695313e+00, 3.610108e+00, 3.627873e+00
1.710938e+00, 3.610108e+00, 3.608953e+00
1.726563e+00, 3.567082e+00, 3.587275e+00
1.742188e+00, 3.567082e+00, 3.562886e+00
1.757813e+00, 3.513384e+00, 3.535836e+00
1.773438e+00, 3.513384e+00, 3.506183e+00
1.789063e+00, 3.449468e+00, 3.473990e+00
1.804688e+00, 3.449468e+00, 3.439323e+00
1.820313e+00, 3.375867e+00, 3.402256e+00
1.835938e+00, 3.375867e+00, 3.362866e+00
1.851563e+00, 3.293193e+00, 3.321234e+00
1.867188e+00, 3.293193e+00, 3.277447e+00
1.882813e+00, 3.202128e+00, 3.231595e+00
1.898438e+00, 3.202128e+00, 3.183771e+00
1.914063e+00, 3.103414e+00, 3.134073e+00
1.929688e+00, 3.103414e+00, 3.082602e+00
1.945313e+00, 2.997846e+00, 3.029461e+00
1.960938e+00, 2.997846e+00, 2.974755e+00
1.976563e+00, 2.886262e+00, 2.918593e+00
1.992188e+00, 2.886262e+00, 2.861086e+00
2.007813e+00, 2.769535e+00, 2.802344e+00
2.023438e+00, 2.769535e+00, 2.742481e+00
2.039063e+00, 2.648556e+00, 2.681610e+00
2.054688e+00, 2.648556e+00, 2.619847e+00
2.070313e+00, 2.524233e+00, 2.557305e+00
2.085938e+00, 2.524233e+00, 2.494099e+00
2.101563e+00, 2.397471e+00, 2.430344e+00
2.117188e+00, 2.397471e+00, 2.366153e+00
2.132813e+00, 2.269168e+00, 2.301637e+00
2.148438e+00, 2.269168e+00, 2.236909e+00
2.164063e+00, 2.140200e+00, 2.172075e+00
2.179688e+00, 2.140200e+00, 2.107245e+00
2.195313e+00, 2.011414e+00, 2.042521e+00
2.210938e+00, 2.011414e+00, 1.978007e+00
2.226563e+00, 1.883618e+00, 1.913800e+00
2.242188e+00, 1.883618e+00, 1.849998e+00
2.257813e+00, 1.757573e+00, 1.786691e+00
2.273438e+00, 1.757573e+00, 1.723970e+00
2.289063e+00, 1.633982e+00, 1.661919e+00
2.304688e+00, 1.633982e+00, 1.600619e+00
2.320313e+00, 1.513490e+00, 1.540148e+00
2.335938e+00, 1.513490e+00, 1.480576e+00
2.351563e+00, 1.396674e+00, 1.421973e+00
2.367188e+00, 1.396674e+00, 1.364402e+00
2.382813e+00, 1.284039e+00, 1.307922e+00
2.398438e+00, 1.284039e+00, 1.252587e+00
2.414063e+00, 1.176019e+00, 1.198447e+00
2.429688e+00, 1.176019e+00, 1.145546e+00
2.445313e+00, 1.072972e+00, 1.093925e+00
2.460938e+00, 1.072972e+00, 1.043618e+00
2.476563e+00, 9.751834e-01, 9.946565e-01
2.492188e+00, 9.751834e-01, 9.470662e-01
2.507813e+00, 8.828628e-01, 9.008688e-01
2.523438e+00, 8.828628e-01, 8.560811e-01
2.539063e+00, 7.961508e-01, 8.127159e-01
2.554688e+00, 7.961508e-01, 7.707817e-01
2.570313e+00, 7.151198e-01, 7.302829e-01
2.585938e+00, 7.151198e-01, 6.912201e-01
2.601563e+00, 6.397794e-01, 6.535901e-01
2.617188e+00, 6.397794e-01, 6.173860e-01
2.632813e+00, 5.700809e-01, 5.825976e-01
2.648438e+00, 5.700809e-01, 5.492117e-01
2.664063e+00, 5.059235e-01, 5.172117e-01
2.679688e+00, 5.059235e-01, 4.865786e-01
2.695313e+00, 4.471599e-01, 4.572906e-01
2.710938e+00, 4.471599e-01, 4.293234e-01
2.726563e+00, 3.936030e-01, 4.026508e-01
2.742188e+00, 3.936030e-01, 3.772443e-01
2.757813e+00, 3.450323e-01, 3.530741e-01
2.773438e+00, 3.450323e-01, 3.301082e-01
2.789063e+00, 3.012004e-01, 3.083138e-01
2.804688e+00, 3.012004e-01, 2.876567e-01
2.820313e+00, 2.618392e-01, 2.681017e-01
2.835938e+00, 2.618392e-01, 2.496128e-01
2.851563e+00, 2.266659e-01, 2.321534e-01
2.867188e+00, 2.266659e-01, 2.156866e-01
2.882813e+00, 1.953890e-01, 2.001749e-01
2.898438e+00, 1.953890e-01, 1.855811e-01
2.914063e+00, 1.677128e-01, 1.718675e-01
2.929688e+00, 1.677128e-01, 1.589971e-01
2.945313e+00, 1.433425e-01, 1.469327e-01
2.960938e+00, 1.433425e-01, 1.356377e-01
2.976563e+00, 1.219878e-01, 1.250761e-01
2.992188e+00, 1.219878e-01, 1.152123e-01
3.007813e+00, 1.033670e-01, 1.060116e-01
3.023438e+00, 1.033670e-01, 9.743978e-02
3.039063e+00, 8.720924e-02, 8.946373e-02
3.054688e+00, 8.720924e-02, 8.205110e-02
3.070313e+00, 7.325708e-02, 7.517054e-02
3.085938e+00, 7.325708e-02, 6.879164e-02
3.101563e+00, 6.126817e-02, 6.288508e-02
3.117188e+00, 6.126817e-02, 5.742257e-02
3.132813e+00, 5.101648e-02, 5.237690e-02
3.148438e+00, 5.101648e-02, 4.772195e-02
3.164063e+00, 4.229301e-02, 4.343272e-02
3.179688e+00, 4.229301e-02, 3.948530e-02
3.195313e+00, 3.490613e-02, 3.585689e-02
3.210938e+00, 3.490613e-02, 3.252579e-02
3.226563e+00, 2.868154e-02, 2.947137e-02
3.242188e+00, 2.868154e-02, 2.667406e-02
3.257813e+00, 2.346194e-02, 2.411536e-02
3.273438e+00, 2.346194e-02, 2.177776e-02
3.289063e+00, 1.910642e-02, 1.964478e-02
3.304688e+00, 1.910642e-02, 1.770086e-02
3.320313e+00, 1.548966e-02, 1.593143e-02
3.335938e+00, 1.548966e-02, 1.432277e-02
3.351563e+00, 1.250101e-02, 1.286207e-02
3.367188e+00, 1.250101e-02, 1.153734e-02
3.382813e+00, 1.004345e-02, 1.033738e-02
3.398438e+00, 1.004346e-02, 9.251780e-03
3.414063e+00, 8.032471e-03, 8.270826e-03
3.429688e+00, 8.032479e-03, 7.385517e-03
3.445313e+00, 6.394960e-03, 6.587501e-03
3.460938e+00, 6.394973e-03, 5.869049e-03
3.476563e+00, 5.068077e-03, 5.223017e-03
3.492188e+00, 5.068096e-03, 4.642814e-03
3.507813e+00, 3.998154e-03, 4.122367e-03
3.523438e+00, 3.998181e-03, 3.656092e-03
3.539063e+00, 3.139648e-03, 3.238860e-03
3.554688e+00, 3.139689e-03, 2.865967e-03
3.570313e+00, 2.454153e-03, 2.533108e-03
3.585938e+00, 2.454214e-03, 2.236347e-03
3.601563e+00, 1.909480e-03, 1.972092e-03
3.617188e+00, 1.909570e-03, 1.737070e-03
3.632813e+00, 1.478816e-03, 1.528302e-03
3.648438e+00, 1.478948e-03, 1.343081e-03
3.664063e+00, 1.139959e-03, 1.178951e-03
3.679688e+00, 1.140152e-03, 1.033688e-03
3.695313e+00, 8.746359e-04, 9.052810e-04
3.710938e+00, 8.749160e-04, 7.919114e-04
3.726563e+00, 6.678928e-04, 6.919406e-04
3.742188e+00, 6.682982e-04, 6.038924e-04
3.757813e+00, 5.075645e-04, 5.264397e-04
3.773438e+00, 5.081483e-04, 4.583903e-04
3.789063e+00, 3.838087e-04, 3.986757e-04
3.804688e+00, 3.846451e-04, 3.463388e-04
3.820313e+00, 2.887050e-04, 3.005240e-04
3.835938e+00, 2.898975e-04, 2.604675e-04
3.851563e+00, 2.159118e-04, 2.254883e-04
3.867188e+00, 2.176036e-04, 1.949800e-04
3.882813e+00, 1.603736e-04, 1.684036e-04
3.898438e+00, 1.627621e-04, 1.452806e-04
3.914063e+00, 1.180740e-04, 1.251868e-04
3.929688e+00, 1.214293e-04, 1.077467e-04
3.945313e+00, 8.582735e-05, 9.262817e-05
3.960938e+00, 9.051774e-05, 7.953824e-05
3.976563e+00, 6.110446e-05, 6.821852e-05
3.992188e+00, 6.762885e-05, 5.844154e-05
4.000000e+00, 5.406811e-05, 5.406811e-05


