#At time: 0.000000e+00, nsteps= 0


0.000000e+00, 0.000000e+00, 0.000000e+00
7.812500e-03, 0.000000e+00, 0.000000e+00
2.343750e-02, 0.000000e+00, 0.000000e+00
3.906250e-02, 0.000000e+00, 0.000000e+00
5.468750e-02, 0.000000e+00, 0.000000e+00
7.031250e-02, 0.000000e+00, 0.000000e+00
8.593750e-02, 0.000000e+00, 0.000000e+00
1.015625e-01, 0.000000e+00, 0.000000e+00
1.171875e-01, 0.000000e+00, 0.000000e+00
1.328125e-01, 0.000000e+00, 0.000000e+00
1.484375e-01, 0.000000e+00, 0.000000e+00
1.640625e-01, 0.000000e+00, 0.000000e+00
1.796875e-01, 0.000000e+00, 0.000000e+00
1.953125e-01, 0.000000e+00, 0.000000e+00
2.109375e-01, 0.000000e+00, 0.000000e+00
2.265625e-01, 0.000000e+00, 0.000000e+00
2.421875e-01, 0.000000e+00, 0.000000e+00
2.578125e-01, 0.000000e+00, 0.000000e+00
2.734375e-01, 0.000000e+00, 0.000000e+00
2.890625e-01, 0.000000e+00, 0.000000e+00
3.046875e-01, 0.000000e+00, 0.000000e+00
3.203125e-01, 0.000000e+00, 0.000000e+00
3.359375e-01, 0.000000e+00, 0.000000e+00
3.515625e-01, 0.000000e+00, 0.000000e+00
3.671875e-01, 0.000000e+00, 0.000000e+00
3.828125e-01, 0.000000e+00, 0.000000e+00
3.984375e-01, 0.000000e+00, 0.000000e+00
4.140625e-01, 0.000000e+00, 0.000000e+00
4.296875e-01, 0.000000e+00, 0.000000e+00
4.453125e-01, 0.000000e+00, 0.000000e+00
4.609375e-01, 0.000000e+00, 0.000000e+00
4.765625e-01, 0.000000e+00, 0.000000e+00
4.921875e-01, 0.000000e+00, 0.000000e+00
5.078125e-01, 0.000000e+00, 0.000000e+00
5.234375e-01, 0.000000e+00, 0.000000e+00
5.390625e-01, 0.000000e+00, 0.000000e+00
5.546875e-01, 0.000000e+00, 0.000000e+00
5.703125e-01, 0.000000e+00, 0.000000e+00
5.859375e-01, 0.000000e+00, 0.000000e+00
6.015625e-01, 0.000000e+00, 0.000000e+00
6.171875e-01, 0.000000e+00, 0.000000e+00
6.328125e-01, 0.000000e+00, 0.000000e+00
6.484375e-01, 0.000000e+00, 0.000000e+00
6.640625e-01, 0.000000e+00, 0.000000e+00
6.796875e-01, 0.000000e+00, 0.000000e+00
6.953125e-01, 0.000000e+00, 0.000000e+00
7.109375e-01, 0.000000e+00, 0.000000e+00
7.265625e-01, 0.000000e+00, 0.000000e+00
7.421875e-01, 0.000000e+00, 0.000000e+00
7.578125e-01, 0.000000e+00, 0.000000e+00
7.734375e-01, 0.000000e+00, 0.000000e+00
7.890625e-01, 0.000000e+00, 0.000000e+00
8.046875e-01, 0.000000e+00, 0.000000e+00
8.203125e-01, 0.000000e+00, 0.000000e+00
8.359375e-01, 0.000000e+00, 0.000000e+00
8.515625e-01, 0.000000e+00, 0.000000e+00
8.671875e-01, 0.000000e+00, 0.000000e+00
8.828125e-01, 0.000000e+00, 0.000000e+00
8.984375e-01, 0.000000e+00, 0.000000e+00
9.140625e-01, 0.000000e+00, 0.000000e+00
9.296875e-01, 0.000000e+00, 0.000000e+00
9.453125e-01, 0.000000e+00, 0.000000e+00
9.609375e-01, 0.000000e+00, 0.000000e+00
9.765625e-01, 0.000000e+00, 0.000000e+00
9.921875e-01, 0.000000e+00, 0.000000e+00
1.007813e+00, 5.000000e+00, 5.000000e+00
1.023438e+00, 5.000000e+00, 5.000000e+00
1.039063e+00, 5.000000e+00, 5.000000e+00
1.054688e+00, 5.000000e+00, 5.000000e+00
1.070313e+00, 5.000000e+00, 5.000000e+00
1.085938e+00, 5.000000e+00, 5.000000e+00
1.101563e+00, 5.000000e+00, 5.000000e+00
1.117188e+00, 5.000000e+00, 5.000000e+00
1.132813e+00, 5.000000e+00, 5.000000e+00
1.148438e+00, 5.000000e+00, 5.000000e+00
1.164063e+00, 5.000000e+00, 5.000000e+00
1.179688e+00, 5.000000e+00, 5.000000e+00
1.195313e+00, 5.000000e+00, 5.000000e+00
1.210938e+00, 5.000000e+00, 5.000000e+00
1.226563e+00, 5.000000e+00, 5.000000e+00
1.242188e+00, 5.000000e+00, 5.000000e+00
1.257813e+00, 5.000000e+00, 5.000000e+00
1.273438e+00, 5.000000e+00, 5.000000e+00
1.289063e+00, 5.000000e+00, 5.000000e+00
1.304688e+00, 5.000000e+00, 5.000000e+00
1.320313e+00, 5.000000e+00, 5.000000e+00
1.335938e+00, 5.000000e+00, 5.000000e+00
1.351563e+00, 5.000000e+00, 5.000000e+00
1.367188e+00, 5.000000e+00, 5.000000e+00
1.382813e+00, 5.000000e+00, 5.000000e+00
1.398438e+00, 5.000000e+00, 5.000000e+00
1.414063e+00, 5.000000e+00, 5.000000e+00
1.429688e+00, 5.000000e+00, 5.000000e+00
1.445313e+00, 5.000000e+00, 5.000000e+00
1.460938e+00, 5.000000e+00, 5.000000e+00
1.476563e+00, 5.000000e+00, 5.000000e+00
1.492188e+00, 5.000000e+00, 5.000000e+00
1.507813e+00, 5.000000e+00, 5.000000e+00
1.523438e+00, 5.000000e+00, 5.000000e+00
1.539063e+00, 5.000000e+00, 5.000000e+00
1.554688e+00, 5.000000e+00, 5.000000e+00
1.570313e+00, 5.000000e+00, 5.000000e+00
1.585938e+00, 5.000000e+00, 5.000000e+00
1.601563e+00, 5.000000e+00, 5.000000e+00
1.617188e+00, 5.000000e+00, 5.000000e+00
1.632813e+00, 5.000000e+00, 5.000000e+00
1.648438e+00, 5.000000e+00, 5.000000e+00
1.664063e+00, 5.000000e+00, 5.000000e+00
1.679688e+00, 5.000000e+00, 5.000000e+00
1.695313e+00, 5.000000e+00, 5.000000e+00
1.710938e+00, 5.000000e+00, 5.000000e+00
1.726563e+00, 5.000000e+00, 5.000000e+00
1.742188e+00, 5.000000e+00, 5.000000e+00
1.757813e+00, 5.000000e+00, 5.000000e+00
1.773438e+00, 5.000000e+00, 5.000000e+00
1.789063e+00, 5.000000e+00, 5.000000e+00
1.804688e+00, 5.000000e+00, 5.000000e+00
1.820313e+00, 5.000000e+00, 5.000000e+00
1.835938e+00, 5.000000e+00, 5.000000e+00
1.851563e+00, 5.000000e+00, 5.000000e+00
1.867188e+00, 5.000000e+00, 5.000000e+00
1.882813e+00, 5.000000e+00, 5.000000e+00
1.898438e+00, 5.000000e+00, 5.000000e+00
1.914063e+00, 5.000000e+00, 5.000000e+00
1.929688e+00, 5.000000e+00, 5.000000e+00
1.945313e+00, 5.000000e+00, 5.000000e+00
1.960938e+00, 5.000000e+00, 5.000000e+00
1.976563e+00, 5.000000e+00, 5.000000e+00
1.992188e+00, 5.000000e+00, 5.000000e+00
2.007813e+00, 0.000000e+00, 0.000000e+00
2.023438e+00, 0.000000e+00, 0.000000e+00
2.039063e+00, 0.000000e+00, 0.000000e+00
2.054688e+00, 0.000000e+00, 0.000000e+00
2.070313e+00, 0.000000e+00, 0.000000e+00
2.085938e+00, 0.000000e+00, 0.000000e+00
2.101563e+00, 0.000000e+00, 0.000000e+00
2.117188e+00, 0.000000e+00, 0.000000e+00
2.132813e+00, 0.000000e+00, 0.000000e+00
2.148438e+00, 0.000000e+00, 0.000000e+00
2.164063e+00, 0.000000e+00, 0.000000e+00
2.179688e+00, 0.000000e+00, 0.000000e+00
2.195313e+00, 0.000000e+00, 0.000000e+00
2.210938e+00, 0.000000e+00, 0.000000e+00
2.226563e+00, 0.000000e+00, 0.000000e+00
2.242188e+00, 0.000000e+00, 0.000000e+00
2.257813e+00, 0.000000e+00, 0.000000e+00
2.273438e+00, 0.000000e+00, 0.000000e+00
2.289063e+00, 0.000000e+00, 0.000000e+00
2.304688e+00, 0.000000e+00, 0.000000e+00
2.320313e+00, 0.000000e+00, 0.000000e+00
2.335938e+00, 0.000000e+00, 0.000000e+00
2.351563e+00, 0.000000e+00, 0.000000e+00
2.367188e+00, 0.000000e+00, 0.000000e+00
2.382813e+00, 0.000000e+00, 0.000000e+00
2.398438e+00, 0.000000e+00, 0.000000e+00
2.414063e+00, 0.000000e+00, 0.000000e+00
2.429688e+00, 0.000000e+00, 0.000000e+00
2.445313e+00, 0.000000e+00, 0.000000e+00
2.460938e+00, 0.000000e+00, 0.000000e+00
2.476563e+00, 0.000000e+00, 0.000000e+00
2.492188e+00, 0.000000e+00, 0.000000e+00
2.507813e+00, 0.000000e+00, 0.000000e+00
2.523438e+00, 0.000000e+00, 0.000000e+00
2.539063e+00, 0.000000e+00, 0.000000e+00
2.554688e+00, 0.000000e+00, 0.000000e+00
2.570313e+00, 0.000000e+00, 0.000000e+00
2.585938e+00, 0.000000e+00, 0.000000e+00
2.601563e+00, 0.000000e+00, 0.000000e+00
2.617188e+00, 0.000000e+00, 0.000000e+00
2.632813e+00, 0.000000e+00, 0.000000e+00
2.648438e+00, 0.000000e+00, 0.000000e+00
2.664063e+00, 0.000000e+00, 0.000000e+00
2.679688e+00, 0.000000e+00, 0.000000e+00
2.695313e+00, 0.000000e+00, 0.000000e+00
2.710938e+00, 0.000000e+00, 0.000000e+00
2.726563e+00, 0.000000e+00, 0.000000e+00
2.742188e+00, 0.000000e+00, 0.000000e+00
2.757813e+00, 0.000000e+00, 0.000000e+00
2.773438e+00, 0.000000e+00, 0.000000e+00
2.789063e+00, 0.000000e+00, 0.000000e+00
2.804688e+00, 0.000000e+00, 0.000000e+00
2.820313e+00, 0.000000e+00, 0.000000e+00
2.835938e+00, 0.000000e+00, 0.000000e+00
2.851563e+00, 0.000000e+00, 0.000000e+00
2.867188e+00, 0.000000e+00, 0.000000e+00
2.882813e+00, 0.000000e+00, 0.000000e+00
2.898438e+00, 0.000000e+00, 0.000000e+00
2.914063e+00, 0.000000e+00, 0.000000e+00
2.929688e+00, 0.000000e+00, 0.000000e+00
2.945313e+00, 0.000000e+00, 0.000000e+00
2.960938e+00, 0.000000e+00, 0.000000e+00
2.976563e+00, 0.000000e+00, 0.000000e+00
2.992188e+00, 0.000000e+00, 0.000000e+00
3.007813e+00, 0.000000e+00, 0.000000e+00
3.023438e+00, 0.000000e+00, 0.000000e+00
3.039063e+00, 0.000000e+00, 0.000000e+00
3.054688e+00, 0.000000e+00, 0.000000e+00
3.070313e+00, 0.000000e+00, 0.000000e+00
3.085938e+00, 0.000000e+00, 0.000000e+00
3.101563e+00, 0.000000e+00, 0.000000e+00
3.117188e+00, 0.000000e+00, 0.000000e+00
3.132813e+00, 0.000000e+00, 0.000000e+00
3.148438e+00, 0.000000e+00, 0.000000e+00
3.164063e+00, 0.000000e+00, 0.000000e+00
3.179688e+00, 0.000000e+00, 0.000000e+00
3.195313e+00, 0.000000e+00, 0.000000e+00
3.210938e+00, 0.000000e+00, 0.000000e+00
3.226563e+00, 0.000000e+00, 0.000000e+00
3.242188e+00, 0.000000e+00, 0.000000e+00
3.257813e+00, 0.000000e+00, 0.000000e+00
3.273438e+00, 0.000000e+00, 0.000000e+00
3.289063e+00, 0.000000e+00, 0.000000e+00
3.304688e+00, 0.000000e+00, 0.000000e+00
3.320313e+00, 0.000000e+00, 0.000000e+00
3.335938e+00, 0.000000e+00, 0.000000e+00
3.351563e+00, 0.000000e+00, 0.000000e+00
3.367188e+00, 0.000000e+00, 0.000000e+00
3.382813e+00, 0.000000e+00, 0.000000e+00
3.398438e+00, 0.000000e+00, 0.000000e+00
3.414063e+00, 0.000000e+00, 0.000000e+00
3.429688e+00, 0.000000e+00, 0.000000e+00
3.445313e+00, 0.000000e+00, 0.000000e+00
3.460938e+00, 0.000000e+00, 0.000000e+00
3.476563e+00, 0.000000e+00, 0.000000e+00
3.492188e+00, 0.000000e+00, 0.000000e+00
3.507813e+00, 0.000000e+00, 0.000000e+00
3.523438e+00, 0.000000e+00, 0.000000e+00
3.539063e+00, 0.000000e+00, 0.000000e+00
3.554688e+00, 0.000000e+00, 0.000000e+00
3.570313e+00, 0.000000e+00, 0.000000e+00
3.585938e+00, 0.000000e+00, 0.000000e+00
3.601563e+00, 0.000000e+00, 0.000000e+00
3.617188e+00, 0.000000e+00, 0.000000e+00
3.632813e+00, 0.000000e+00, 0.000000e+00
3.648438e+00, 0.000000e+00, 0.000000e+00
3.664063e+00, 0.000000e+00, 0.000000e+00
3.679688e+00, 0.000000e+00, 0.000000e+00
3.695313e+00, 0.000000e+00, 0.000000e+00
3.710938e+00, 0.000000e+00, 0.000000e+00
3.726563e+00, 0.000000e+00, 0.000000e+00
3.742188e+00, 0.000000e+00, 0.000000e+00
3.757813e+00, 0.000000e+00, 0.000000e+00
3.773438e+00, 0.000000e+00, 0.000000e+00
3.789063e+00, 0.000000e+00, 0.000000e+00
3.804688e+00, 0.000000e+00, 0.000000e+00
3.820313e+00, 0.000000e+00, 0.000000e+00
3.835938e+00, 0.000000e+00, 0.000000e+00
3.851563e+00, 0.000000e+00, 0.000000e+00
3.867188e+00, 0.000000e+00, 0.000000e+00
3.882813e+00, 0.000000e+00, 0.000000e+00
3.898438e+00, 0.000000e+00, 0.000000e+00
3.914063e+00, 0.000000e+00, 0.000000e+00
3.929688e+00, 0.000000e+00, 0.000000e+00
3.945313e+00, 0.000000e+00, 0.000000e+00
3.960938e+00, 0.000000e+00, 0.000000e+00
3.976563e+00, 0.000000e+00, 0.000000e+00
3.992188e+00, 0.000000e+00, 0.000000e+00
4.007813e+00, 0.000000e+00, 0.000000e+00
4.023438e+00, 0.000000e+00, 0.000000e+00
4.039063e+00, 0.000000e+00, 0.000000e+00
4.054688e+00, 0.000000e+00, 0.000000e+00
4.070313e+00, 0.000000e+00, 0.000000e+00
4.085938e+00, 0.000000e+00, 0.000000e+00
4.101563e+00, 0.000000e+00, 0.000000e+00
4.117188e+00, 0.000000e+00, 0.000000e+00
4.132813e+00, 0.000000e+00, 0.000000e+00
4.148438e+00, 0.000000e+00, 0.000000e+00
4.164063e+00, 0.000000e+00, 0.000000e+00
4.179688e+00, 0.000000e+00, 0.000000e+00
4.195313e+00, 0.000000e+00, 0.000000e+00
4.210938e+00, 0.000000e+00, 0.000000e+00
4.226563e+00, 0.000000e+00, 0.000000e+00
4.242188e+00, 0.000000e+00, 0.000000e+00
4.257813e+00, 0.000000e+00, 0.000000e+00
4.273438e+00, 0.000000e+00, 0.000000e+00
4.289063e+00, 0.000000e+00, 0.000000e+00
4.304688e+00, 0.000000e+00, 0.000000e+00
4.320313e+00, 0.000000e+00, 0.000000e+00
4.335938e+00, 0.000000e+00, 0.000000e+00
4.351563e+00, 0.000000e+00, 0.000000e+00
4.367188e+00, 0.000000e+00, 0.000000e+00
4.382813e+00, 0.000000e+00, 0.000000e+00
4.398438e+00, 0.000000e+00, 0.000000e+00
4.414063e+00, 0.000000e+00, 0.000000e+00
4.429688e+00, 0.000000e+00, 0.000000e+00
4.445313e+00, 0.000000e+00, 0.000000e+00
4.460938e+00, 0.000000e+00, 0.000000e+00
4.476563e+00, 0.000000e+00, 0.000000e+00
4.492188e+00, 0.000000e+00, 0.000000e+00
4.507813e+00, 0.000000e+00, 0.000000e+00
4.523438e+00, 0.000000e+00, 0.000000e+00
4.539063e+00, 0.000000e+00, 0.000000e+00
4.554688e+00, 0.000000e+00, 0.000000e+00
4.570313e+00, 0.000000e+00, 0.000000e+00
4.585938e+00, 0.000000e+00, 0.000000e+00
4.601563e+00, 0.000000e+00, 0.000000e+00
4.617188e+00, 0.000000e+00, 0.000000e+00
4.632813e+00, 0.000000e+00, 0.000000e+00
4.648438e+00, 0.000000e+00, 0.000000e+00
4.664063e+00, 0.000000e+00, 0.000000e+00
4.679688e+00, 0.000000e+00, 0.000000e+00
4.695313e+00, 0.000000e+00, 0.000000e+00
4.710938e+00, 0.000000e+00, 0.000000e+00
4.726563e+00, 0.000000e+00, 0.000000e+00
4.742188e+00, 0.000000e+00, 0.000000e+00
4.757813e+00, 0.000000e+00, 0.000000e+00
4.773438e+00, 0.000000e+00, 0.000000e+00
4.789063e+00, 0.000000e+00, 0.000000e+00
4.804688e+00, 0.000000e+00, 0.000000e+00
4.820313e+00, 0.000000e+00, 0.000000e+00
4.835938e+00, 0.000000e+00, 0.000000e+00
4.851563e+00, 0.000000e+00, 0.000000e+00
4.867188e+00, 0.000000e+00, 0.000000e+00
4.882813e+00, 0.000000e+00, 0.000000e+00
4.898438e+00, 0.000000e+00, 0.000000e+00
4.914063e+00, 0.000000e+00, 0.000000e+00
4.929688e+00, 0.000000e+00, 0.000000e+00
4.945313e+00, 0.000000e+00, 0.000000e+00
4.960938e+00, 0.000000e+00, 0.000000e+00
4.976563e+00, 0.000000e+00, 0.000000e+00
4.992188e+00, 0.000000e+00, 0.000000e+00
5.000000e+00, 0.000000e+00, 0.000000e+00


#At time: 2.502264e+01, nsteps= 221


0.000000e+00, 5.720971e-08, 5.720971e-08
7.812500e-03, 5.216078e-08, 6.990957e-08
2.343750e-02, 2.810090e-07, 1.040220e-07
3.906250e-02, 2.719973e-07, 1.540474e-07
5.468750e-02, 6.713790e-07, 2.270520e-07
7.031250e-02, 6.657530e-07, 3.330733e-07
8.593750e-02, 1.425714e-06, 4.862941e-07
1.015625e-01, 1.422270e-06, 7.066499e-07
1.171875e-01, 2.895658e-06, 1.022015e-06
1.328125e-01, 2.893591e-06, 1.471158e-06
1.484375e-01, 5.730537e-06, 2.107716e-06
1.640625e-01, 5.729321e-06, 3.005504e-06
1.796875e-01, 1.110882e-05, 4.265564e-06
1.953125e-01, 1.110812e-05, 6.025478e-06
2.109375e-01, 2.112795e-05, 8.471575e-06
2.265625e-01, 2.112755e-05, 1.185486e-05
2.421875e-01, 3.944564e-05, 1.651162e-05
2.578125e-01, 3.944542e-05, 2.289005e-05
2.734375e-01, 7.230971e-05, 3.158414e-05
2.890625e-01, 7.230959e-05, 4.337696e-05
3.046875e-01, 1.301713e-04, 5.929511e-05
3.203125e-01, 1.301712e-04, 8.067722e-05
3.359375e-01, 2.301488e-04, 1.092591e-04
3.515625e-01, 2.301488e-04, 1.472791e-04
3.671875e-01, 3.996938e-04, 1.976078e-04
3.828125e-01, 3.996938e-04, 2.639062e-04
3.984375e-01, 6.819000e-04, 3.508165e-04
4.140625e-01, 6.819000e-04, 4.641927e-04
4.296875e-01, 1.142977e-03, 6.113748e-04
4.453125e-01, 1.142977e-03, 8.015133e-04
4.609375e-01, 1.882467e-03, 1.045951e-03
4.765625e-01, 1.882467e-03, 1.358664e-03
4.921875e-01, 3.046771e-03, 1.756779e-03
5.078125e-01, 3.046771e-03, 2.261153e-03
5.234375e-01, 4.846462e-03, 2.897039e-03
5.390625e-01, 4.846462e-03, 3.694826e-03
5.546875e-01, 7.577634e-03, 4.690868e-03
5.703125e-01, 7.577634e-03, 5.928383e-03
5.859375e-01, 1.164712e-02, 7.458432e-03
6.015625e-01, 1.164712e-02, 9.340965e-03
6.171875e-01, 1.760081e-02, 1.164592e-02
6.328125e-01, 1.760081e-02, 1.445435e-02
6.484375e-01, 2.615360e-02, 1.785958e-02
6.640625e-01, 2.615360e-02, 2.196836e-02
6.796875e-01, 3.821839e-02, 2.690193e-02
6.953125e-01, 3.821839e-02, 3.279704e-02
7.109375e-01, 5.493066e-02, 3.980682e-02
7.265625e-01, 5.493066e-02, 4.810148e-02
7.421875e-01, 7.766426e-02, 5.786881e-02
7.578125e-01, 7.766426e-02, 6.931432e-02
7.734375e-01, 1.080332e-01, 8.266110e-02
7.890625e-01, 1.080332e-01, 9.814926e-02
8.046875e-01, 1.478742e-01, 1.160349e-01
8.203125e-01, 1.478742e-01, 1.365888e-01
8.359375e-01, 1.992050e-01, 1.600940e-01
8.515625e-01, 1.992050e-01, 1.868435e-01
8.671875e-01, 2.641555e-01, 2.171371e-01
8.828125e-01, 2.641555e-01, 2.512774e-01
8.984375e-01, 3.448694e-01, 2.895658e-01
9.140625e-01, 3.448694e-01, 3.322972e-01
9.296875e-01, 4.433795e-01, 3.797554e-01
9.453125e-01, 4.433795e-01, 4.322067e-01
9.609375e-01, 5.614617e-01, 4.898945e-01
9.765625e-01, 5.614617e-01, 5.530330e-01
9.921875e-01, 7.004767e-01, 6.218010e-01
1.007813e+00, 7.004767e-01, 6.963360e-01
1.023438e+00, 8.612126e-01, 7.767288e-01
1.039063e+00, 8.612126e-01, 8.630179e-01
1.054688e+00, 1.043745e+00, 9.551852e-01
1.070313e+00, 1.043745e+00, 1.053152e+00
1.085938e+00, 1.247326e+00, 1.156777e+00
1.101563e+00, 1.247326e+00, 1.265854e+00
1.117188e+00, 1.470327e+00, 1.380111e+00
1.132813e+00, 1.470327e+00, 1.499211e+00
1.148438e+00, 1.710234e+00, 1.622757e+00
1.164063e+00, 1.710234e+00, 1.750290e+00
1.179688e+00, 1.963711e+00, 1.881298e+00
1.195313e+00, 1.963711e+00, 2.015222e+00
1.210938e+00, 2.226730e+00, 2.151461e+00
1.226563e+00, 2.226730e+00, 2.289379e+00
1.242188e+00, 2.494755e+00, 2.428319e+00
1.257813e+00, 2.494755e+00, 2.567606e+00
1.273438e+00, 2.762978e+00, 2.706561e+00
1.289063e+00, 2.762978e+00, 2.844510e+00
1.304688e+00, 3.026564e+00, 2.980793e+00
1.320313e+00, 3.026564e+00, 3.114773e+00
1.335938e+00, 3.280916e+00, 3.245847e+00
1.351563e+00, 3.280916e+00, 3.373451e+00
1.367188e+00, 3.521903e+00, 3.497069e+00
1.382813e+00, 3.521903e+00, 3.616239e+00
1.398438e+00, 3.746050e+00, 3.730554e+00
1.414063e+00, 3.746050e+00, 3.839672e+00
1.429688e+00, 3.950675e+00, 3.943311e+00
1.445313e+00, 3.950675e+00, 4.041255e+00
1.460938e+00, 4.133949e+00, 4.133347e+00
1.476563e+00, 4.133949e+00, 4.219494e+00
1.492188e+00, 4.294892e+00, 4.299660e+00
1.507813e+00, 4.294892e+00, 4.373859e+00
1.523438e+00, 4.433301e+00, 4.442157e+00
1.539063e+00, 4.433301e+00, 4.504658e+00
1.554688e+00, 4.549623e+00, 4.561505e+00
1.570313e+00, 4.549623e+00, 4.612867e+00
1.585938e+00, 4.644794e+00, 4.658937e+00
1.601563e+00, 4.644794e+00, 4.699919e+00
1.617188e+00, 4.720046e+00, 4.736027e+00
1.632813e+00, 4.720046e+00, 4.767475e+00
1.648438e+00, 4.776717e+00, 4.794470e+00
1.664063e+00, 4.776717e+00, 4.817209e+00
1.679688e+00, 4.816072e+00, 4.835871e+00
1.695313e+00, 4.816072e+00, 4.850611e+00
1.710938e+00, 4.839144e+00, 4.861561e+00
1.726563e+00, 4.839144e+00, 4.868820e+00
1.742188e+00, 4.846620e+00, 4.872458e+00
1.757813e+00, 4.846620e+00, 4.872510e+00
1.773438e+00, 4.838762e+00, 4.868976e+00
1.789063e+00, 4.838762e+00, 4.861822e+00
1.804688e+00, 4.815379e+00, 4.850981e+00
1.820313e+00, 4.815379e+00, 4.836353e+00
1.835938e+00, 4.775856e+00, 4.817807e+00
1.851563e+00, 4.775856e+00, 4.795188e+00
1.867188e+00, 4.719215e+00, 4.768319e+00
1.882813e+00, 4.719215e+00, 4.737003e+00
1.898438e+00, 4.644239e+00, 4.701033e+00
1.914063e+00, 4.644239e+00, 4.660195e+00
1.929688e+00, 4.549614e+00, 4.614276e+00
1.945313e+00, 4.549614e+00, 4.563070e+00
1.960938e+00, 4.434113e+00, 4.506385e+00
1.976563e+00, 4.434113e+00, 4.444049e+00
1.992188e+00, 4.296779e+00, 4.375921e+00
2.007813e+00, 4.296779e+00, 4.301894e+00
2.023438e+00, 4.137117e+00, 4.221902e+00
2.039063e+00, 4.137117e+00, 4.135928e+00
2.054688e+00, 3.955257e+00, 4.044007e+00
2.070313e+00, 3.955257e+00, 3.946231e+00
2.085938e+00, 3.752088e+00, 3.842754e+00
2.101563e+00, 3.752088e+00, 3.733792e+00
2.117188e+00, 3.529333e+00, 3.619622e+00
2.132813e+00, 3.529333e+00, 3.500588e+00
2.148438e+00, 3.289570e+00, 3.377093e+00
2.164063e+00, 3.289570e+00, 3.249597e+00
2.179688e+00, 3.036173e+00, 3.118616e+00
2.195313e+00, 3.036173e+00, 2.984712e+00
2.210938e+00, 2.773192e+00, 2.848487e+00
2.226563e+00, 2.773192e+00, 2.710577e+00
2.242188e+00, 2.505175e+00, 2.571641e+00
2.257813e+00, 2.505175e+00, 2.432355e+00
2.273438e+00, 2.236934e+00, 2.293396e+00
2.289063e+00, 2.236934e+00, 2.155438e+00
2.304688e+00, 1.973298e+00, 2.019142e+00
2.320313e+00, 1.973298e+00, 1.885142e+00
2.335938e+00, 1.718849e+00, 1.754041e+00
2.351563e+00, 1.718849e+00, 1.626399e+00
2.367188e+00, 1.477695e+00, 1.502732e+00
2.382813e+00, 1.477695e+00, 1.383497e+00
2.398438e+00, 1.253267e+00, 1.269094e+00
2.414063e+00, 1.253267e+00, 1.159863e+00
2.429688e+00, 1.048181e+00, 1.056077e+00
2.445313e+00, 1.048181e+00, 9.579437e-01
2.460938e+00, 8.641680e-01, 8.656069e-01
2.476563e+00, 8.641680e-01, 7.791469e-01
2.492188e+00, 7.020610e-01, 6.985835e-01
2.507813e+00, 7.020610e-01, 6.238797e-01
2.523438e+00, 5.618527e-01, 5.549463e-01
2.539063e+00, 5.618527e-01, 4.916469e-01
2.554688e+00, 4.427989e-01, 4.338040e-01
2.570313e+00, 4.427989e-01, 3.812042e-01
2.585938e+00, 3.435585e-01, 3.336049e-01
2.601563e+00, 3.435585e-01, 2.907404e-01
2.617188e+00, 2.623532e-01, 2.523274e-01
2.632813e+00, 2.623532e-01, 2.180711e-01
2.648438e+00, 1.971293e-01, 1.876703e-01
2.664063e+00, 1.971293e-01, 1.608223e-01
2.679688e+00, 1.457100e-01, 1.372272e-01
2.695313e+00, 1.457100e-01, 1.165918e-01
2.710938e+00, 1.059252e-01, 9.863267e-02
2.726563e+00, 1.059252e-01, 8.307869e-02
2.742188e+00, 7.571550e-02, 6.967331e-02
2.757813e+00, 7.571550e-02, 5.817592e-02
2.773438e+00, 5.320508e-02, 4.836292e-02
2.789063e+00, 5.320508e-02, 4.002830e-02
2.804688e+00, 3.674640e-02, 3.298376e-02
2.820313e+00, 3.674640e-02, 2.705858e-02
2.835938e+00, 2.493925e-02, 2.209914e-02
2.851563e+00, 2.493925e-02, 1.796823e-02
2.867188e+00, 1.662932e-02, 1.454417e-02
2.882813e+00, 1.662932e-02, 1.171982e-02
2.898438e+00, 1.089196e-02, 9.401467e-03
2.914063e+00, 1.089196e-02, 7.507726e-03
2.929688e+00, 7.006437e-03, 5.968349e-03
2.945313e+00, 7.006437e-03, 4.723113e-03
2.960938e+00, 4.425560e-03, 3.720716e-03
2.976563e+00, 4.425560e-03, 2.917724e-03
2.992188e+00, 2.744355e-03, 2.277600e-03
3.007813e+00, 2.744355e-03, 1.769793e-03
3.023438e+00, 1.670456e-03, 1.368911e-03
3.039063e+00, 1.670456e-03, 1.053979e-03
3.054688e+00, 9.978704e-04, 8.077735e-04
3.070313e+00, 9.978704e-04, 6.162324e-04
3.085938e+00, 5.848972e-04, 4.679436e-04
3.101563e+00, 5.848972e-04, 3.536987e-04
3.117188e+00, 3.363355e-04, 2.661101e-04
3.132813e+00, 3.363355e-04, 1.992849e-04
3.148438e+00, 1.897031e-04, 1.485490e-04
3.164063e+00, 1.897031e-04, 1.102161e-04
3.179688e+00, 1.049312e-04, 8.139486e-05
3.195313e+00, 1.049312e-04, 5.983065e-05
3.210938e+00, 5.690922e-05, 4.377465e-05
3.226563e+00, 5.690922e-05, 3.187804e-05
3.242188e+00, 3.025702e-05, 2.310618e-05
3.257813e+00, 3.025702e-05, 1.666979e-05
3.273438e+00, 1.576710e-05, 1.197004e-05
3.289063e+00, 1.576710e-05, 8.555055e-06
3.304688e+00, 8.051448e-06, 6.085683e-06
3.320313e+00, 8.051448e-06, 4.308772e-06
3.335938e+00, 4.028154e-06, 3.036362e-06
3.351563e+00, 4.028154e-06, 2.129648e-06
3.367188e+00, 1.974053e-06, 1.486669e-06
3.382813e+00, 1.974053e-06, 1.032932e-06
3.398438e+00, 9.474171e-07, 7.142959e-07
3.414063e+00, 9.474171e-07, 4.916232e-07
3.429688e+00, 4.452044e-07, 3.367695e-07
3.445313e+00, 4.452044e-07, 2.296032e-07
3.460938e+00, 2.047941e-07, 1.557996e-07
3.476563e+00, 2.047941e-07, 1.052197e-07
3.492188e+00, 9.219688e-08, 7.072422e-08
3.507813e+00, 9.219688e-08, 4.731282e-08
3.523438e+00, 4.061194e-08, 3.150125e-08
3.539063e+00, 4.061194e-08, 2.087438e-08
3.554688e+00, 1.749947e-08, 1.376688e-08
3.570313e+00, 1.749947e-08, 9.036326e-09
3.585938e+00, 7.374303e-09, 5.903126e-09
3.601563e+00, 7.374303e-09, 3.837999e-09
3.617188e+00, 3.038295e-09, 2.483471e-09
3.632813e+00, 3.038295e-09, 1.599352e-09
3.648438e+00, 1.223589e-09, 1.025082e-09
3.664063e+00, 1.223589e-09, 6.538856e-10
3.679688e+00, 4.815240e-10, 4.151191e-10
3.695313e+00, 4.815240e-10, 2.622833e-10
3.710938e+00, 1.851195e-10, 1.649278e-10
3.726563e+00, 1.851195e-10, 1.032149e-10
3.742188e+00, 6.950393e-11, 6.428608e-11
3.757813e+00, 6.950393e-11, 3.984868e-11
3.773438e+00, 2.547740e-11, 2.458284e-11
3.789063e+00, 2.547740e-11, 1.509293e-11
3.804688e+00, 9.114867e-12, 9.222345e-12
3.820313e+00, 9.114867e-12, 5.608292e-12
3.835938e+00, 3.181632e-12, 3.394229e-12
3.851563e+00, 3.181632e-12, 2.044198e-12
3.867188e+00, 1.083186e-12, 1.225409e-12
3.882813e+00, 1.083186e-12, 7.310819e-13
3.898438e+00, 3.595448e-13, 4.340972e-13
3.914063e+00, 3.595448e-13, 2.564615e-13
3.929688e+00, 1.163150e-13, 1.507128e-13
3.945313e+00, 1.163150e-13, 8.826273e-14
3.960938e+00, 3.665897e-14, 5.134781e-14
3.976563e+00, 3.665897e-14, 2.969847e-14
3.992188e+00, 1.125144e-14, 1.720846e-14
4.007813e+00, 1.125144e-14, 9.992007e-15
4.023438e+00, 3.361502e-15, 5.551115e-15
4.039063e+00, 3.361502e-15, 3.330669e-15
4.054688e+00, 9.771482e-16, 1.942890e-15
4.070313e+00, 9.771482e-16, 1.110223e-15
4.085938e+00, 2.762391e-16, 5.551115e-16
4.101563e+00, 2.762391e-16, 2.775558e-16
4.117188e+00, 7.590898e-17, 2.775558e-16
4.132813e+00, 7.590898e-17, 0.000000e+00
4.148438e+00, 2.026562e-17, 0.000000e+00
4.164063e+00, 2.026562e-17, 0.000000e+00
4.179688e+00, 5.253508e-18, 0.000000e+00
4.195313e+00, 5.253508e-18, 0.000000e+00
4.210938e+00, 1.321640e-18, 0.000000e+00
4.226563e+00, 1.321640e-18, 0.000000e+00
4.242188e+00, 3.224708e-19, 0.000000e+00
4.257813e+00, 3.224708e-19, 0.000000e+00
4.273438e+00, 7.626147e-20, 0.000000e+00
4.289063e+00, 7.626147e-20, 0.000000e+00
4.304688e+00, 1.746896e-20, 0.000000e+00
4.320313e+00, 1.746896e-20, 0.000000e+00
4.335938e+00, 3.873188e-21, 0.000000e+00
4.351563e+00, 3.873188e-21, 0.000000e+00
4.367188e+00, 8.305865e-22, 0.000000e+00
4.382813e+00, 8.305865e-22, 0.000000e+00
4.398438e+00, 1.721358e-22, 0.000000e+00
4.414063e+00, 1.721358e-22, 0.000000e+00
4.429688e+00, 3.444784e-23, 0.000000e+00
4.445313e+00, 3.444784e-23, 0.000000e+00
4.460938e+00, 6.650710e-24, 0.000000e+00
4.476563e+00, 6.650710e-24, 0.000000e+00
4.492188e+00, 1.237585e-24, 0.000000e+00
4.507813e+00, 1.237585e-24, 0.000000e+00
4.523438e+00, 2.217383e-25, 0.000000e+00
4.539063e+00, 2.217383e-25, 0.000000e+00
4.554688e+00, 3.821134e-26, 0.000000e+00
4.570313e+00, 3.821134e-26, 0.000000e+00
4.585938e+00, 6.325906e-27, 0.000000e+00
4.601563e+00, 6.325906e-27, 0.000000e+00
4.617188e+00, 1.004818e-27, 0.000000e+00
4.632813e+00, 1.004818e-27, 0.000000e+00
4.648438e+00, 1.529327e-28, 0.000000e+00
4.664063e+00, 1.529327e-28, 0.000000e+00
4.679688e+00, 2.227039e-29, 0.000000e+00
4.695313e+00, 2.227039e-29, 0.000000e+00
4.710938e+00, 3.098021e-30, 0.000000e+00
4.726563e+00, 3.098021e-30, 0.000000e+00
4.742188e+00, 4.109837e-31, 0.000000e+00
4.757813e+00, 4.109837e-31, 0.000000e+00
4.773438e+00, 5.189631e-32, 0.000000e+00
4.789063e+00, 5.189631e-32, 0.000000e+00
4.804688e+00, 6.224883e-33, 0.000000e+00
4.820313e+00, 6.224883e-33, 0.000000e+00
4.835938e+00, 7.076723e-34, 0.000000e+00
4.851563e+00, 7.076723e-34, 0.000000e+00
4.867188e+00, 7.606095e-35, 0.000000e+00
4.882813e+00, 7.606095e-35, 0.000000e+00
4.898438e+00, 7.707693e-36, 0.000000e+00
4.914063e+00, 7.707693e-36, 0.000000e+00
4.929688e+00, 7.341392e-37, 0.000000e+00
4.945313e+00, 7.341346e-37, 0.000000e+00
4.960938e+00, 6.522863e-38, 0.000000e+00
4.976563e+00, 6.514413e-38, 0.000000e+00
4.992188e+00, 7.298522e-40, 0.000000e+00
5.000000e+00, 0.000000e+00, 0.000000e+00


#At time: 5.004529e+01, nsteps= 442


0.000000e+00, 5.272180e-06, 5.272180e-06
7.812500e-03, 9.085635e-06, 5.954155e-06
2.343750e-02, 8.657503e-06, 7.580783e-06
3.906250e-02, 1.848293e-05, 9.629138e-06
5.468750e-02, 1.810746e-05, 1.220228e-05
7.031250e-02, 3.221938e-05, 1.542677e-05
8.593750e-02, 3.189377e-05, 1.945767e-05
1.015625e-01, 5.245700e-05, 2.448436e-05
1.171875e-01, 5.217771e-05, 3.073758e-05
1.328125e-01, 8.231152e-05, 3.849766e-05
1.484375e-01, 8.207455e-05, 4.810425e-05
1.640625e-01, 1.262261e-04, 5.996777e-05
1.796875e-01, 1.260272e-04, 7.458275e-05
1.953125e-01, 1.904715e-04, 9.254349e-05
2.109375e-01, 1.903063e-04, 1.145622e-04
2.265625e-01, 2.838059e-04, 1.414898e-04
2.421875e-01, 2.836701e-04, 1.743407e-04
2.578125e-01, 4.183354e-04, 2.143202e-04
2.734375e-01, 4.182249e-04, 2.628565e-04
2.890625e-01, 6.106191e-04, 3.216376e-04
3.046875e-01, 6.105302e-04, 3.926527e-04
3.203125e-01, 8.830683e-04, 4.782387e-04
3.359375e-01, 8.829974e-04, 5.811344e-04
3.515625e-01, 1.265693e-03, 7.045391e-04
3.671875e-01, 1.265637e-03, 8.521802e-04
3.828125e-01, 1.798247e-03, 1.028387e-03
3.984375e-01, 1.798204e-03, 1.238176e-03
4.140625e-01, 2.532821e-03, 1.487336e-03
4.296875e-01, 2.532788e-03, 1.782538e-03
4.453125e-01, 3.536920e-03, 2.131436e-03
4.609375e-01, 3.536894e-03, 2.542794e-03
4.765625e-01, 4.897051e-03, 3.026611e-03
4.921875e-01, 4.897032e-03, 3.594266e-03
5.078125e-01, 6.722826e-03, 4.258663e-03
5.234375e-01, 6.722811e-03, 5.034395e-03
5.390625e-01, 9.151533e-03, 5.937914e-03
5.546875e-01, 9.151522e-03, 6.987707e-03
5.703125e-01, 1.235312e-02, 8.204483e-03
5.859375e-01, 1.235311e-02, 9.611369e-03
6.015625e-01, 1.653547e-02, 1.123410e-02
6.171875e-01, 1.653546e-02, 1.310124e-02
6.328125e-01, 2.194974e-02, 1.524437e-02
6.484375e-01, 2.194974e-02, 1.769829e-02
6.640625e-01, 2.889563e-02, 2.050121e-02
6.796875e-01, 2.889563e-02, 2.369499e-02
6.953125e-01, 3.772611e-02, 2.732526e-02
7.109375e-01, 3.772610e-02, 3.144163e-02
7.265625e-01, 4.885139e-02, 3.609781e-02
7.421875e-01, 4.885139e-02, 4.135176e-02
7.578125e-01, 6.274164e-02, 4.726580e-02
7.734375e-01, 6.274164e-02, 5.390662e-02
7.890625e-01, 7.992793e-02, 6.134540e-02
8.046875e-01, 7.992793e-02, 6.965771e-02
8.203125e-01, 1.010010e-01, 7.892349e-02
8.359375e-01, 1.010010e-01, 8.922697e-02
8.515625e-01, 1.266075e-01, 1.006565e-01
8.671875e-01, 1.266075e-01, 1.133041e-01
8.828125e-01, 1.574427e-01, 1.272657e-01
8.984375e-01, 1.574427e-01, 1.426401e-01
9.140625e-01, 1.942404e-01, 1.595291e-01
9.296875e-01, 1.942404e-01, 1.780367e-01
9.453125e-01, 2.377586e-01, 1.982686e-01
9.609375e-01, 2.377586e-01, 2.203316e-01
9.765625e-01, 2.887617e-01, 2.443327e-01
9.921875e-01, 2.887617e-01, 2.703787e-01
1.007813e+00, 3.479996e-01, 2.985749e-01
1.023438e+00, 3.479996e-01, 3.290244e-01
1.039063e+00, 4.161827e-01, 3.618271e-01
1.054688e+00, 4.161827e-01, 3.970787e-01
1.070313e+00, 4.939555e-01, 4.348698e-01
1.085938e+00, 4.939555e-01, 4.752845e-01
1.101563e+00, 5.818682e-01, 5.183996e-01
1.117188e+00, 5.818682e-01, 5.642834e-01
1.132813e+00, 6.803475e-01, 6.129945e-01
1.148438e+00, 6.803475e-01, 6.645810e-01
1.164063e+00, 7.896687e-01, 7.190793e-01
1.179688e+00, 7.896687e-01, 7.765133e-01
1.195313e+00, 9.099300e-01, 8.368933e-01
1.210938e+00, 9.099300e-01, 9.002153e-01
1.226563e+00, 1.041030e+00, 9.664603e-01
1.242188e+00, 1.041030e+00, 1.035594e+00
1.257813e+00, 1.182652e+00, 1.107565e+00
1.273438e+00, 1.182652e+00, 1.182307e+00
1.289063e+00, 1.334251e+00, 1.259737e+00
1.304688e+00, 1.334251e+00, 1.339753e+00
1.320313e+00, 1.495051e+00, 1.422240e+00
1.335938e+00, 1.495051e+00, 1.507064e+00
1.351563e+00, 1.664050e+00, 1.594076e+00
1.367188e+00, 1.664050e+00, 1.683113e+00
1.382813e+00, 1.840033e+00, 1.773996e+00
1.398438e+00, 1.840033e+00, 1.866532e+00
1.414063e+00, 2.021589e+00, 1.960517e+00
1.429688e+00, 2.021589e+00, 2.055736e+00
1.445313e+00, 2.207142e+00, 2.151962e+00
1.460938e+00, 2.207142e+00, 2.248960e+00
1.476563e+00, 2.394983e+00, 2.346488e+00
1.492188e+00, 2.394983e+00, 2.444299e+00
1.507813e+00, 2.583305e+00, 2.542139e+00
1.523438e+00, 2.583305e+00, 2.639756e+00
1.539063e+00, 2.770251e+00, 2.736892e+00
1.554688e+00, 2.770251e+00, 2.833293e+00
1.570313e+00, 2.953947e+00, 2.928705e+00
1.585938e+00, 2.953947e+00, 3.022880e+00
1.601563e+00, 3.132550e+00, 3.115572e+00
1.617188e+00, 3.132550e+00, 3.206542e+00
1.632813e+00, 3.304281e+00, 3.295561e+00
1.648438e+00, 3.304281e+00, 3.382405e+00
1.664063e+00, 3.467457e+00, 3.466861e+00
1.679688e+00, 3.467457e+00, 3.548726e+00
1.695313e+00, 3.620522e+00, 3.627809e+00
1.710938e+00, 3.620522e+00, 3.703927e+00
1.726563e+00, 3.762065e+00, 3.776913e+00
1.742188e+00, 3.762065e+00, 3.846608e+00
1.757813e+00, 3.890835e+00, 3.912869e+00
1.773438e+00, 3.890835e+00, 3.975560e+00
1.789063e+00, 4.005742e+00, 4.034562e+00
1.804688e+00, 4.005742e+00, 4.089764e+00
1.820313e+00, 4.105867e+00, 4.141068e+00
1.835938e+00, 4.105867e+00, 4.188383e+00
1.851563e+00, 4.190447e+00, 4.231634e+00
1.867188e+00, 4.190447e+00, 4.270750e+00
1.882813e+00, 4.258873e+00, 4.305673e+00
1.898438e+00, 4.258873e+00, 4.336351e+00
1.914063e+00, 4.310678e+00, 4.362740e+00
1.929688e+00, 4.310678e+00, 4.384806e+00
1.945313e+00, 4.345524e+00, 4.402518e+00
1.960938e+00, 4.345524e+00, 4.415853e+00
1.976563e+00, 4.363195e+00, 4.424795e+00
1.992188e+00, 4.363195e+00, 4.429333e+00
2.007813e+00, 4.363587e+00, 4.429461e+00
2.023438e+00, 4.363587e+00, 4.425179e+00
2.039063e+00, 4.346703e+00, 4.416491e+00
2.054688e+00, 4.346703e+00, 4.403410e+00
2.070313e+00, 4.312654e+00, 4.385952e+00
2.085938e+00, 4.312654e+00, 4.364138e+00
2.101563e+00, 4.261663e+00, 4.337998e+00
2.117188e+00, 4.261663e+00, 4.307568e+00
2.132813e+00, 4.194067e+00, 4.272890e+00
2.148438e+00, 4.194067e+00, 4.234015e+00
2.164063e+00, 4.110332e+00, 4.191002e+00
2.179688e+00, 4.110332e+00, 4.143920e+00
2.195313e+00, 4.011059e+00, 4.092846e+00
2.210938e+00, 4.011059e+00, 4.037867e+00
2.226563e+00, 3.896999e+00, 3.979083e+00
2.242188e+00, 3.896999e+00, 3.916601e+00
2.257813e+00, 3.769057e+00, 3.850544e+00
2.273438e+00, 3.769057e+00, 3.781044e+00
2.289063e+00, 3.628301e+00, 3.708245e+00
2.304688e+00, 3.628301e+00, 3.632304e+00
2.320313e+00, 3.475961e+00, 3.553389e+00
2.335938e+00, 3.475961e+00, 3.471680e+00
2.351563e+00, 3.313425e+00, 3.387368e+00
2.367188e+00, 3.313425e+00, 3.300657e+00
2.382813e+00, 3.142226e+00, 3.211758e+00
2.398438e+00, 3.142226e+00, 3.120895e+00
2.414063e+00, 2.964026e+00, 3.028296e+00
2.429688e+00, 2.964026e+00, 2.934201e+00
2.445313e+00, 2.780587e+00, 2.838853e+00
2.460938e+00, 2.780587e+00, 2.742503e+00
2.476563e+00, 2.593740e+00, 2.645402e+00
2.492188e+00, 2.593740e+00, 2.547807e+00
2.507813e+00, 2.405353e+00, 2.449972e+00
2.523438e+00, 2.405353e+00, 2.352153e+00
2.539063e+00, 2.217283e+00, 2.254602e+00
2.554688e+00, 2.217283e+00, 2.157566e+00
2.570313e+00, 2.031342e+00, 2.061289e+00
2.585938e+00, 2.031342e+00, 1.966006e+00
2.601563e+00, 1.849252e+00, 1.871943e+00
2.617188e+00, 1.849252e+00, 1.779317e+00
2.632813e+00, 1.672609e+00, 1.688333e+00
2.648438e+00, 1.672609e+00, 1.599184e+00
2.664063e+00, 1.502844e+00, 1.512050e+00
2.679688e+00, 1.502844e+00, 1.427095e+00
2.695313e+00, 1.341201e+00, 1.344469e+00
2.710938e+00, 1.341201e+00, 1.264306e+00
2.726563e+00, 1.188708e+00, 1.186724e+00
2.742188e+00, 1.188708e+00, 1.111823e+00
2.757813e+00, 1.046171e+00, 1.039689e+00
2.773438e+00, 1.046171e+00, 9.703896e-01
2.789063e+00, 9.141607e-01, 9.039760e-01
2.804688e+00, 9.141607e-01, 8.404839e-01
2.820313e+00, 7.930199e-01, 7.799331e-01
2.835938e+00, 7.930199e-01, 7.223285e-01
2.851563e+00, 6.828714e-01, 6.676605e-01
2.867188e+00, 6.828714e-01, 6.159061e-01
2.882813e+00, 5.836348e-01, 5.670295e-01
2.898438e+00, 5.836348e-01, 5.209833e-01
2.914063e+00, 4.950478e-01, 4.777095e-01
2.929688e+00, 4.950478e-01, 4.371403e-01
2.945313e+00, 4.166920e-01, 3.991993e-01
2.960938e+00, 4.166920e-01, 3.638029e-01
2.976563e+00, 3.480213e-01, 3.308608e-01
2.992188e+00, 3.480213e-01, 3.002776e-01
3.007813e+00, 2.883909e-01, 2.719536e-01
3.023438e+00, 2.883909e-01, 2.457858e-01
3.039063e+00, 2.370862e-01, 2.216690e-01
3.054688e+00, 2.370862e-01, 1.994966e-01
3.070313e+00, 1.933509e-01, 1.791614e-01
3.085938e+00, 1.933509e-01, 1.605568e-01
3.101563e+00, 1.564114e-01, 1.435768e-01
3.117188e+00, 1.564114e-01, 1.281174e-01
3.132813e+00, 1.254995e-01, 1.140767e-01
3.148438e+00, 1.254995e-01, 1.013555e-01
3.164063e+00, 9.987042e-02, 8.985794e-02
3.179688e+00, 9.987042e-02, 7.949163e-02
3.195313e+00, 7.881790e-02, 7.016803e-02
3.210938e+00, 7.881790e-02, 6.180267e-02
3.226563e+00, 6.168484e-02, 5.431536e-02
3.242188e+00, 6.168484e-02, 4.763026e-02
3.257813e+00, 4.787087e-02, 4.167596e-02
3.273438e+00, 4.787087e-02, 3.638548e-02
3.289063e+00, 3.683648e-02, 3.169627e-02
3.304688e+00, 3.683648e-02, 2.755012e-02
3.320313e+00, 2.810440e-02, 2.389306e-02
3.335938e+00, 2.810440e-02, 2.067526e-02
3.351563e+00, 2.125869e-02, 1.785086e-02
3.367188e+00, 2.125869e-02, 1.537779e-02
3.382813e+00, 1.594196e-02, 1.321763e-02
3.398438e+00, 1.594196e-02, 1.133538e-02
3.414063e+00, 1.185134e-02, 9.699285e-03
3.429688e+00, 1.185134e-02, 8.280616e-03
3.445313e+00, 8.733588e-03, 7.053474e-03
3.460938e+00, 8.733588e-03, 5.994589e-03
3.476563e+00, 6.379640e-03, 5.083116e-03
3.492188e+00, 6.379640e-03, 4.300443e-03
3.507813e+00, 4.619101e-03, 3.630007e-03
3.523438e+00, 4.619101e-03, 3.057113e-03
3.539063e+00, 3.314793e-03, 2.568760e-03
3.554688e+00, 3.314793e-03, 2.153487e-03
3.570313e+00, 2.357620e-03, 1.801219e-03
3.585938e+00, 2.357620e-03, 1.503124e-03
3.601563e+00, 1.661843e-03, 1.251485e-03
3.617188e+00, 1.661843e-03, 1.039580e-03
3.632813e+00, 1.160877e-03, 8.615702e-04
3.648438e+00, 1.160877e-03, 7.123975e-04
3.664063e+00, 8.036080e-04, 5.876950e-04
3.679688e+00, 8.036080e-04, 4.837025e-04
3.695313e+00, 5.512460e-04, 3.971919e-04
3.710938e+00, 5.512460e-04, 3.253996e-04
3.726563e+00, 3.746896e-04, 2.659667e-04
3.742188e+00, 3.746896e-04, 2.168852e-04
3.757813e+00, 2.523511e-04, 1.764511e-04
3.773438e+00, 2.523511e-04, 1.432218e-04
3.789063e+00, 1.683946e-04, 1.159802e-04
3.804688e+00, 1.683946e-04, 9.370163e-05
3.820313e+00, 1.113328e-04, 7.552633e-05
3.835938e+00, 1.113328e-04, 6.073466e-05
3.851563e+00, 7.292433e-05, 4.872602e-05
3.867188e+00, 7.292433e-05, 3.900055e-05
3.882813e+00, 4.732153e-05, 3.114332e-05
3.898438e+00, 4.732153e-05, 2.481093e-05
3.914063e+00, 3.042040e-05, 1.971987e-05
3.929688e+00, 3.042040e-05, 1.563678e-05
3.945313e+00, 1.937195e-05, 1.237007e-05
3.960938e+00, 1.937195e-05, 9.762876e-06
3.976563e+00, 1.221988e-05, 7.687118e-06
3.992188e+00, 1.221988e-05, 6.038496e-06
4.007813e+00, 7.635344e-06, 4.732306e-06
4.023438e+00, 7.635344e-06, 3.699943e-06
4.039063e+00, 4.725424e-06, 2.885990e-06
4.054688e+00, 4.725424e-06, 2.245802e-06
4.070313e+00, 2.896585e-06, 1.743510e-06
4.085938e+00, 2.896585e-06, 1.350372e-06
4.101563e+00, 1.758522e-06, 1.043415e-06
4.117188e+00, 1.758522e-06, 8.043328e-07
4.132813e+00, 1.057323e-06, 6.185693e-07
4.148438e+00, 1.057323e-06, 4.745856e-07
4.164063e+00, 6.295766e-07, 3.632568e-07
4.179688e+00, 6.295766e-07, 2.773866e-07
4.195313e+00, 3.712384e-07, 2.113145e-07
4.210938e+00, 3.712384e-07, 1.605996e-07
4.226563e+00, 2.167718e-07, 1.217673e-07
4.242188e+00, 2.167718e-07, 9.210595e-08
4.257813e+00, 1.253374e-07, 6.950479e-08
4.273438e+00, 1.253374e-07, 5.232527e-08
4.289063e+00, 7.175764e-08, 3.929864e-08
4.304688e+00, 7.175764e-08, 2.944505e-08
4.320313e+00, 4.067685e-08, 2.200977e-08
4.335938e+00, 4.067685e-08, 1.641296e-08
4.351563e+00, 2.282969e-08, 1.221028e-08
4.367188e+00, 2.282969e-08, 9.062159e-09
4.382813e+00, 1.268549e-08, 6.709723e-09
4.398438e+00, 1.268549e-08, 4.956144e-09
4.414063e+00, 6.978321e-09, 3.652156e-09
4.429688e+00, 6.978321e-09, 2.684853e-09
4.445313e+00, 3.800247e-09, 1.969052e-09
4.460938e+00, 3.800247e-09, 1.440650e-09
4.476563e+00, 2.048665e-09, 1.051538e-09
4.492188e+00, 2.048665e-09, 7.656945e-10
4.507813e+00, 1.093223e-09, 5.562245e-10
4.523438e+00, 1.093223e-09, 4.030959e-10
4.539063e+00, 5.774388e-10, 2.914274e-10
4.554688e+00, 5.774388e-10, 2.101916e-10
4.570313e+00, 3.018858e-10, 1.512387e-10
4.585938e+00, 3.018858e-10, 1.085607e-10
4.601563e+00, 1.562064e-10, 7.774004e-11
4.617188e+00, 1.562064e-10, 5.553669e-11
4.632813e+00, 7.999335e-11, 3.958001e-11
4.648438e+00, 7.999335e-11, 2.814055e-11
4.664063e+00, 4.054035e-11, 1.995959e-11
4.679688e+00, 4.054035e-11, 1.412315e-11
4.695313e+00, 2.033193e-11, 9.969525e-12
4.710938e+00, 2.033193e-11, 7.020495e-12
4.726563e+00, 1.009034e-11, 4.932166e-12
4.742188e+00, 1.009034e-11, 3.456679e-12
4.757813e+00, 4.955048e-12, 2.416678e-12
4.773438e+00, 4.955048e-12, 1.685596e-12
4.789063e+00, 2.407587e-12, 1.172951e-12
4.804688e+00, 2.407587e-12, 8.140710e-13
4.820313e+00, 1.157395e-12, 5.637157e-13
4.835938e+00, 1.157395e-12, 3.894107e-13
4.851563e+00, 5.504210e-13, 2.683964e-13
4.867188e+00, 5.504234e-13, 1.845746e-13
4.882813e+00, 2.588250e-13, 1.265654e-13
4.898438e+00, 2.588338e-13, 8.659740e-14
4.914063e+00, 1.199783e-13, 5.911938e-14
4.929688e+00, 1.200072e-13, 4.024558e-14
4.945313e+00, 5.371469e-14, 2.747802e-14
4.960938e+00, 5.378174e-14, 1.859624e-14
4.976563e+00, 1.993335e-14, 1.249001e-14
4.992188e+00, 1.988738e-14, 8.326673e-15
5.000000e+00, 6.938894e-15, 6.938894e-15


#At time: 7.506793e+01, nsteps= 663


0.000000e+00, 1.559271e-05, 1.559271e-05
7.812500e-03, 1.534508e-05, 1.714681e-05
2.343750e-02, 3.097716e-05, 2.071085e-05
3.906250e-02, 3.044148e-05, 2.497664e-05
5.468750e-02, 5.161594e-05, 3.007406e-05
7.031250e-02, 5.107954e-05, 3.615535e-05
8.593750e-02, 7.978868e-05, 4.339862e-05
1.015625e-01, 7.925776e-05, 5.201189e-05
1.171875e-01, 1.181631e-04, 6.223762e-05
1.328125e-01, 1.176433e-04, 7.435797e-05
1.484375e-01, 1.702732e-04, 8.870063e-05
1.640625e-01, 1.697694e-04, 1.056455e-04
1.796875e-01, 2.407662e-04, 1.256322e-04
1.953125e-01, 2.402826e-04, 1.491684e-04
2.109375e-01, 3.357091e-04, 1.768395e-04
2.265625e-01, 3.352493e-04, 2.093191e-04
2.421875e-01, 4.629657e-04, 2.473807e-04
2.578125e-01, 4.625324e-04, 2.919115e-04
2.734375e-01, 6.326553e-04, 3.439261e-04
2.890625e-01, 6.322505e-04, 4.045836e-04
3.046875e-01, 8.577064e-04, 4.752052e-04
3.203125e-01, 8.573314e-04, 5.572942e-04
3.359375e-01, 1.154518e-03, 6.525575e-04
3.515625e-01, 1.154173e-03, 7.629299e-04
3.671875e-01, 1.543738e-03, 8.906001e-04
3.828125e-01, 1.543424e-03, 1.038039e-03
3.984375e-01, 2.051183e-03, 1.208031e-03
4.140625e-01, 2.050898e-03, 1.403707e-03
4.296875e-01, 2.708883e-03, 1.628583e-03
4.453125e-01, 2.708628e-03, 1.886595e-03
4.609375e-01, 3.556296e-03, 2.182146e-03
4.765625e-01, 3.556068e-03, 2.520147e-03
4.921875e-01, 4.641657e-03, 2.906067e-03
5.078125e-01, 4.641456e-03, 3.345984e-03
5.234375e-01, 6.023493e-03, 3.846638e-03
5.390625e-01, 6.023317e-03, 4.415490e-03
5.546875e-01, 7.772271e-03, 5.060778e-03
5.703125e-01, 7.772118e-03, 5.791584e-03
5.859375e-01, 9.972175e-03, 6.617897e-03
6.015625e-01, 9.972042e-03, 7.550681e-03
6.171875e-01, 1.272298e-02, 8.601943e-03
6.328125e-01, 1.272287e-02, 9.784808e-03
6.484375e-01, 1.614201e-02, 1.111359e-02
6.640625e-01, 1.614191e-02, 1.260385e-02
6.796875e-01, 2.036606e-02, 1.427252e-02
6.953125e-01, 2.036598e-02, 1.613790e-02
7.109375e-01, 2.555334e-02, 1.821980e-02
7.265625e-01, 2.555327e-02, 2.053959e-02
7.421875e-01, 3.188520e-02, 2.312022e-02
7.578125e-01, 3.188514e-02, 2.598639e-02
7.734375e-01, 3.956776e-02, 2.916449e-02
7.890625e-01, 3.956771e-02, 3.268276e-02
8.046875e-01, 4.883312e-02, 3.657128e-02
8.203125e-01, 4.883308e-02, 4.086202e-02
8.359375e-01, 5.994020e-02, 4.558889e-02
8.515625e-01, 5.994017e-02, 5.078777e-02
8.671875e-01, 7.317504e-02, 5.649648e-02
8.828125e-01, 7.317502e-02, 6.275483e-02
8.984375e-01, 8.885043e-02, 6.960460e-02
9.140625e-01, 8.885041e-02, 7.708948e-02
9.296875e-01, 1.073047e-01, 8.525506e-02
9.453125e-01, 1.073047e-01, 9.414876e-02
9.609375e-01, 1.288999e-01, 1.038197e-01
9.765625e-01, 1.288999e-01, 1.143189e-01
9.921875e-01, 1.540184e-01, 1.256985e-01
1.007813e+00, 1.540184e-01, 1.380123e-01
1.023438e+00, 1.830592e-01, 1.513155e-01
1.039063e+00, 1.830592e-01, 1.656640e-01
1.054688e+00, 2.164326e-01, 1.811148e-01
1.070313e+00, 2.164326e-01, 1.977256e-01
1.085938e+00, 2.545536e-01, 2.155543e-01
1.101563e+00, 2.545536e-01, 2.346590e-01
1.117188e+00, 2.978350e-01, 2.550978e-01
1.132813e+00, 2.978350e-01, 2.769281e-01
1.148438e+00, 3.466787e-01, 3.002066e-01
1.164063e+00, 3.466787e-01, 3.249890e-01
1.179688e+00, 4.014662e-01, 3.513292e-01
1.195313e+00, 4.014662e-01, 3.792797e-01
1.210938e+00, 4.625486e-01, 4.088902e-01
1.226563e+00, 4.625486e-01, 4.402082e-01
1.242188e+00, 5.302363e-01, 4.732780e-01
1.257813e+00, 5.302363e-01, 5.081402e-01
1.273438e+00, 6.047876e-01, 5.448319e-01
1.289063e+00, 6.047876e-01, 5.833858e-01
1.304688e+00, 6.863980e-01, 6.238299e-01
1.320313e+00, 6.863980e-01, 6.661870e-01
1.335938e+00, 7.751899e-01, 7.104747e-01
1.351563e+00, 7.751899e-01, 7.567047e-01
1.367188e+00, 8.712023e-01, 8.048825e-01
1.382813e+00, 8.712023e-01, 8.550072e-01
1.398438e+00, 9.743825e-01, 9.070711e-01
1.414063e+00, 9.743825e-01, 9.610593e-01
1.429688e+00, 1.084579e+00, 1.016950e+00
1.445313e+00, 1.084579e+00, 1.074713e+00
1.460938e+00, 1.201533e+00, 1.134313e+00
1.476563e+00, 1.201533e+00, 1.195703e+00
1.492188e+00, 1.324880e+00, 1.258831e+00
1.507813e+00, 1.324880e+00, 1.323637e+00
1.523438e+00, 1.454143e+00, 1.390052e+00
1.539063e+00, 1.454143e+00, 1.458000e+00
1.554688e+00, 1.588737e+00, 1.527397e+00
1.570313e+00, 1.588737e+00, 1.598152e+00
1.585938e+00, 1.727967e+00, 1.670166e+00
1.601563e+00, 1.727967e+00, 1.743332e+00
1.617188e+00, 1.871041e+00, 1.817539e+00
1.632813e+00, 1.871041e+00, 1.892667e+00
1.648438e+00, 2.017072e+00, 1.968591e+00
1.664063e+00, 2.017072e+00, 2.045179e+00
1.679688e+00, 2.165089e+00, 2.122296e+00
1.695313e+00, 2.165089e+00, 2.199801e+00
1.710938e+00, 2.314051e+00, 2.277547e+00
1.726563e+00, 2.314051e+00, 2.355387e+00
1.742188e+00, 2.462858e+00, 2.433167e+00
1.757813e+00, 2.462858e+00, 2.510732e+00
1.773438e+00, 2.610370e+00, 2.587926e+00
1.789063e+00, 2.610370e+00, 2.664590e+00
1.804688e+00, 2.755415e+00, 2.740563e+00
1.820313e+00, 2.755415e+00, 2.815687e+00
1.835938e+00, 2.896813e+00, 2.889801e+00
1.851563e+00, 2.896813e+00, 2.962747e+00
1.867188e+00, 3.033387e+00, 3.034367e+00
1.882813e+00, 3.033387e+00, 3.104505e+00
1.898438e+00, 3.163983e+00, 3.173008e+00
1.914063e+00, 3.163983e+00, 3.239727e+00
1.929688e+00, 3.287480e+00, 3.304513e+00
1.945313e+00, 3.287480e+00, 3.367225e+00
1.960938e+00, 3.402810e+00, 3.427724e+00
1.976563e+00, 3.402810e+00, 3.485875e+00
1.992188e+00, 3.508967e+00, 3.541551e+00
2.007813e+00, 3.508967e+00, 3.594628e+00
2.023438e+00, 3.605022e+00, 3.644988e+00
2.039063e+00, 3.605022e+00, 3.692521e+00
2.054688e+00, 3.690129e+00, 3.737121e+00
2.070313e+00, 3.690129e+00, 3.778690e+00
2.085938e+00, 3.763540e+00, 3.817136e+00
2.101563e+00, 3.763540e+00, 3.852375e+00
2.117188e+00, 3.824609e+00, 3.884330e+00
2.132813e+00, 3.824609e+00, 3.912931e+00
2.148438e+00, 3.872798e+00, 3.938115e+00
2.164063e+00, 3.872798e+00, 3.959826e+00
2.179688e+00, 3.907682e+00, 3.978019e+00
2.195313e+00, 3.907682e+00, 3.992652e+00
2.210938e+00, 3.928955e+00, 4.003695e+00
2.226563e+00, 3.928955e+00, 4.011124e+00
2.242188e+00, 3.936430e+00, 4.014921e+00
2.257813e+00, 3.936430e+00, 4.015079e+00
2.273438e+00, 3.930043e+00, 4.011598e+00
2.289063e+00, 3.930043e+00, 4.004485e+00
2.304688e+00, 3.909848e+00, 3.993756e+00
2.320313e+00, 3.909848e+00, 3.979433e+00
2.335938e+00, 3.876024e+00, 3.961549e+00
2.351563e+00, 3.876024e+00, 3.940141e+00
2.367188e+00, 3.828867e+00, 3.915257e+00
2.382813e+00, 3.828867e+00, 3.886952e+00
2.398438e+00, 3.768793e+00, 3.855286e+00
2.414063e+00, 3.768793e+00, 3.820329e+00
2.429688e+00, 3.696329e+00, 3.782158e+00
2.445313e+00, 3.696329e+00, 3.740857e+00
2.460938e+00, 3.612112e+00, 3.696517e+00
2.476563e+00, 3.612112e+00, 3.649235e+00
2.492188e+00, 3.516880e+00, 3.599116e+00
2.507813e+00, 3.516880e+00, 3.546271e+00
2.523438e+00, 3.411469e+00, 3.490817e+00
2.539063e+00, 3.411469e+00, 3.432876e+00
2.554688e+00, 3.296799e+00, 3.372576e+00
2.570313e+00, 3.296799e+00, 3.310051e+00
2.585938e+00, 3.173867e+00, 3.245439e+00
2.601563e+00, 3.173867e+00, 3.178883e+00
2.617188e+00, 3.043735e+00, 3.110529e+00
2.632813e+00, 3.043735e+00, 3.040527e+00
2.648438e+00, 2.907515e+00, 2.969030e+00
2.664063e+00, 2.907515e+00, 2.896193e+00
2.679688e+00, 2.766360e+00, 2.822174e+00
2.695313e+00, 2.766360e+00, 2.747132e+00
2.710938e+00, 2.621442e+00, 2.671226e+00
2.726563e+00, 2.621442e+00, 2.594616e+00
2.742188e+00, 2.473942e+00, 2.517462e+00
2.757813e+00, 2.473942e+00, 2.439922e+00
2.773438e+00, 2.325031e+00, 2.362155e+00
2.789063e+00, 2.325031e+00, 2.284314e+00
2.804688e+00, 2.175856e+00, 2.206554e+00
2.820313e+00, 2.175856e+00, 2.129022e+00
2.835938e+00, 2.027522e+00, 2.051866e+00
2.851563e+00, 2.027522e+00, 1.975226e+00
2.867188e+00, 1.881078e+00, 1.899239e+00
2.882813e+00, 1.881078e+00, 1.824037e+00
2.898438e+00, 1.737506e+00, 1.749745e+00
2.914063e+00, 1.737506e+00, 1.676484e+00
2.929688e+00, 1.597704e+00, 1.604365e+00
2.945313e+00, 1.597704e+00, 1.533497e+00
2.960938e+00, 1.462480e+00, 1.463978e+00
2.976563e+00, 1.462480e+00, 1.395901e+00
2.992188e+00, 1.332538e+00, 1.329349e+00
3.007813e+00, 1.332538e+00, 1.264401e+00
3.023438e+00, 1.208481e+00, 1.201124e+00
3.039063e+00, 1.208481e+00, 1.139580e+00
3.054688e+00, 1.090799e+00, 1.079824e+00
3.070313e+00, 1.090799e+00, 1.021899e+00
3.085938e+00, 9.798718e-01, 9.658442e-01
3.101563e+00, 9.798718e-01, 9.116896e-01
3.117188e+00, 8.759698e-01, 8.594577e-01
3.132813e+00, 8.759698e-01, 8.091640e-01
3.148438e+00, 7.792572e-01, 7.608168e-01
3.164063e+00, 7.792572e-01, 7.144175e-01
3.179688e+00, 6.897971e-01, 6.699613e-01
3.195313e+00, 6.897971e-01, 6.274369e-01
3.210938e+00, 6.075592e-01, 5.868273e-01
3.226563e+00, 6.075592e-01, 5.481101e-01
3.242188e+00, 5.324283e-01, 5.112577e-01
3.257813e+00, 5.324283e-01, 4.762377e-01
3.273438e+00, 4.642141e-01, 4.430137e-01
3.289063e+00, 4.642141e-01, 4.115451e-01
3.304688e+00, 4.026615e-01, 3.817879e-01
3.320313e+00, 4.026615e-01, 3.536951e-01
3.335938e+00, 3.474619e-01, 3.272168e-01
3.351563e+00, 3.474619e-01, 3.023011e-01
3.367188e+00, 2.982642e-01, 2.788940e-01
3.382813e+00, 2.982642e-01, 2.569400e-01
3.398438e+00, 2.546853e-01, 2.363825e-01
3.414063e+00, 2.546853e-01, 2.171641e-01
3.429688e+00, 2.163208e-01, 1.992267e-01
3.445313e+00, 2.163208e-01, 1.825124e-01
3.460938e+00, 1.827543e-01, 1.669630e-01
3.476563e+00, 1.827543e-01, 1.525208e-01
3.492188e+00, 1.535663e-01, 1.391290e-01
3.507813e+00, 1.535663e-01, 1.267314e-01
3.523438e+00, 1.283417e-01, 1.152727e-01
3.539063e+00, 1.283417e-01, 1.046991e-01
3.554688e+00, 1.066763e-01, 9.495814e-02
3.570313e+00, 1.066763e-01, 8.599883e-02
3.585938e+00, 8.818257e-02, 7.777184e-02
3.601563e+00, 8.818257e-02, 7.022961e-02
3.617188e+00, 7.249327e-02, 6.332637e-02
3.632813e+00, 7.249327e-02, 5.701828e-02
3.648438e+00, 5.926519e-02, 5.126338e-02
3.664063e+00, 5.926519e-02, 4.602170e-02
3.679688e+00, 4.818098e-02, 4.125524e-02
3.695313e+00, 4.818098e-02, 3.692795e-02
3.710938e+00, 3.895050e-02, 3.300575e-02
3.726563e+00, 3.895050e-02, 2.945650e-02
3.742188e+00, 3.131121e-02, 2.624997e-02
3.757813e+00, 3.131121e-02, 2.335775e-02
3.773438e+00, 2.502790e-02, 2.075329e-02
3.789063e+00, 2.502790e-02, 1.841176e-02
3.804688e+00, 1.989185e-02, 1.631004e-02
3.820313e+00, 1.989185e-02, 1.442664e-02
3.835938e+00, 1.571958e-02, 1.274162e-02
3.851563e+00, 1.571958e-02, 1.123653e-02
3.867188e+00, 1.235127e-02, 9.894346e-03
3.882813e+00, 1.235127e-02, 8.699380e-03
3.898438e+00, 9.648863e-03, 7.637211e-03
3.914063e+00, 9.648863e-03, 6.694617e-03
3.929688e+00, 7.494190e-03, 5.859495e-03
3.945313e+00, 7.494190e-03, 5.120794e-03
3.960938e+00, 5.786918e-03, 4.468443e-03
3.976563e+00, 5.786918e-03, 3.893283e-03
3.992188e+00, 4.442571e-03, 3.387006e-03
4.007813e+00, 4.442571e-03, 2.942085e-03
4.023438e+00, 3.390599e-03, 2.551720e-03
4.039063e+00, 3.390599e-03, 2.209778e-03
4.054688e+00, 2.572553e-03, 1.910738e-03
4.070313e+00, 2.572553e-03, 1.649643e-03
4.085938e+00, 1.940391e-03, 1.422049e-03
4.101563e+00, 1.940391e-03, 1.223979e-03
4.117188e+00, 1.454930e-03, 1.051883e-03
4.132813e+00, 1.454930e-03, 9.025983e-04
4.148438e+00, 1.084462e-03, 7.733115e-04
4.164063e+00, 1.084462e-03, 6.615257e-04
4.179688e+00, 8.035214e-04, 5.650288e-04
4.195313e+00, 8.035214e-04, 4.818651e-04
4.210938e+00, 5.918113e-04, 4.103087e-04
4.226563e+00, 5.918113e-04, 3.488397e-04
4.242188e+00, 4.332748e-04, 2.961218e-04
4.257813e+00, 4.332748e-04, 2.509825e-04
4.273438e+00, 3.153044e-04, 2.123952e-04
4.289063e+00, 3.153044e-04, 1.794625e-04
4.304688e+00, 2.280736e-04, 1.514014e-04
4.320313e+00, 2.280736e-04, 1.275300e-04
4.335938e+00, 1.639799e-04, 1.072559e-04
4.351563e+00, 1.639799e-04, 9.006491e-05
4.367188e+00, 1.171842e-04, 7.551186e-05
4.382813e+00, 1.171842e-04, 6.321197e-05
4.398438e+00, 8.323440e-05, 5.283330e-05
4.414063e+00, 8.323440e-05, 4.408998e-05
4.429688e+00, 5.876032e-05, 3.673630e-05
4.445313e+00, 5.876032e-05, 3.056144e-05
4.460938e+00, 4.122927e-05, 2.538485e-05
4.476563e+00, 4.122927e-05, 2.105220e-05
4.492188e+00, 2.875145e-05, 1.743179e-05
4.507813e+00, 2.875145e-05, 1.441145e-05
4.523438e+00, 1.992688e-05, 1.189582e-05
4.539063e+00, 1.992688e-05, 9.803959e-06
4.554688e+00, 1.372578e-05, 8.067309e-06
4.570313e+00, 1.372578e-05, 6.627895e-06
4.585938e+00, 9.396048e-06, 5.436782e-06
4.601563e+00, 9.396048e-06, 4.452739e-06
4.617188e+00, 6.392299e-06, 3.641088e-06
4.632813e+00, 6.392298e-06, 2.972716e-06
4.648438e+00, 4.321804e-06, 2.423225e-06
4.664063e+00, 4.321803e-06, 1.972204e-06
4.679688e+00, 2.903766e-06, 1.602607e-06
4.695313e+00, 2.903765e-06, 1.300228e-06
4.710938e+00, 1.938824e-06, 1.053243e-06
4.726563e+00, 1.938821e-06, 8.518323e-07
4.742188e+00, 1.286421e-06, 6.878532e-07
4.757813e+00, 1.286415e-06, 5.545660e-07
4.773438e+00, 8.481495e-07, 4.464022e-07
4.789063e+00, 8.481378e-07, 3.587688e-07
4.804688e+00, 5.555774e-07, 2.878843e-07
4.820313e+00, 5.555514e-07, 2.306407e-07
4.835938e+00, 3.614160e-07, 1.844881e-07
4.851563e+00, 3.613588e-07, 1.473381e-07
4.867188e+00, 2.331466e-07, 1.174832e-07
4.882813e+00, 2.330215e-07, 9.352982e-08
4.898438e+00, 1.484146e-07, 7.434262e-08
4.914063e+00, 1.481432e-07, 5.899820e-08
4.929688e+00, 9.164818e-08, 4.674689e-08
4.945313e+00, 9.106329e-08, 3.698106e-08
4.960938e+00, 5.142780e-08, 2.920912e-08
4.976563e+00, 5.017628e-08, 2.303403e-08
4.992188e+00, 1.812727e-08, 1.813566e-08
5.000000e+00, 1.608263e-08, 1.608263e-08


#At time: 1.000906e+02, nsteps= 884


0.000000e+00, 1.936045e-05, 1.936045e-05
7.812500e-03, 2.624055e-05, 2.100503e-05
2.343750e-02, 2.607842e-05, 2.470345e-05
3.906250e-02, 4.316805e-05, 2.901907e-05
5.468750e-02, 4.296624e-05, 3.404874e-05
7.031250e-02, 6.558701e-05, 3.990346e-05
8.593750e-02, 6.534821e-05, 4.671028e-05
1.015625e-01, 9.513275e-05, 5.461437e-05
1.171875e-01, 9.486009e-05, 6.378143e-05
1.328125e-01, 1.338930e-04, 7.440031e-05
1.484375e-01, 1.335900e-04, 8.668595e-05
1.640625e-01, 1.845195e-04, 1.008826e-04
1.796875e-01, 1.841898e-04, 1.172677e-04
1.953125e-01, 2.503626e-04, 1.361553e-04
2.109375e-01, 2.500103e-04, 1.579011e-04
2.265625e-01, 3.356340e-04, 1.829074e-04
2.421875e-01, 3.352631e-04, 2.116277e-04
2.578125e-01, 4.455991e-04, 2.445735e-04
2.734375e-01, 4.452138e-04, 2.823206e-04
2.890625e-01, 5.868066e-04, 3.255157e-04
3.046875e-01, 5.864111e-04, 3.748850e-04
3.203125e-01, 7.673578e-04, 4.312424e-04
3.359375e-01, 7.669560e-04, 4.954984e-04
3.515625e-01, 9.972201e-04, 5.686707e-04
3.671875e-01, 9.968160e-04, 6.518952e-04
3.828125e-01, 1.288591e-03, 7.464374e-04
3.984375e-01, 1.288189e-03, 8.537053e-04
4.140625e-01, 1.656318e-03, 9.752637e-04
4.296875e-01, 1.655920e-03, 1.112848e-03
4.453125e-01, 2.118369e-03, 1.268382e-03
4.609375e-01, 2.117979e-03, 1.443993e-03
4.765625e-01, 2.696376e-03, 1.642031e-03
4.921875e-01, 2.695997e-03, 1.865087e-03
5.078125e-01, 3.416232e-03, 2.116016e-03
5.234375e-01, 3.415866e-03, 2.397956e-03
5.390625e-01, 4.308759e-03, 2.714355e-03
5.546875e-01, 4.308407e-03, 3.068991e-03
5.703125e-01, 5.410433e-03, 3.465999e-03
5.859375e-01, 5.410098e-03, 3.909902e-03
6.015625e-01, 6.764181e-03, 4.405633e-03
6.171875e-01, 6.763864e-03, 4.958568e-03
6.328125e-01, 8.420221e-03, 5.574557e-03
6.484375e-01, 8.419924e-03, 6.259953e-03
6.640625e-01, 1.043696e-02, 7.021646e-03
6.796875e-01, 1.043668e-02, 7.867099e-03
6.953125e-01, 1.288192e-02, 8.804376e-03
7.109375e-01, 1.288166e-02, 9.842185e-03
7.265625e-01, 1.583268e-02, 1.098991e-02
7.421875e-01, 1.583244e-02, 1.225763e-02
7.578125e-01, 1.937785e-02, 1.365621e-02
7.734375e-01, 1.937763e-02, 1.519725e-02
7.890625e-01, 2.361796e-02, 1.689320e-02
8.046875e-01, 2.361776e-02, 1.875735e-02
8.203125e-01, 2.866636e-02, 2.080390e-02
8.359375e-01, 2.866618e-02, 2.304793e-02
8.515625e-01, 3.465002e-02, 2.550552e-02
8.671875e-01, 3.464986e-02, 2.819368e-02
8.828125e-01, 4.171018e-02, 3.113048e-02
8.984375e-01, 4.171004e-02, 3.433499e-02
9.140625e-01, 5.000287e-02, 3.782735e-02
9.296875e-01, 5.000274e-02, 4.162876e-02
9.453125e-01, 5.969923e-02, 4.576152e-02
9.609375e-01, 5.969912e-02, 5.024904e-02
9.765625e-01, 7.098560e-02, 5.511580e-02
9.921875e-01, 7.098549e-02, 6.038742e-02
1.007813e+00, 8.406324e-02, 6.609058e-02
1.023438e+00, 8.406315e-02, 7.225309e-02
1.039063e+00, 9.914783e-02, 7.890380e-02
1.054688e+00, 9.914775e-02, 8.607261e-02
1.070313e+00, 1.164685e-01, 9.379042e-02
1.085938e+00, 1.164685e-01, 1.020891e-01
1.101563e+00, 1.362666e-01, 1.110015e-01
1.117188e+00, 1.362666e-01, 1.205612e-01
1.132813e+00, 1.587937e-01, 1.308028e-01
1.148438e+00, 1.587936e-01, 1.417614e-01
1.164063e+00, 1.843094e-01, 1.534728e-01
1.179688e+00, 1.843094e-01, 1.659734e-01
1.195313e+00, 2.130787e-01, 1.793000e-01
1.210938e+00, 2.130787e-01, 1.934897e-01
1.226563e+00, 2.453688e-01, 2.085800e-01
1.242188e+00, 2.453687e-01, 2.246083e-01
1.257813e+00, 2.814449e-01, 2.416118e-01
1.273438e+00, 2.814448e-01, 2.596278e-01
1.289063e+00, 3.215666e-01, 2.786930e-01
1.304688e+00, 3.215666e-01, 2.988437e-01
1.320313e+00, 3.659830e-01, 3.201154e-01
1.335938e+00, 3.659830e-01, 3.425427e-01
1.351563e+00, 4.149279e-01, 3.661592e-01
1.367188e+00, 4.149279e-01, 3.909972e-01
1.382813e+00, 4.686143e-01, 4.170874e-01
1.398438e+00, 4.686143e-01, 4.444590e-01
1.414063e+00, 5.272290e-01, 4.731393e-01
1.429688e+00, 5.272290e-01, 5.031533e-01
1.445313e+00, 5.909272e-01, 5.345240e-01
1.460938e+00, 5.909272e-01, 5.672718e-01
1.476563e+00, 6.598268e-01, 6.014142e-01
1.492188e+00, 6.598268e-01, 6.369661e-01
1.507813e+00, 7.340029e-01, 6.739391e-01
1.523438e+00, 7.340029e-01, 7.123415e-01
1.539063e+00, 8.134826e-01, 7.521782e-01
1.554688e+00, 8.134826e-01, 7.934504e-01
1.570313e+00, 8.982405e-01, 8.361555e-01
1.585938e+00, 8.982405e-01, 8.802868e-01
1.601563e+00, 9.881939e-01, 9.258335e-01
1.617188e+00, 9.881939e-01, 9.727806e-01
1.632813e+00, 1.083199e+00, 1.021109e+00
1.648438e+00, 1.083199e+00, 1.070794e+00
1.664063e+00, 1.183050e+00, 1.121808e+00
1.679688e+00, 1.183050e+00, 1.174117e+00
1.695313e+00, 1.287474e+00, 1.227683e+00
1.710938e+00, 1.287474e+00, 1.282465e+00
1.726563e+00, 1.396133e+00, 1.338415e+00
1.742188e+00, 1.396133e+00, 1.395480e+00
1.757813e+00, 1.508619e+00, 1.453604e+00
1.773438e+00, 1.508619e+00, 1.512726e+00
1.789063e+00, 1.624464e+00, 1.572779e+00
1.804688e+00, 1.624464e+00, 1.633693e+00
1.820313e+00, 1.743131e+00, 1.695394e+00
1.835938e+00, 1.743131e+00, 1.757802e+00
1.851563e+00, 1.864029e+00, 1.820834e+00
1.867188e+00, 1.864029e+00, 1.884404e+00
1.882813e+00, 1.986506e+00, 1.948420e+00
1.898438e+00, 1.986506e+00, 2.012787e+00
1.914063e+00, 2.109864e+00, 2.077410e+00
1.929688e+00, 2.109864e+00, 2.142186e+00
1.945313e+00, 2.233359e+00, 2.207013e+00
1.960938e+00, 2.233359e+00, 2.271785e+00
1.976563e+00, 2.356212e+00, 2.336393e+00
1.992188e+00, 2.356212e+00, 2.400728e+00
2.007813e+00, 2.477615e+00, 2.464679e+00
2.023438e+00, 2.477615e+00, 2.528133e+00
2.039063e+00, 2.596742e+00, 2.590975e+00
2.054688e+00, 2.596742e+00, 2.653092e+00
2.070313e+00, 2.712755e+00, 2.714368e+00
2.085938e+00, 2.712755e+00, 2.774690e+00
2.101563e+00, 2.824816e+00, 2.833944e+00
2.117188e+00, 2.824816e+00, 2.892015e+00
2.132813e+00, 2.932095e+00, 2.948792e+00
2.148438e+00, 2.932095e+00, 3.004164e+00
2.164063e+00, 3.033781e+00, 3.058021e+00
2.179688e+00, 3.033781e+00, 3.110258e+00
2.195313e+00, 3.129092e+00, 3.160768e+00
2.210938e+00, 3.129092e+00, 3.209451e+00
2.226563e+00, 3.217282e+00, 3.256208e+00
2.242188e+00, 3.217282e+00, 3.300943e+00
2.257813e+00, 3.297651e+00, 3.343564e+00
2.273438e+00, 3.297651e+00, 3.383984e+00
2.289063e+00, 3.369554e+00, 3.422118e+00
2.304688e+00, 3.369554e+00, 3.457888e+00
2.320313e+00, 3.432409e+00, 3.491218e+00
2.335938e+00, 3.432409e+00, 3.522039e+00
2.351563e+00, 3.485701e+00, 3.550286e+00
2.367188e+00, 3.485701e+00, 3.575900e+00
2.382813e+00, 3.528992e+00, 3.598826e+00
2.398438e+00, 3.528992e+00, 3.619015e+00
2.414063e+00, 3.561922e+00, 3.636425e+00
2.429688e+00, 3.561922e+00, 3.651019e+00
2.445313e+00, 3.584219e+00, 3.662766e+00
2.460938e+00, 3.584219e+00, 3.671641e+00
2.476563e+00, 3.595696e+00, 3.677624e+00
2.492188e+00, 3.595696e+00, 3.680703e+00
2.507813e+00, 3.596255e+00, 3.680872e+00
2.523438e+00, 3.596255e+00, 3.678130e+00
2.539063e+00, 3.585893e+00, 3.672483e+00
2.554688e+00, 3.585893e+00, 3.663943e+00
2.570313e+00, 3.564693e+00, 3.652528e+00
2.585938e+00, 3.564693e+00, 3.638262e+00
2.601563e+00, 3.532833e+00, 3.621177e+00
2.617188e+00, 3.532833e+00, 3.601308e+00
2.632813e+00, 3.490575e+00, 3.578697e+00
2.648438e+00, 3.490575e+00, 3.553392e+00
2.664063e+00, 3.438268e+00, 3.525448e+00
2.679688e+00, 3.438268e+00, 3.494922e+00
2.695313e+00, 3.376341e+00, 3.461879e+00
2.710938e+00, 3.376341e+00, 3.426388e+00
2.726563e+00, 3.305300e+00, 3.388524e+00
2.742188e+00, 3.305300e+00, 3.348365e+00
2.757813e+00, 3.225719e+00, 3.305994e+00
2.773438e+00, 3.225719e+00, 3.261500e+00
2.789063e+00, 3.138237e+00, 3.214973e+00
2.804688e+00, 3.138237e+00, 3.166508e+00
2.820313e+00, 3.043546e+00, 3.116204e+00
2.835938e+00, 3.043546e+00, 3.064163e+00
2.851563e+00, 2.942387e+00, 3.010488e+00
2.867188e+00, 2.942387e+00, 2.955286e+00
2.882813e+00, 2.835539e+00, 2.898666e+00
2.898438e+00, 2.835539e+00, 2.840740e+00
2.914063e+00, 2.723810e+00, 2.781617e+00
2.929688e+00, 2.723810e+00, 2.721413e+00
2.945313e+00, 2.608030e+00, 2.660241e+00
2.960938e+00, 2.608030e+00, 2.598216e+00
2.976563e+00, 2.489035e+00, 2.535452e+00
2.992188e+00, 2.489035e+00, 2.472064e+00
3.007813e+00, 2.367666e+00, 2.408165e+00
3.023438e+00, 2.367666e+00, 2.343868e+00
3.039063e+00, 2.244752e+00, 2.279286e+00
3.054688e+00, 2.244752e+00, 2.214527e+00
3.070313e+00, 2.121104e+00, 2.149701e+00
3.085938e+00, 2.121104e+00, 2.084914e+00
3.101563e+00, 1.997509e+00, 2.020269e+00
3.117188e+00, 1.997509e+00, 1.955866e+00
3.132813e+00, 1.874714e+00, 1.891805e+00
3.148438e+00, 1.874714e+00, 1.828179e+00
3.164063e+00, 1.753428e+00, 1.765080e+00
3.179688e+00, 1.753428e+00, 1.702595e+00
3.195313e+00, 1.634308e+00, 1.640808e+00
3.210938e+00, 1.634308e+00, 1.579799e+00
3.226563e+00, 1.517957e+00, 1.519642e+00
3.242188e+00, 1.517957e+00, 1.460409e+00
3.257813e+00, 1.404919e+00, 1.402166e+00
3.273438e+00, 1.404919e+00, 1.344975e+00
3.289063e+00, 1.295675e+00, 1.288893e+00
3.304688e+00, 1.295675e+00, 1.233974e+00
3.320313e+00, 1.190640e+00, 1.180264e+00
3.335938e+00, 1.190640e+00, 1.127807e+00
3.351563e+00, 1.090162e+00, 1.076641e+00
3.367188e+00, 1.090162e+00, 1.026800e+00
3.382813e+00, 9.945225e-01, 9.783135e-01
3.398438e+00, 9.945225e-01, 9.312052e-01
3.414063e+00, 9.039380e-01, 8.854953e-01
3.429688e+00, 9.039380e-01, 8.411992e-01
3.445313e+00, 8.185594e-01, 7.983284e-01
3.460938e+00, 8.185594e-01, 7.568899e-01
3.476563e+00, 7.384768e-01, 7.168867e-01
3.492188e+00, 7.384768e-01, 6.783182e-01
3.507813e+00, 6.637219e-01, 6.411798e-01
3.523438e+00, 6.637219e-01, 6.054637e-01
3.539063e+00, 5.942732e-01, 5.711585e-01
3.554688e+00, 5.942732e-01, 5.382499e-01
3.570313e+00, 5.300599e-01, 5.067205e-01
3.585938e+00, 5.300599e-01, 4.765503e-01
3.601563e+00, 4.709675e-01, 4.477167e-01
3.617188e+00, 4.709675e-01, 4.201947e-01
3.632813e+00, 4.168435e-01, 3.939574e-01
3.648438e+00, 4.168435e-01, 3.689758e-01
3.664063e+00, 3.675022e-01, 3.452193e-01
3.679688e+00, 3.675022e-01, 3.226558e-01
3.695313e+00, 3.227313e-01, 3.012519e-01
3.710938e+00, 3.227313e-01, 2.809730e-01
3.726563e+00, 2.822968e-01, 2.617838e-01
3.742188e+00, 2.822968e-01, 2.436480e-01
3.757813e+00, 2.459485e-01, 2.265290e-01
3.773438e+00, 2.459485e-01, 2.103896e-01
3.789063e+00, 2.134253e-01, 1.951925e-01
3.804688e+00, 2.134253e-01, 1.809002e-01
3.820313e+00, 1.844598e-01, 1.674754e-01
3.835938e+00, 1.844598e-01, 1.548810e-01
3.851563e+00, 1.587822e-01, 1.430799e-01
3.867188e+00, 1.587822e-01, 1.320359e-01
3.882813e+00, 1.361248e-01, 1.217131e-01
3.898438e+00, 1.361248e-01, 1.120761e-01
3.914063e+00, 1.162248e-01, 1.030904e-01
3.929688e+00, 1.162248e-01, 9.472220e-02
3.945313e+00, 9.882766e-02, 8.693869e-02
3.960938e+00, 9.882766e-02, 7.970784e-02
3.976563e+00, 8.368882e-02, 7.299861e-02
3.992188e+00, 8.368882e-02, 6.678100e-02
4.007813e+00, 7.057608e-02, 6.102602e-02
4.023438e+00, 7.057608e-02, 5.570575e-02
4.039063e+00, 5.927080e-02, 5.079339e-02
4.054688e+00, 5.927080e-02, 4.626318e-02
4.070313e+00, 4.956894e-02, 4.209050e-02
4.085938e+00, 4.956894e-02, 3.825184e-02
4.101563e+00, 4.128159e-02, 3.472475e-02
4.117188e+00, 4.128159e-02, 3.148792e-02
4.132813e+00, 3.423528e-02, 2.852108e-02
4.148438e+00, 3.423528e-02, 2.580503e-02
4.164063e+00, 2.827190e-02, 2.332161e-02
4.179688e+00, 2.827190e-02, 2.105366e-02
4.195313e+00, 2.324838e-02, 1.898501e-02
4.210938e+00, 2.324838e-02, 1.710045e-02
4.226563e+00, 1.903621e-02, 1.538569e-02
4.242188e+00, 1.903621e-02, 1.382735e-02
4.257813e+00, 1.552071e-02, 1.241287e-02
4.273438e+00, 1.552071e-02, 1.113054e-02
4.289063e+00, 1.260026e-02, 9.969436e-03
4.304688e+00, 1.260026e-02, 8.919377e-03
4.320313e+00, 1.018540e-02, 7.970903e-03
4.335938e+00, 1.018540e-02, 7.115229e-03
4.351563e+00, 8.197882e-03, 6.344218e-03
4.367188e+00, 8.197882e-03, 5.650340e-03
4.382813e+00, 6.569674e-03, 5.026639e-03
4.398438e+00, 6.569674e-03, 4.466703e-03
4.414063e+00, 5.242022e-03, 3.964624e-03
4.429688e+00, 5.242022e-03, 3.514973e-03
4.445313e+00, 4.164484e-03, 3.112766e-03
4.460938e+00, 4.164484e-03, 2.753437e-03
4.476563e+00, 3.294012e-03, 2.432805e-03
4.492188e+00, 3.294012e-03, 2.147052e-03
4.507813e+00, 2.594093e-03, 1.892694e-03
4.523438e+00, 2.594093e-03, 1.666558e-03
4.539063e+00, 2.033933e-03, 1.465758e-03
4.554688e+00, 2.033933e-03, 1.287671e-03
4.570313e+00, 1.587718e-03, 1.129923e-03
4.585938e+00, 1.587717e-03, 9.903593e-04
4.601563e+00, 1.233928e-03, 8.670352e-04
4.617188e+00, 1.233927e-03, 7.581937e-04
4.632813e+00, 9.547289e-04, 6.622511e-04
4.648438e+00, 9.547273e-04, 5.777819e-04
4.664063e+00, 7.354213e-04, 5.035046e-04
4.679688e+00, 7.354183e-04, 4.382691e-04
4.695313e+00, 5.639572e-04, 3.810446e-04
4.710938e+00, 5.639516e-04, 3.309086e-04
4.726563e+00, 4.305141e-04, 2.870364e-04
4.742188e+00, 4.305035e-04, 2.486923e-04
4.757813e+00, 3.271231e-04, 2.152206e-04
4.773438e+00, 3.271032e-04, 1.860377e-04
4.789063e+00, 2.473457e-04, 1.606252e-04
4.804688e+00, 2.473087e-04, 1.385228e-04
4.820313e+00, 1.859919e-04, 1.193229e-04
4.835938e+00, 1.859235e-04, 1.026646e-04
4.851563e+00, 1.388710e-04, 8.822903e-05
4.867188e+00, 1.387450e-04, 7.573493e-05
4.882813e+00, 1.025632e-04, 6.493435e-05
4.898438e+00, 1.023323e-04, 5.560911e-05
4.914063e+00, 7.419754e-05, 4.756750e-05
4.929688e+00, 7.377665e-05, 4.064127e-05
4.945313e+00, 5.121019e-05, 3.468299e-05
4.960938e+00, 5.044663e-05, 2.956364e-05
4.976563e+00, 3.104547e-05, 2.517046e-05
4.992188e+00, 2.966721e-05, 2.140503e-05
5.000000e+00, 1.973046e-05, 1.973046e-05


