#At time: 0.000000e+00, nsteps= 0


-1.000000e+00, 0.000000e+00, 0.000000e+00
-9.921875e-01, 0.000000e+00, 0.000000e+00
-9.765625e-01, 0.000000e+00, 0.000000e+00
-9.609375e-01, 0.000000e+00, 0.000000e+00
-9.453125e-01, 0.000000e+00, 0.000000e+00
-9.296875e-01, 0.000000e+00, 0.000000e+00
-9.140625e-01, 0.000000e+00, 0.000000e+00
-8.984375e-01, 0.000000e+00, 0.000000e+00
-8.828125e-01, 0.000000e+00, 0.000000e+00
-8.671875e-01, 0.000000e+00, 0.000000e+00
-8.515625e-01, 0.000000e+00, 0.000000e+00
-8.359375e-01, 0.000000e+00, 0.000000e+00
-8.203125e-01, 0.000000e+00, 0.000000e+00
-8.046875e-01, 0.000000e+00, 0.000000e+00
-7.890625e-01, 0.000000e+00, 0.000000e+00
-7.734375e-01, 0.000000e+00, 0.000000e+00
-7.578125e-01, 0.000000e+00, 0.000000e+00
-7.421875e-01, 0.000000e+00, 0.000000e+00
-7.265625e-01, 0.000000e+00, 0.000000e+00
-7.109375e-01, 0.000000e+00, 0.000000e+00
-6.953125e-01, 0.000000e+00, 0.000000e+00
-6.796875e-01, 0.000000e+00, 0.000000e+00
-6.640625e-01, 0.000000e+00, 0.000000e+00
-6.484375e-01, 0.000000e+00, 0.000000e+00
-6.328125e-01, 0.000000e+00, 0.000000e+00
-6.171875e-01, 0.000000e+00, 0.000000e+00
-6.015625e-01, 0.000000e+00, 0.000000e+00
-5.859375e-01, 0.000000e+00, 0.000000e+00
-5.703125e-01, 0.000000e+00, 0.000000e+00
-5.546875e-01, 0.000000e+00, 0.000000e+00
-5.390625e-01, 0.000000e+00, 0.000000e+00
-5.234375e-01, 0.000000e+00, 0.000000e+00
-5.078125e-01, 0.000000e+00, 0.000000e+00
-4.921875e-01, 0.000000e+00, 0.000000e+00
-4.765625e-01, 0.000000e+00, 0.000000e+00
-4.609375e-01, 0.000000e+00, 0.000000e+00
-4.453125e-01, 0.000000e+00, 0.000000e+00
-4.296875e-01, 0.000000e+00, 0.000000e+00
-4.140625e-01, 0.000000e+00, 0.000000e+00
-3.984375e-01, 0.000000e+00, 0.000000e+00
-3.828125e-01, 0.000000e+00, 0.000000e+00
-3.671875e-01, 0.000000e+00, 0.000000e+00
-3.515625e-01, 0.000000e+00, 0.000000e+00
-3.359375e-01, 0.000000e+00, 0.000000e+00
-3.203125e-01, 0.000000e+00, 0.000000e+00
-3.046875e-01, 0.000000e+00, 0.000000e+00
-2.890625e-01, 0.000000e+00, 0.000000e+00
-2.734375e-01, 0.000000e+00, 0.000000e+00
-2.578125e-01, 0.000000e+00, 0.000000e+00
-2.421875e-01, 0.000000e+00, 0.000000e+00
-2.265625e-01, 0.000000e+00, 0.000000e+00
-2.109375e-01, 0.000000e+00, 0.000000e+00
-1.953125e-01, 0.000000e+00, 0.000000e+00
-1.796875e-01, 0.000000e+00, 0.000000e+00
-1.640625e-01, 0.000000e+00, 0.000000e+00
-1.484375e-01, 0.000000e+00, 0.000000e+00
-1.328125e-01, 0.000000e+00, 0.000000e+00
-1.171875e-01, 0.000000e+00, 0.000000e+00
-1.015625e-01, 0.000000e+00, 0.000000e+00
-8.593750e-02, 0.000000e+00, 0.000000e+00
-7.031250e-02, 0.000000e+00, 0.000000e+00
-5.468750e-02, 0.000000e+00, 0.000000e+00
-3.906250e-02, 0.000000e+00, 0.000000e+00
-2.343750e-02, 0.000000e+00, 0.000000e+00
-7.812500e-03, 0.000000e+00, 0.000000e+00
7.812500e-03, 0.000000e+00, 0.000000e+00
2.343750e-02, 0.000000e+00, 0.000000e+00
3.906250e-02, 0.000000e+00, 0.000000e+00
5.468750e-02, 0.000000e+00, 0.000000e+00
7.031250e-02, 0.000000e+00, 0.000000e+00
8.593750e-02, 0.000000e+00, 0.000000e+00
1.015625e-01, 0.000000e+00, 0.000000e+00
1.171875e-01, 0.000000e+00, 0.000000e+00
1.328125e-01, 0.000000e+00, 0.000000e+00
1.484375e-01, 0.000000e+00, 0.000000e+00
1.640625e-01, 0.000000e+00, 0.000000e+00
1.796875e-01, 0.000000e+00, 0.000000e+00
1.953125e-01, 0.000000e+00, 0.000000e+00
2.109375e-01, 0.000000e+00, 0.000000e+00
2.265625e-01, 0.000000e+00, 0.000000e+00
2.421875e-01, 0.000000e+00, 0.000000e+00
2.578125e-01, 0.000000e+00, 0.000000e+00
2.734375e-01, 0.000000e+00, 0.000000e+00
2.890625e-01, 0.000000e+00, 0.000000e+00
3.046875e-01, 0.000000e+00, 0.000000e+00
3.203125e-01, 0.000000e+00, 0.000000e+00
3.359375e-01, 0.000000e+00, 0.000000e+00
3.515625e-01, 0.000000e+00, 0.000000e+00
3.671875e-01, 0.000000e+00, 0.000000e+00
3.828125e-01, 0.000000e+00, 0.000000e+00
3.984375e-01, 0.000000e+00, 0.000000e+00
4.140625e-01, 0.000000e+00, 0.000000e+00
4.296875e-01, 0.000000e+00, 0.000000e+00
4.453125e-01, 0.000000e+00, 0.000000e+00
4.609375e-01, 0.000000e+00, 0.000000e+00
4.765625e-01, 0.000000e+00, 0.000000e+00
4.921875e-01, 0.000000e+00, 0.000000e+00
5.078125e-01, 0.000000e+00, 0.000000e+00
5.234375e-01, 0.000000e+00, 0.000000e+00
5.390625e-01, 0.000000e+00, 0.000000e+00
5.546875e-01, 0.000000e+00, 0.000000e+00
5.703125e-01, 0.000000e+00, 0.000000e+00
5.859375e-01, 0.000000e+00, 0.000000e+00
6.015625e-01, 0.000000e+00, 0.000000e+00
6.171875e-01, 0.000000e+00, 0.000000e+00
6.328125e-01, 0.000000e+00, 0.000000e+00
6.484375e-01, 0.000000e+00, 0.000000e+00
6.640625e-01, 0.000000e+00, 0.000000e+00
6.796875e-01, 0.000000e+00, 0.000000e+00
6.953125e-01, 0.000000e+00, 0.000000e+00
7.109375e-01, 0.000000e+00, 0.000000e+00
7.265625e-01, 0.000000e+00, 0.000000e+00
7.421875e-01, 0.000000e+00, 0.000000e+00
7.578125e-01, 0.000000e+00, 0.000000e+00
7.734375e-01, 0.000000e+00, 0.000000e+00
7.890625e-01, 0.000000e+00, 0.000000e+00
8.046875e-01, 0.000000e+00, 0.000000e+00
8.203125e-01, 0.000000e+00, 0.000000e+00
8.359375e-01, 0.000000e+00, 0.000000e+00
8.515625e-01, 0.000000e+00, 0.000000e+00
8.671875e-01, 0.000000e+00, 0.000000e+00
8.828125e-01, 0.000000e+00, 0.000000e+00
8.984375e-01, 0.000000e+00, 0.000000e+00
9.140625e-01, 0.000000e+00, 0.000000e+00
9.296875e-01, 0.000000e+00, 0.000000e+00
9.453125e-01, 0.000000e+00, 0.000000e+00
9.609375e-01, 0.000000e+00, 0.000000e+00
9.765625e-01, 0.000000e+00, 0.000000e+00
9.921875e-01, 0.000000e+00, 0.000000e+00
1.007813e+00, 5.000000e+00, 5.000000e+00
1.023438e+00, 5.000000e+00, 5.000000e+00
1.039063e+00, 5.000000e+00, 5.000000e+00
1.054688e+00, 5.000000e+00, 5.000000e+00
1.070313e+00, 5.000000e+00, 5.000000e+00
1.085938e+00, 5.000000e+00, 5.000000e+00
1.101563e+00, 5.000000e+00, 5.000000e+00
1.117188e+00, 5.000000e+00, 5.000000e+00
1.132813e+00, 5.000000e+00, 5.000000e+00
1.148438e+00, 5.000000e+00, 5.000000e+00
1.164063e+00, 5.000000e+00, 5.000000e+00
1.179688e+00, 5.000000e+00, 5.000000e+00
1.195313e+00, 5.000000e+00, 5.000000e+00
1.210938e+00, 5.000000e+00, 5.000000e+00
1.226563e+00, 5.000000e+00, 5.000000e+00
1.242188e+00, 5.000000e+00, 5.000000e+00
1.257813e+00, 5.000000e+00, 5.000000e+00
1.273438e+00, 5.000000e+00, 5.000000e+00
1.289063e+00, 5.000000e+00, 5.000000e+00
1.304688e+00, 5.000000e+00, 5.000000e+00
1.320313e+00, 5.000000e+00, 5.000000e+00
1.335938e+00, 5.000000e+00, 5.000000e+00
1.351563e+00, 5.000000e+00, 5.000000e+00
1.367188e+00, 5.000000e+00, 5.000000e+00
1.382813e+00, 5.000000e+00, 5.000000e+00
1.398438e+00, 5.000000e+00, 5.000000e+00
1.414063e+00, 5.000000e+00, 5.000000e+00
1.429688e+00, 5.000000e+00, 5.000000e+00
1.445313e+00, 5.000000e+00, 5.000000e+00
1.460938e+00, 5.000000e+00, 5.000000e+00
1.476563e+00, 5.000000e+00, 5.000000e+00
1.492188e+00, 5.000000e+00, 5.000000e+00
1.507813e+00, 5.000000e+00, 5.000000e+00
1.523438e+00, 5.000000e+00, 5.000000e+00
1.539063e+00, 5.000000e+00, 5.000000e+00
1.554688e+00, 5.000000e+00, 5.000000e+00
1.570313e+00, 5.000000e+00, 5.000000e+00
1.585938e+00, 5.000000e+00, 5.000000e+00
1.601563e+00, 5.000000e+00, 5.000000e+00
1.617188e+00, 5.000000e+00, 5.000000e+00
1.632813e+00, 5.000000e+00, 5.000000e+00
1.648438e+00, 5.000000e+00, 5.000000e+00
1.664063e+00, 5.000000e+00, 5.000000e+00
1.679688e+00, 5.000000e+00, 5.000000e+00
1.695313e+00, 5.000000e+00, 5.000000e+00
1.710938e+00, 5.000000e+00, 5.000000e+00
1.726563e+00, 5.000000e+00, 5.000000e+00
1.742188e+00, 5.000000e+00, 5.000000e+00
1.757813e+00, 5.000000e+00, 5.000000e+00
1.773438e+00, 5.000000e+00, 5.000000e+00
1.789063e+00, 5.000000e+00, 5.000000e+00
1.804688e+00, 5.000000e+00, 5.000000e+00
1.820313e+00, 5.000000e+00, 5.000000e+00
1.835938e+00, 5.000000e+00, 5.000000e+00
1.851563e+00, 5.000000e+00, 5.000000e+00
1.867188e+00, 5.000000e+00, 5.000000e+00
1.882813e+00, 5.000000e+00, 5.000000e+00
1.898438e+00, 5.000000e+00, 5.000000e+00
1.914063e+00, 5.000000e+00, 5.000000e+00
1.929688e+00, 5.000000e+00, 5.000000e+00
1.945313e+00, 5.000000e+00, 5.000000e+00
1.960938e+00, 5.000000e+00, 5.000000e+00
1.976563e+00, 5.000000e+00, 5.000000e+00
1.992188e+00, 5.000000e+00, 5.000000e+00
2.007813e+00, 0.000000e+00, 0.000000e+00
2.023438e+00, 0.000000e+00, 0.000000e+00
2.039063e+00, 0.000000e+00, 0.000000e+00
2.054688e+00, 0.000000e+00, 0.000000e+00
2.070313e+00, 0.000000e+00, 0.000000e+00
2.085938e+00, 0.000000e+00, 0.000000e+00
2.101563e+00, 0.000000e+00, 0.000000e+00
2.117188e+00, 0.000000e+00, 0.000000e+00
2.132813e+00, 0.000000e+00, 0.000000e+00
2.148438e+00, 0.000000e+00, 0.000000e+00
2.164063e+00, 0.000000e+00, 0.000000e+00
2.179688e+00, 0.000000e+00, 0.000000e+00
2.195313e+00, 0.000000e+00, 0.000000e+00
2.210938e+00, 0.000000e+00, 0.000000e+00
2.226563e+00, 0.000000e+00, 0.000000e+00
2.242188e+00, 0.000000e+00, 0.000000e+00
2.257813e+00, 0.000000e+00, 0.000000e+00
2.273438e+00, 0.000000e+00, 0.000000e+00
2.289063e+00, 0.000000e+00, 0.000000e+00
2.304688e+00, 0.000000e+00, 0.000000e+00
2.320313e+00, 0.000000e+00, 0.000000e+00
2.335938e+00, 0.000000e+00, 0.000000e+00
2.351563e+00, 0.000000e+00, 0.000000e+00
2.367188e+00, 0.000000e+00, 0.000000e+00
2.382813e+00, 0.000000e+00, 0.000000e+00
2.398438e+00, 0.000000e+00, 0.000000e+00
2.414063e+00, 0.000000e+00, 0.000000e+00
2.429688e+00, 0.000000e+00, 0.000000e+00
2.445313e+00, 0.000000e+00, 0.000000e+00
2.460938e+00, 0.000000e+00, 0.000000e+00
2.476563e+00, 0.000000e+00, 0.000000e+00
2.492188e+00, 0.000000e+00, 0.000000e+00
2.507813e+00, 0.000000e+00, 0.000000e+00
2.523438e+00, 0.000000e+00, 0.000000e+00
2.539063e+00, 0.000000e+00, 0.000000e+00
2.554688e+00, 0.000000e+00, 0.000000e+00
2.570313e+00, 0.000000e+00, 0.000000e+00
2.585938e+00, 0.000000e+00, 0.000000e+00
2.601563e+00, 0.000000e+00, 0.000000e+00
2.617188e+00, 0.000000e+00, 0.000000e+00
2.632813e+00, 0.000000e+00, 0.000000e+00
2.648438e+00, 0.000000e+00, 0.000000e+00
2.664063e+00, 0.000000e+00, 0.000000e+00
2.679688e+00, 0.000000e+00, 0.000000e+00
2.695313e+00, 0.000000e+00, 0.000000e+00
2.710938e+00, 0.000000e+00, 0.000000e+00
2.726563e+00, 0.000000e+00, 0.000000e+00
2.742188e+00, 0.000000e+00, 0.000000e+00
2.757813e+00, 0.000000e+00, 0.000000e+00
2.773438e+00, 0.000000e+00, 0.000000e+00
2.789063e+00, 0.000000e+00, 0.000000e+00
2.804688e+00, 0.000000e+00, 0.000000e+00
2.820313e+00, 0.000000e+00, 0.000000e+00
2.835938e+00, 0.000000e+00, 0.000000e+00
2.851563e+00, 0.000000e+00, 0.000000e+00
2.867188e+00, 0.000000e+00, 0.000000e+00
2.882813e+00, 0.000000e+00, 0.000000e+00
2.898438e+00, 0.000000e+00, 0.000000e+00
2.914063e+00, 0.000000e+00, 0.000000e+00
2.929688e+00, 0.000000e+00, 0.000000e+00
2.945313e+00, 0.000000e+00, 0.000000e+00
2.960938e+00, 0.000000e+00, 0.000000e+00
2.976563e+00, 0.000000e+00, 0.000000e+00
2.992188e+00, 0.000000e+00, 0.000000e+00
3.007813e+00, 0.000000e+00, 0.000000e+00
3.023438e+00, 0.000000e+00, 0.000000e+00
3.039063e+00, 0.000000e+00, 0.000000e+00
3.054688e+00, 0.000000e+00, 0.000000e+00
3.070313e+00, 0.000000e+00, 0.000000e+00
3.085938e+00, 0.000000e+00, 0.000000e+00
3.101563e+00, 0.000000e+00, 0.000000e+00
3.117188e+00, 0.000000e+00, 0.000000e+00
3.132813e+00, 0.000000e+00, 0.000000e+00
3.148438e+00, 0.000000e+00, 0.000000e+00
3.164063e+00, 0.000000e+00, 0.000000e+00
3.179688e+00, 0.000000e+00, 0.000000e+00
3.195313e+00, 0.000000e+00, 0.000000e+00
3.210938e+00, 0.000000e+00, 0.000000e+00
3.226563e+00, 0.000000e+00, 0.000000e+00
3.242188e+00, 0.000000e+00, 0.000000e+00
3.257813e+00, 0.000000e+00, 0.000000e+00
3.273438e+00, 0.000000e+00, 0.000000e+00
3.289063e+00, 0.000000e+00, 0.000000e+00
3.304688e+00, 0.000000e+00, 0.000000e+00
3.320313e+00, 0.000000e+00, 0.000000e+00
3.335938e+00, 0.000000e+00, 0.000000e+00
3.351563e+00, 0.000000e+00, 0.000000e+00
3.367188e+00, 0.000000e+00, 0.000000e+00
3.382813e+00, 0.000000e+00, 0.000000e+00
3.398438e+00, 0.000000e+00, 0.000000e+00
3.414063e+00, 0.000000e+00, 0.000000e+00
3.429688e+00, 0.000000e+00, 0.000000e+00
3.445313e+00, 0.000000e+00, 0.000000e+00
3.460938e+00, 0.000000e+00, 0.000000e+00
3.476563e+00, 0.000000e+00, 0.000000e+00
3.492188e+00, 0.000000e+00, 0.000000e+00
3.507813e+00, 0.000000e+00, 0.000000e+00
3.523438e+00, 0.000000e+00, 0.000000e+00
3.539063e+00, 0.000000e+00, 0.000000e+00
3.554688e+00, 0.000000e+00, 0.000000e+00
3.570313e+00, 0.000000e+00, 0.000000e+00
3.585938e+00, 0.000000e+00, 0.000000e+00
3.601563e+00, 0.000000e+00, 0.000000e+00
3.617188e+00, 0.000000e+00, 0.000000e+00
3.632813e+00, 0.000000e+00, 0.000000e+00
3.648438e+00, 0.000000e+00, 0.000000e+00
3.664063e+00, 0.000000e+00, 0.000000e+00
3.679688e+00, 0.000000e+00, 0.000000e+00
3.695313e+00, 0.000000e+00, 0.000000e+00
3.710938e+00, 0.000000e+00, 0.000000e+00
3.726563e+00, 0.000000e+00, 0.000000e+00
3.742188e+00, 0.000000e+00, 0.000000e+00
3.757813e+00, 0.000000e+00, 0.000000e+00
3.773438e+00, 0.000000e+00, 0.000000e+00
3.789063e+00, 0.000000e+00, 0.000000e+00
3.804688e+00, 0.000000e+00, 0.000000e+00
3.820313e+00, 0.000000e+00, 0.000000e+00
3.835938e+00, 0.000000e+00, 0.000000e+00
3.851563e+00, 0.000000e+00, 0.000000e+00
3.867188e+00, 0.000000e+00, 0.000000e+00
3.882813e+00, 0.000000e+00, 0.000000e+00
3.898438e+00, 0.000000e+00, 0.000000e+00
3.914063e+00, 0.000000e+00, 0.000000e+00
3.929688e+00, 0.000000e+00, 0.000000e+00
3.945313e+00, 0.000000e+00, 0.000000e+00
3.960938e+00, 0.000000e+00, 0.000000e+00
3.976563e+00, 0.000000e+00, 0.000000e+00
3.992188e+00, 0.000000e+00, 0.000000e+00
4.000000e+00, 0.000000e+00, 0.000000e+00


#At time: 2.500488e+01, nsteps= 205


-1.000000e+00, 0.000000e+00, 0.000000e+00
-9.921875e-01, -1.089354e-33, 0.000000e+00
-9.765625e-01, 1.606927e-19, 0.000000e+00
-9.609375e-01, 1.606927e-19, 0.000000e+00
-9.453125e-01, 7.092899e-19, 0.000000e+00
-9.296875e-01, 7.092899e-19, 0.000000e+00
-9.140625e-01, 2.894292e-18, 0.000000e+00
-8.984375e-01, 2.894292e-18, 0.000000e+00
-8.828125e-01, 1.143396e-17, 0.000000e+00
-8.671875e-01, 1.143396e-17, 2.775558e-16
-8.515625e-01, 4.385468e-17, 2.775558e-16
-8.359375e-01, 4.385468e-17, 5.551115e-16
-8.203125e-01, 1.634082e-16, 8.326673e-16
-8.046875e-01, 1.634082e-16, 1.665335e-15
-7.890625e-01, 5.918122e-16, 2.775558e-15
-7.734375e-01, 5.918122e-16, 4.996004e-15
-7.578125e-01, 2.084242e-15, 8.881784e-15
-7.421875e-01, 2.084242e-15, 1.526557e-14
-7.265625e-01, 7.140988e-15, 2.636780e-14
-7.109375e-01, 7.140988e-15, 4.579670e-14
-6.953125e-01, 2.381212e-14, 7.854828e-14
-6.796875e-01, 2.381212e-14, 1.346145e-13
-6.640625e-01, 7.731124e-14, 2.292611e-13
-6.484375e-01, 7.731124e-14, 3.883005e-13
-6.328125e-01, 2.444893e-13, 6.550316e-13
-6.171875e-01, 2.444893e-13, 1.099121e-12
-6.015625e-01, 7.533734e-13, 1.835754e-12
-5.859375e-01, 7.533734e-13, 3.051448e-12
-5.703125e-01, 2.262808e-12, 5.048184e-12
-5.546875e-01, 2.262808e-12, 8.311130e-12
-5.390625e-01, 6.627041e-12, 1.361800e-11
-5.234375e-01, 6.627041e-12, 2.220668e-11
-5.078125e-01, 1.893074e-11, 3.603895e-11
-4.921875e-01, 1.893074e-11, 5.820788e-11
-4.765625e-01, 5.276278e-11, 9.356516e-11
-4.609375e-01, 5.276278e-11, 1.496819e-10
-4.453125e-01, 1.435259e-10, 2.383130e-10
-4.296875e-01, 1.435259e-10, 3.776163e-10
-4.140625e-01, 3.811546e-10, 5.954959e-10
-3.984375e-01, 3.811546e-10, 9.346157e-10
-3.828125e-01, 9.884649e-10, 1.459871e-09
-3.671875e-01, 9.884649e-10, 2.269465e-09
-3.515625e-01, 2.503958e-09, 3.511249e-09
-3.359375e-01, 2.503958e-09, 5.406668e-09
-3.203125e-01, 6.197421e-09, 8.285689e-09
-3.046875e-01, 6.197421e-09, 1.263745e-08
-2.890625e-01, 1.499068e-08, 1.918331e-08
-2.734375e-01, 1.499068e-08, 2.898155e-08
-2.578125e-01, 3.544565e-08, 4.357677e-08
-2.421875e-01, 3.544565e-08, 6.521161e-08
-2.265625e-01, 8.194772e-08, 9.712535e-08
-2.109375e-01, 8.194772e-08, 1.439724e-07
-1.953125e-01, 1.852854e-07, 2.124057e-07
-1.796875e-01, 1.852854e-07, 3.118851e-07
-1.640625e-01, 4.097990e-07, 4.557915e-07
-1.484375e-01, 4.097990e-07, 6.629522e-07
-1.328125e-01, 8.867840e-07, 9.597190e-07
-1.171875e-01, 8.867840e-07, 1.382781e-06
-1.015625e-01, 1.877896e-06, 1.982950e-06
-8.593750e-02, 1.877896e-06, 2.830223e-06
-7.031250e-02, 3.892413e-06, 4.020518e-06
-5.468750e-02, 3.892413e-06, 5.684566e-06
-3.906250e-02, 7.898502e-06, 7.999603e-06
-2.343750e-02, 7.898502e-06, 1.120462e-05
-7.812500e-03, 1.569392e-05, 1.562017e-05
7.812500e-03, 1.569392e-05, 2.167384e-05
2.343750e-02, 3.053936e-05, 2.993296e-05
3.906250e-02, 3.053936e-05, 4.114615e-05
5.468750e-02, 5.821153e-05, 5.629590e-05
7.031250e-02, 5.821153e-05, 7.666457e-05
8.593750e-02, 1.087067e-04, 1.039167e-04
1.015625e-01, 1.087067e-04, 1.402010e-04
1.171875e-01, 1.989200e-04, 1.882758e-04
1.328125e-01, 1.989200e-04, 2.516625e-04
1.484375e-01, 3.567387e-04, 3.348308e-04
1.640625e-01, 3.567387e-04, 4.434232e-04
1.796875e-01, 6.271136e-04, 5.845213e-04
1.953125e-01, 6.271136e-04, 7.669629e-04
2.109375e-01, 1.080787e-03, 1.001714e-03
2.265625e-01, 1.080787e-03, 1.302301e-03
2.421875e-01, 1.826440e-03, 1.685316e-03
2.578125e-01, 1.826440e-03, 2.170986e-03
2.734375e-01, 3.027021e-03, 2.783826e-03
2.890625e-01, 3.027021e-03, 3.553371e-03
3.046875e-01, 4.920891e-03, 4.514986e-03
3.203125e-01, 4.920891e-03, 5.710761e-03
3.359375e-01, 7.848095e-03, 7.190476e-03
3.515625e-01, 7.848095e-03, 9.012642e-03
3.671875e-01, 1.228152e-02, 1.124559e-02
3.828125e-01, 1.228152e-02, 1.396859e-02
3.984375e-01, 1.886179e-02, 1.727306e-02
4.140625e-01, 1.886179e-02, 2.126361e-02
4.296875e-01, 2.843379e-02, 2.605924e-02
4.453125e-01, 2.843379e-02, 3.179432e-02
4.609375e-01, 4.208111e-02, 3.861950e-02
4.765625e-01, 4.208111e-02, 4.670243e-02
4.921875e-01, 6.115362e-02, 5.622831e-02
5.078125e-01, 6.115362e-02, 6.740007e-02
5.234375e-01, 8.728208e-02, 8.043829e-02
5.390625e-01, 8.728208e-02, 9.558076e-02
5.546875e-01, 1.223727e-01, 1.130814e-01
5.703125e-01, 1.223727e-01, 1.332091e-01
5.859375e-01, 1.685752e-01, 1.562455e-01
6.015625e-01, 1.685752e-01, 1.824826e-01
6.171875e-01, 2.282181e-01, 2.122195e-01
6.328125e-01, 2.282181e-01, 2.457592e-01
6.484375e-01, 3.037087e-01, 2.834036e-01
6.640625e-01, 3.037087e-01, 3.254496e-01
6.796875e-01, 3.973976e-01, 3.721832e-01
6.953125e-01, 3.973976e-01, 4.238740e-01
7.109375e-01, 5.114125e-01, 4.807697e-01
7.265625e-01, 5.114125e-01, 5.430894e-01
7.421875e-01, 6.474724e-01, 6.110180e-01
7.578125e-01, 6.474724e-01, 6.846997e-01
7.734375e-01, 8.066959e-01, 7.642329e-01
7.890625e-01, 8.066959e-01, 8.496642e-01
8.046875e-01, 9.894246e-01, 9.409844e-01
8.203125e-01, 9.894246e-01, 1.038124e+00
8.359375e-01, 1.195080e+00, 1.140951e+00
8.515625e-01, 1.195080e+00, 1.249269e+00
8.671875e-01, 1.422074e+00, 1.362815e+00
8.828125e-01, 1.422074e+00, 1.481262e+00
8.984375e-01, 1.667794e+00, 1.604221e+00
9.140625e-01, 1.667794e+00, 1.731241e+00
9.296875e-01, 1.928663e+00, 1.861818e+00
9.453125e-01, 1.928663e+00, 1.995397e+00
9.609375e-01, 2.200285e+00, 2.131384e+00
9.765625e-01, 2.200285e+00, 2.269146e+00
9.921875e-01, 2.477663e+00, 2.408028e+00
1.007813e+00, 2.477663e+00, 2.547356e+00
1.023438e+00, 2.755466e+00, 2.686451e+00
1.039063e+00, 2.755466e+00, 2.824636e+00
1.054688e+00, 3.028340e+00, 2.961248e+00
1.070313e+00, 3.028340e+00, 3.095646e+00
1.085938e+00, 3.291205e+00, 3.227221e+00
1.101563e+00, 3.291205e+00, 3.355401e+00
1.117188e+00, 3.539536e+00, 3.479664e+00
1.132813e+00, 3.539536e+00, 3.599537e+00
1.148438e+00, 3.769585e+00, 3.714608e+00
1.164063e+00, 3.769585e+00, 3.824522e+00
1.179688e+00, 3.978532e+00, 3.928991e+00
1.195313e+00, 3.978532e+00, 4.027786e+00
1.210938e+00, 4.164554e+00, 4.120744e+00
1.226563e+00, 4.164554e+00, 4.207764e+00
1.242188e+00, 4.326805e+00, 4.288799e+00
1.257813e+00, 4.326805e+00, 4.363860e+00
1.273438e+00, 4.465324e+00, 4.433003e+00
1.289063e+00, 4.465324e+00, 4.496331e+00
1.304688e+00, 4.580878e+00, 4.553978e+00
1.320313e+00, 4.580878e+00, 4.606114e+00
1.335938e+00, 4.674762e+00, 4.652926e+00
1.351563e+00, 4.674762e+00, 4.694619e+00
1.367188e+00, 4.748580e+00, 4.731408e+00
1.382813e+00, 4.748580e+00, 4.763505e+00
1.398438e+00, 4.804016e+00, 4.791122e+00
1.414063e+00, 4.804016e+00, 4.814456e+00
1.429688e+00, 4.842636e+00, 4.833689e+00
1.445313e+00, 4.842636e+00, 4.848981e+00
1.460938e+00, 4.865705e+00, 4.860468e+00
1.476563e+00, 4.865705e+00, 4.868254e+00
1.492188e+00, 4.874056e+00, 4.872413e+00
1.507813e+00, 4.874056e+00, 4.872985e+00
1.523438e+00, 4.868009e+00, 4.869977e+00
1.539063e+00, 4.868009e+00, 4.863358e+00
1.554688e+00, 4.847332e+00, 4.853066e+00
1.570313e+00, 4.847332e+00, 4.839005e+00
1.585938e+00, 4.811271e+00, 4.821050e+00
1.601563e+00, 4.811271e+00, 4.799047e+00
1.617188e+00, 4.758621e+00, 4.772822e+00
1.632813e+00, 4.758621e+00, 4.742181e+00
1.648438e+00, 4.687857e+00, 4.706917e+00
1.664063e+00, 4.687857e+00, 4.666817e+00
1.679688e+00, 4.597299e+00, 4.621666e+00
1.695313e+00, 4.597299e+00, 4.571256e+00
1.710938e+00, 4.485315e+00, 4.515392e+00
1.726563e+00, 4.485315e+00, 4.453899e+00
1.742188e+00, 4.350547e+00, 4.386630e+00
1.757813e+00, 4.350547e+00, 4.313472e+00
1.773438e+00, 4.192129e+00, 4.234352e+00
1.789063e+00, 4.192129e+00, 4.149246e+00
1.804688e+00, 4.009891e+00, 4.058180e+00
1.820313e+00, 4.009891e+00, 3.961238e+00
1.835938e+00, 3.804530e+00, 3.858563e+00
1.851563e+00, 3.804530e+00, 3.750364e+00
1.867188e+00, 3.577707e+00, 3.636908e+00
1.882813e+00, 3.577707e+00, 3.518529e+00
1.898438e+00, 3.332085e+00, 3.395623e+00
1.914063e+00, 3.332085e+00, 3.268642e+00
1.929688e+00, 3.071269e+00, 3.138094e+00
1.945313e+00, 3.071269e+00, 3.004535e+00
1.960938e+00, 2.799673e+00, 2.868563e+00
1.976563e+00, 2.799673e+00, 2.730810e+00
1.992188e+00, 2.522304e+00, 2.591933e+00
2.007813e+00, 2.522304e+00, 2.452605e+00
2.023438e+00, 2.244494e+00, 2.313507e+00
2.039063e+00, 2.244494e+00, 2.175314e+00
2.054688e+00, 1.971597e+00, 2.038689e+00
2.070313e+00, 1.971597e+00, 1.904273e+00
2.085938e+00, 1.708684e+00, 1.772672e+00
2.101563e+00, 1.708684e+00, 1.644456e+00
2.117188e+00, 1.460264e+00, 1.520146e+00
2.132813e+00, 1.460264e+00, 1.400210e+00
2.148438e+00, 1.230058e+00, 1.285057e+00
2.164063e+00, 1.230058e+00, 1.175034e+00
2.179688e+00, 1.020840e+00, 1.070425e+00
2.195313e+00, 1.020840e+00, 9.714470e-01
2.210938e+00, 8.343649e-01, 8.782537e-01
2.226563e+00, 8.343649e-01, 7.909337e-01
2.242188e+00, 6.713685e-01, 7.095153e-01
2.257813e+00, 6.713685e-01, 6.339690e-01
2.273438e+00, 5.316490e-01, 5.642127e-01
2.289063e+00, 5.316490e-01, 5.001161e-01
2.304688e+00, 4.142012e-01, 4.415067e-01
2.320313e+00, 4.142012e-01, 3.881757e-01
2.335938e+00, 3.173896e-01, 3.398839e-01
2.351563e+00, 3.173896e-01, 2.963681e-01
2.367188e+00, 2.391389e-01, 2.573467e-01
2.382813e+00, 2.391389e-01, 2.225260e-01
2.398438e+00, 1.771220e-01, 1.916050e-01
2.414063e+00, 1.771220e-01, 1.642805e-01
2.429688e+00, 1.289303e-01, 1.402519e-01
2.445313e+00, 1.289303e-01, 1.192245e-01
2.460938e+00, 9.221432e-02, 1.009129e-01
2.476563e+00, 9.221432e-02, 8.504402e-02
2.492188e+00, 6.479015e-02, 7.135897e-02
2.507813e+00, 6.479015e-02, 5.961467e-02
2.523438e+00, 4.470922e-02, 4.958494e-02
2.539063e+00, 4.470922e-02, 4.106117e-02
2.554688e+00, 3.029540e-02, 3.385251e-02
2.570313e+00, 3.029540e-02, 2.778572e-02
2.585938e+00, 2.015417e-02, 2.270479e-02
2.601563e+00, 2.015417e-02, 1.847023e-02
2.617188e+00, 1.316077e-02, 1.495823e-02
2.632813e+00, 1.316077e-02, 1.205967e-02
2.648438e+00, 8.434274e-03, 9.679061e-03
2.664063e+00, 8.434274e-03, 7.733357e-03
2.679688e+00, 5.303804e-03, 6.150850e-03
2.695313e+00, 5.303804e-03, 4.870010e-03
2.710938e+00, 3.272090e-03, 3.838377e-03
2.726563e+00, 3.272090e-03, 3.011509e-03
2.742188e+00, 1.980097e-03, 2.351989e-03
2.757813e+00, 1.980097e-03, 1.828510e-03
2.773438e+00, 1.175161e-03, 1.415031e-03
2.789063e+00, 1.175161e-03, 1.090029e-03
2.804688e+00, 6.838867e-04, 8.358141e-04
2.820313e+00, 6.838867e-04, 6.379369e-04
2.835938e+00, 3.901872e-04, 4.846618e-04
2.851563e+00, 3.901872e-04, 3.665133e-04
2.867188e+00, 2.182176e-04, 2.758848e-04
2.882813e+00, 2.182176e-04, 2.067044e-04
2.898438e+00, 1.196079e-04, 1.541533e-04
2.914063e+00, 1.196079e-04, 1.144286e-04
2.929688e+00, 6.424037e-05, 8.454587e-05
2.945313e+00, 6.424037e-05, 6.217612e-05
2.960938e+00, 3.380317e-05, 4.551200e-05
2.976563e+00, 3.380317e-05, 3.315866e-05
2.992188e+00, 1.742330e-05, 2.404554e-05
3.007813e+00, 1.742330e-05, 1.735547e-05
3.023438e+00, 8.795240e-06, 1.246811e-05
3.039063e+00, 8.795240e-06, 8.915074e-06
3.054688e+00, 4.347388e-06, 6.344650e-06
3.070313e+00, 4.347388e-06, 4.494142e-06
3.085938e+00, 2.103729e-06, 3.168404e-06
3.101563e+00, 2.103729e-06, 2.223244e-06
3.117188e+00, 9.964308e-07, 1.552691e-06
3.132813e+00, 9.964308e-07, 1.079275e-06
3.148438e+00, 4.618631e-07, 7.466679e-07
3.164063e+00, 4.618631e-07, 5.141255e-07
3.179688e+00, 2.094588e-07, 3.523349e-07
3.195313e+00, 2.094588e-07, 2.403176e-07
3.210938e+00, 9.292037e-08, 1.631389e-07
3.226563e+00, 9.292037e-08, 1.102225e-07
3.242188e+00, 4.031395e-08, 7.411780e-08
3.257813e+00, 4.031395e-08, 4.960355e-08
3.273438e+00, 1.710148e-08, 3.303999e-08
3.289063e+00, 1.710148e-08, 2.190296e-08
3.304688e+00, 7.091610e-09, 1.445108e-08
3.320313e+00, 7.091610e-09, 9.489229e-09
3.335938e+00, 2.873980e-09, 6.201461e-09
3.351563e+00, 2.873980e-09, 4.033558e-09
3.367188e+00, 1.138000e-09, 2.611036e-09
3.382813e+00, 1.138000e-09, 1.682158e-09
3.398438e+00, 4.401568e-10, 1.078571e-09
3.414063e+00, 4.401568e-10, 6.882686e-10
3.429688e+00, 1.662506e-10, 4.371131e-10
3.445313e+00, 1.662506e-10, 2.762834e-10
3.460938e+00, 6.130392e-11, 1.737963e-10
3.476563e+00, 6.130392e-11, 1.088055e-10
3.492188e+00, 2.206262e-11, 6.779272e-11
3.507813e+00, 2.206262e-11, 4.203748e-11
3.523438e+00, 7.747092e-12, 2.594258e-11
3.539063e+00, 7.747092e-12, 1.593337e-11
3.554688e+00, 2.653368e-12, 9.739154e-12
3.570313e+00, 2.653368e-12, 5.924705e-12
3.585938e+00, 8.861182e-13, 3.586853e-12
3.601563e+00, 8.861182e-13, 2.161049e-12
3.617188e+00, 2.884521e-13, 1.295908e-12
3.632813e+00, 2.884521e-13, 7.732703e-13
3.648438e+00, 9.149338e-14, 4.593548e-13
3.664063e+00, 9.149338e-14, 2.714495e-13
3.679688e+00, 2.826696e-14, 1.595946e-13
3.695313e+00, 2.826696e-14, 9.353629e-14
3.710938e+00, 8.503037e-15, 5.440093e-14
3.726563e+00, 8.503037e-15, 3.164136e-14
3.742188e+00, 2.489427e-15, 1.831868e-14
3.757813e+00, 2.489427e-15, 1.054712e-14
3.773438e+00, 7.090409e-16, 6.106227e-15
3.789063e+00, 7.090409e-16, 3.330669e-15
3.804688e+00, 1.963803e-16, 1.942890e-15
3.820313e+00, 1.963803e-16, 1.110223e-15
3.835938e+00, 5.286611e-17, 5.551115e-16
3.851563e+00, 5.286611e-17, 2.775558e-16
3.867188e+00, 1.382598e-17, 2.775558e-16
3.882813e+00, 1.382598e-17, 0.000000e+00
3.898438e+00, 3.510592e-18, 0.000000e+00
3.914063e+00, 3.510590e-18, 0.000000e+00
3.929688e+00, 8.629838e-19, 0.000000e+00
3.945313e+00, 8.629765e-19, 0.000000e+00
3.960938e+00, 1.961333e-19, 0.000000e+00
3.976563e+00, 1.960998e-19, 0.000000e+00
3.992188e+00, 7.473735e-23, 0.000000e+00
4.000000e+00, 0.000000e+00, 0.000000e+00


#At time: 5.000976e+01, nsteps= 410


-1.000000e+00, 5.753412e-10, 5.753412e-10
-9.921875e-01, 7.890769e-10, 6.751927e-10
-9.765625e-01, 6.485694e-10, 9.282280e-10
-9.609375e-01, 1.225877e-09, 1.273049e-09
-9.453125e-01, 1.151519e-09, 1.741804e-09
-9.296875e-01, 2.174445e-09, 2.377484e-09
-9.140625e-01, 2.135494e-09, 3.237430e-09
-8.984375e-01, 4.005272e-09, 4.397928e-09
-8.828125e-01, 3.985077e-09, 5.960203e-09
-8.671875e-01, 7.406040e-09, 8.058228e-09
-8.515625e-01, 7.395677e-09, 1.086886e-08
-8.359375e-01, 1.360775e-08, 1.462496e-08
-8.203125e-01, 1.360249e-08, 1.963235e-08
-8.046875e-01, 2.477306e-08, 2.629159e-08
-7.890625e-01, 2.477042e-08, 3.512602e-08
-7.734375e-01, 4.465034e-08, 4.681759e-08
-7.578125e-01, 4.464903e-08, 6.225259e-08
-7.421875e-01, 7.965962e-08, 8.257996e-08
-7.265625e-01, 7.965897e-08, 1.092851e-07
-7.109375e-01, 1.406723e-07, 1.442837e-07
-6.953125e-01, 1.406720e-07, 1.900393e-07
-6.796875e-01, 2.458920e-07, 2.497125e-07
-6.640625e-01, 2.458919e-07, 3.273470e-07
-6.484375e-01, 4.254614e-07, 4.281026e-07
-6.328125e-01, 4.254613e-07, 5.585468e-07
-6.171875e-01, 7.287379e-07, 7.270157e-07
-6.015625e-01, 7.287379e-07, 9.440635e-07
-5.859375e-01, 1.235646e-06, 1.223017e-06
-5.703125e-01, 1.235646e-06, 1.580657e-06
-5.546875e-01, 2.074170e-06, 2.038064e-06
-5.390625e-01, 2.074170e-06, 2.621641e-06
-5.234375e-01, 3.446977e-06, 3.364378e-06
-5.078125e-01, 3.446977e-06, 4.307376e-06
-4.921875e-01, 5.671421e-06, 5.501714e-06
-4.765625e-01, 5.671421e-06, 7.010695e-06
-4.609375e-01, 9.238912e-06, 8.912564e-06
-4.453125e-01, 9.238912e-06, 1.130377e-05
-4.296875e-01, 1.490188e-05, 1.430289e-05
-4.140625e-01, 1.490188e-05, 1.805531e-05
-3.984375e-01, 2.379955e-05, 2.273879e-05
-3.828125e-01, 2.379955e-05, 2.857009e-05
-3.671875e-01, 3.763739e-05, 3.581284e-05
-3.515625e-01, 3.763739e-05, 4.478673e-05
-3.359375e-01, 5.893990e-05, 5.587844e-05
-3.203125e-01, 5.893990e-05, 6.955435e-05
-3.046875e-01, 9.140173e-05, 8.637544e-05
-2.890625e-01, 9.140173e-05, 1.070146e-04
-2.734375e-01, 1.403688e-04, 1.322768e-04
-2.578125e-01, 1.403688e-04, 1.631221e-04
-2.421875e-01, 2.134883e-04, 2.006926e-04
-2.265625e-01, 2.134883e-04, 2.463432e-04
-2.109375e-01, 3.215743e-04, 3.016763e-04
-1.953125e-01, 3.215743e-04, 3.685821e-04
-1.796875e-01, 4.797430e-04, 4.492838e-04
-1.640625e-01, 4.797430e-04, 5.463889e-04
-1.484375e-01, 7.088803e-04, 6.629467e-04
-1.328125e-01, 7.088803e-04, 8.025131e-04
-1.171875e-01, 1.037507e-03, 9.692226e-04
-1.015625e-01, 1.037507e-03, 1.167869e-03
-8.593750e-02, 1.504111e-03, 1.403993e-03
-7.031250e-02, 1.504111e-03, 1.683981e-03
-5.468750e-02, 2.160017e-03, 2.015173e-03
-3.906250e-02, 2.160017e-03, 2.405978e-03
-2.343750e-02, 3.072846e-03, 2.866002e-03
-7.812500e-03, 3.072846e-03, 3.406185e-03
7.812500e-03, 4.330607e-03, 4.038949e-03
2.343750e-02, 4.330607e-03, 4.778354e-03
3.906250e-02, 6.046441e-03, 5.640266e-03
5.468750e-02, 6.046441e-03, 6.642535e-03
7.031250e-02, 8.363982e-03, 7.805176e-03
8.593750e-02, 8.363982e-03, 9.150561e-03
1.015625e-01, 1.146326e-02, 1.070362e-02
1.171875e-01, 1.146326e-02, 1.249204e-02
1.328125e-01, 1.556701e-02, 1.454647e-02
1.484375e-01, 1.556701e-02, 1.690072e-02
1.640625e-01, 2.094717e-02, 1.959198e-02
1.796875e-01, 2.094717e-02, 2.266098e-02
1.953125e-01, 2.793122e-02, 2.615221e-02
2.109375e-01, 2.793122e-02, 3.011409e-02
2.265625e-01, 3.690809e-02, 3.459910e-02
2.421875e-01, 3.690809e-02, 3.966394e-02
2.578125e-01, 4.833298e-02, 4.536963e-02
2.734375e-01, 4.833298e-02, 5.178160e-02
2.890625e-01, 6.273069e-02, 5.896969e-02
3.046875e-01, 6.273069e-02, 6.700822e-02
3.203125e-01, 8.069682e-02, 7.597589e-02
3.359375e-01, 8.069682e-02, 8.595570e-02
3.515625e-01, 1.028961e-01, 9.703483e-02
3.671875e-01, 1.028961e-01, 1.093044e-01
3.828125e-01, 1.300576e-01, 1.228591e-01
3.984375e-01, 1.300576e-01, 1.377972e-01
4.140625e-01, 1.629654e-01, 1.542196e-01
4.296875e-01, 1.629654e-01, 1.722299e-01
4.453125e-01, 2.024458e-01, 1.919334e-01
4.609375e-01, 2.024458e-01, 2.134368e-01
4.765625e-01, 2.493490e-01, 2.368472e-01
4.921875e-01, 2.493490e-01, 2.622716e-01
5.078125e-01, 3.045271e-01, 2.898160e-01
5.234375e-01, 3.045271e-01, 3.195844e-01
5.390625e-01, 3.688072e-01, 3.516779e-01
5.546875e-01, 3.688072e-01, 3.861937e-01
5.703125e-01, 4.429614e-01, 4.232240e-01
5.859375e-01, 4.429614e-01, 4.628553e-01
6.015625e-01, 5.276732e-01, 5.051666e-01
6.171875e-01, 5.276732e-01, 5.502290e-01
6.328125e-01, 6.235037e-01, 5.981042e-01
6.484375e-01, 6.235037e-01, 6.488436e-01
6.640625e-01, 7.308573e-01, 7.024873e-01
6.796875e-01, 7.308573e-01, 7.590630e-01
6.953125e-01, 8.499490e-01, 8.185852e-01
7.109375e-01, 8.499490e-01, 8.810542e-01
7.265625e-01, 9.807762e-01, 9.464556e-01
7.421875e-01, 9.807762e-01, 1.014760e+00
7.578125e-01, 1.123095e+00, 1.085920e+00
7.734375e-01, 1.123095e+00, 1.159875e+00
7.890625e-01, 1.276406e+00, 1.236546e+00
8.046875e-01, 1.276406e+00, 1.315837e+00
8.203125e-01, 1.439944e+00, 1.397636e+00
8.359375e-01, 1.439944e+00, 1.481816e+00
8.515625e-01, 1.612685e+00, 1.568230e+00
8.671875e-01, 1.612685e+00, 1.656721e+00
8.828125e-01, 1.793353e+00, 1.747113e+00
8.984375e-01, 1.793353e+00, 1.839218e+00
9.140625e-01, 1.980448e+00, 1.932834e+00
9.296875e-01, 1.980448e+00, 2.027749e+00
9.453125e-01, 2.172274e+00, 2.123740e+00
9.609375e-01, 2.172274e+00, 2.220573e+00
9.765625e-01, 2.366978e+00, 2.318008e+00
9.921875e-01, 2.366978e+00, 2.415799e+00
1.007813e+00, 2.562599e+00, 2.513694e+00
1.023438e+00, 2.562599e+00, 2.611439e+00
1.039063e+00, 2.757113e+00, 2.708779e+00
1.054688e+00, 2.757113e+00, 2.805457e+00
1.070313e+00, 2.948483e+00, 2.901219e+00
1.085938e+00, 2.948483e+00, 2.995816e+00
1.101563e+00, 3.134710e+00, 3.088999e+00
1.117188e+00, 3.134710e+00, 3.180529e+00
1.132813e+00, 3.313878e+00, 3.270172e+00
1.148438e+00, 3.313878e+00, 3.357703e+00
1.164063e+00, 3.484190e+00, 3.442905e+00
1.179688e+00, 3.484190e+00, 3.525573e+00
1.195313e+00, 3.643998e+00, 3.605512e+00
1.210938e+00, 3.643998e+00, 3.682536e+00
1.226563e+00, 3.791830e+00, 3.756473e+00
1.242188e+00, 3.791830e+00, 3.827164e+00
1.257813e+00, 3.926399e+00, 3.894458e+00
1.273438e+00, 3.926399e+00, 3.958220e+00
1.289063e+00, 4.046608e+00, 4.018325e+00
1.304688e+00, 4.046608e+00, 4.074658e+00
1.320313e+00, 4.151544e+00, 4.127119e+00
1.335938e+00, 4.151544e+00, 4.175616e+00
1.351563e+00, 4.240472e+00, 4.220067e+00
1.367188e+00, 4.240472e+00, 4.260403e+00
1.382813e+00, 4.312814e+00, 4.296560e+00
1.398438e+00, 4.312814e+00, 4.328484e+00
1.414063e+00, 4.368136e+00, 4.356132e+00
1.429688e+00, 4.368136e+00, 4.379464e+00
1.445313e+00, 4.406128e+00, 4.398449e+00
1.460938e+00, 4.406128e+00, 4.413063e+00
1.476563e+00, 4.426590e+00, 4.423287e+00
1.492188e+00, 4.426590e+00, 4.429109e+00
1.507813e+00, 4.429417e+00, 4.430521e+00
1.523438e+00, 4.429417e+00, 4.427521e+00
1.539063e+00, 4.414595e+00, 4.420114e+00
1.554688e+00, 4.414595e+00, 4.408308e+00
1.570313e+00, 4.382199e+00, 4.392119e+00
1.585938e+00, 4.382199e+00, 4.371566e+00
1.601563e+00, 4.332398e+00, 4.346677e+00
1.617188e+00, 4.332398e+00, 4.317486e+00
1.632813e+00, 4.265466e+00, 4.284032e+00
1.648438e+00, 4.265466e+00, 4.246365e+00
1.664063e+00, 4.181795e+00, 4.204541e+00
1.679688e+00, 4.181795e+00, 4.158625e+00
1.695313e+00, 4.081915e+00, 4.108692e+00
1.710938e+00, 4.081915e+00, 4.054826e+00
1.726563e+00, 3.966508e+00, 3.997123e+00
1.742188e+00, 3.966508e+00, 3.935689e+00
1.757813e+00, 3.836430e+00, 3.870641e+00
1.773438e+00, 3.836430e+00, 3.802108e+00
1.789063e+00, 3.692717e+00, 3.730231e+00
1.804688e+00, 3.692717e+00, 3.655163e+00
1.820313e+00, 3.536596e+00, 3.577070e+00
1.835938e+00, 3.536596e+00, 3.496128e+00
1.851563e+00, 3.369479e+00, 3.412524e+00
1.867188e+00, 3.369479e+00, 3.326460e+00
1.882813e+00, 3.192961e+00, 3.238143e+00
1.898438e+00, 3.192961e+00, 3.147795e+00
1.914063e+00, 3.008793e+00, 3.055643e+00
1.929688e+00, 3.008793e+00, 2.961923e+00
1.945313e+00, 2.818856e+00, 2.866878e+00
1.960938e+00, 2.818856e+00, 2.770757e+00
1.976563e+00, 2.625129e+00, 2.673811e+00
1.992188e+00, 2.625129e+00, 2.576296e+00
2.007813e+00, 2.429640e+00, 2.478468e+00
2.023438e+00, 2.429640e+00, 2.380581e+00
2.039063e+00, 2.234422e+00, 2.282889e+00
2.054688e+00, 2.234422e+00, 2.185643e+00
2.070313e+00, 2.041464e+00, 2.089086e+00
2.085938e+00, 2.041464e+00, 1.993456e+00
2.101563e+00, 1.852658e+00, 1.898983e+00
2.117188e+00, 1.852658e+00, 1.805887e+00
2.132813e+00, 1.669754e+00, 1.714376e+00
2.148438e+00, 1.669754e+00, 1.624647e+00
2.164063e+00, 1.494320e+00, 1.536884e+00
2.179688e+00, 1.494320e+00, 1.451256e+00
2.195313e+00, 1.327706e+00, 1.367918e+00
2.210938e+00, 1.327706e+00, 1.287007e+00
2.226563e+00, 1.171019e+00, 1.208647e+00
2.242188e+00, 1.171019e+00, 1.132943e+00
2.257813e+00, 1.025107e+00, 1.059986e+00
2.273438e+00, 1.025107e+00, 9.898469e-01
2.289063e+00, 8.905568e-01, 9.225830e-01
2.304688e+00, 8.905568e-01, 8.582343e-01
2.320313e+00, 7.676912e-01, 7.968249e-01
2.335938e+00, 7.676912e-01, 7.383639e-01
2.351563e+00, 6.565884e-01, 6.828457e-01
2.367188e+00, 6.565884e-01, 6.302511e-01
2.382813e+00, 5.571004e-01, 5.805476e-01
2.398438e+00, 5.571004e-01, 5.336912e-01
2.414063e+00, 4.688802e-01, 4.896265e-01
2.429688e+00, 4.688802e-01, 4.482883e-01
2.445313e+00, 3.914130e-01, 4.096025e-01
2.460938e+00, 3.914130e-01, 3.734874e-01
2.476563e+00, 3.240509e-01, 3.398542e-01
2.492188e+00, 3.240509e-01, 3.086089e-01
2.507813e+00, 2.660462e-01, 2.796527e-01
2.523438e+00, 2.660462e-01, 2.528833e-01
2.539063e+00, 2.165861e-01, 2.281959e-01
2.554688e+00, 2.165861e-01, 2.054842e-01
2.570313e+00, 1.748233e-01, 1.846409e-01
2.585938e+00, 1.748233e-01, 1.655590e-01
2.601563e+00, 1.399041e-01, 1.481322e-01
2.617188e+00, 1.399041e-01, 1.322557e-01
2.632813e+00, 1.109923e-01, 1.178270e-01
2.648438e+00, 1.109923e-01, 1.047459e-01
2.664063e+00, 8.728850e-02, 9.291545e-02
2.679688e+00, 8.728850e-02, 8.224223e-02
2.695313e+00, 6.804479e-02, 7.263649e-02
2.710938e+00, 6.804479e-02, 6.401254e-02
2.726563e+00, 5.257502e-02, 5.628890e-02
2.742188e+00, 5.257502e-02, 4.938844e-02
2.757813e+00, 4.026104e-02, 4.323846e-02
2.773438e+00, 4.026104e-02, 3.777069e-02
2.789063e+00, 3.055532e-02, 3.292132e-02
2.804688e+00, 3.055532e-02, 2.863088e-02
2.820313e+00, 2.298060e-02, 2.484420e-02
2.835938e+00, 2.298060e-02, 2.151029e-02
2.851563e+00, 1.712718e-02, 1.858216e-02
2.867188e+00, 1.712718e-02, 1.601668e-02
2.882813e+00, 1.264848e-02, 1.377443e-02
2.898438e+00, 1.264848e-02, 1.181946e-02
2.914063e+00, 9.255453e-03, 1.011911e-02
2.929688e+00, 9.255453e-03, 8.643828e-03
2.945313e+00, 6.710319e-03, 7.366942e-03
2.960938e+00, 6.710319e-03, 6.264465e-03
2.976563e+00, 4.820089e-03, 5.314895e-03
2.992188e+00, 4.820089e-03, 4.499019e-03
3.007813e+00, 3.430156e-03, 3.799721e-03
3.023438e+00, 3.430156e-03, 3.201805e-03
3.039063e+00, 2.418248e-03, 2.691819e-03
3.054688e+00, 2.418248e-03, 2.257893e-03
3.070313e+00, 1.688876e-03, 1.889582e-03
3.085938e+00, 1.688876e-03, 1.577727e-03
3.101563e+00, 1.168385e-03, 1.314318e-03
3.117188e+00, 1.168385e-03, 1.092371e-03
3.132813e+00, 8.006610e-04, 9.058148e-04
3.148438e+00, 8.006610e-04, 7.493894e-04
3.164063e+00, 5.434605e-04, 6.185476e-04
3.179688e+00, 5.434605e-04, 5.093720e-04
3.195313e+00, 3.653650e-04, 4.184969e-04
3.210938e+00, 3.653650e-04, 3.430391e-04
3.226563e+00, 2.432813e-04, 2.805357e-04
3.242188e+00, 2.432813e-04, 2.288888e-04
3.257813e+00, 1.604341e-04, 1.863169e-04
3.273438e+00, 1.604341e-04, 1.513109e-04
3.289063e+00, 1.047790e-04, 1.225962e-04
3.304688e+00, 1.047790e-04, 9.909971e-05
3.320313e+00, 6.776815e-05, 7.991992e-05
3.335938e+00, 6.776815e-05, 6.430196e-05
3.351563e+00, 4.340444e-05, 5.161537e-05
3.367188e+00, 4.340444e-05, 4.133507e-05
3.382813e+00, 2.752858e-05, 3.302496e-05
3.398438e+00, 2.752858e-05, 2.632384e-05
3.414063e+00, 1.728855e-05, 2.093335e-05
3.429688e+00, 1.728855e-05, 1.660771e-05
3.445313e+00, 1.075084e-05, 1.314504e-05
3.460938e+00, 1.075084e-05, 1.037993e-05
3.476563e+00, 6.619411e-06, 8.177232e-06
3.492188e+00, 6.619411e-06, 6.426836e-06
3.507813e+00, 4.035278e-06, 5.039255e-06
3.523438e+00, 4.035278e-06, 3.941968e-06
3.539063e+00, 2.435504e-06, 3.076358e-06
3.554688e+00, 2.435504e-06, 2.395173e-06
3.570313e+00, 1.455289e-06, 1.860428e-06
3.585938e+00, 1.455289e-06, 1.441663e-06
3.601563e+00, 8.608723e-07, 1.114524e-06
3.617188e+00, 8.608723e-07, 8.595853e-07
3.632813e+00, 5.041283e-07, 6.613968e-07
3.648438e+00, 5.041284e-07, 5.077011e-07
3.664063e+00, 2.922403e-07, 3.888003e-07
3.679688e+00, 2.922405e-07, 2.970414e-07
3.695313e+00, 1.676949e-07, 2.264012e-07
3.710938e+00, 1.676952e-07, 1.721518e-07
3.726563e+00, 9.524986e-08, 1.305914e-07
3.742188e+00, 9.525064e-08, 9.882979e-08
3.757813e+00, 5.355010e-08, 7.461575e-08
3.773438e+00, 5.355168e-08, 5.620077e-08
3.789063e+00, 2.979898e-08, 4.223015e-08
3.804688e+00, 2.980215e-08, 3.165711e-08
3.820313e+00, 1.641373e-08, 2.367487e-08
3.835938e+00, 1.642007e-08, 1.766328e-08
3.851563e+00, 8.951363e-09, 1.314686e-08
3.867188e+00, 8.963886e-09, 9.762011e-09
3.882813e+00, 4.838076e-09, 7.231406e-09
3.898438e+00, 4.862554e-09, 5.344069e-09
3.914063e+00, 2.600554e-09, 3.939914e-09
3.929688e+00, 2.647911e-09, 2.897788e-09
3.945313e+00, 1.406675e-09, 2.126234e-09
3.960938e+00, 1.497357e-09, 1.556396e-09
3.976563e+00, 7.949035e-10, 1.136562e-09
3.992188e+00, 9.667812e-10, 8.279988e-10
4.000000e+00, 7.060888e-10, 7.060888e-10


#At time: 7.501464e+01, nsteps= 615


-1.000000e+00, 5.463290e-07, 5.463290e-07
-9.921875e-01, 4.987720e-07, 6.086271e-07
-9.765625e-01, 8.526997e-07, 7.544526e-07
-9.609375e-01, 7.739068e-07, 9.337444e-07
-9.453125e-01, 1.240652e-06, 1.153825e-06
-9.296875e-01, 1.189159e-06, 1.423534e-06
-9.140625e-01, 1.847128e-06, 1.753526e-06
-8.984375e-01, 1.813698e-06, 2.156618e-06
-8.828125e-01, 2.769300e-06, 2.648202e-06
-8.671875e-01, 2.747742e-06, 3.246732e-06
-8.515625e-01, 4.149586e-06, 3.974289e-06
-8.359375e-01, 4.135775e-06, 4.857250e-06
-8.203125e-01, 6.193589e-06, 5.927066e-06
-8.046875e-01, 6.184800e-06, 7.221173e-06
-7.890625e-01, 9.194886e-06, 8.784050e-06
-7.734375e-01, 9.189331e-06, 1.066845e-05
-7.578125e-01, 1.356887e-05, 1.293682e-05
-7.421875e-01, 1.356538e-05, 1.566296e-05
-7.265625e-01, 1.989848e-05, 1.893393e-05
-7.109375e-01, 1.989630e-05, 2.285223e-05
-6.953125e-01, 2.899540e-05, 2.753835e-05
-6.796875e-01, 2.899406e-05, 3.313361e-05
-6.640625e-01, 4.198129e-05, 3.980356e-05
-6.484375e-01, 4.198046e-05, 4.774167e-05
-6.328125e-01, 6.039440e-05, 5.717371e-05
-6.171875e-01, 6.039389e-05, 6.836260e-05
-6.015625e-01, 8.632858e-05, 8.161401e-05
-5.859375e-01, 8.632827e-05, 9.728262e-05
-5.703125e-01, 1.226125e-04, 1.157792e-04
-5.546875e-01, 1.226123e-04, 1.375788e-04
-5.390625e-01, 1.730387e-04, 1.632293e-04
-5.234375e-01, 1.730386e-04, 1.933619e-04
-5.078125e-01, 2.426537e-04, 2.287024e-04
-4.921875e-01, 2.426536e-04, 2.700835e-04
-4.765625e-01, 3.381217e-04, 3.184587e-04
-4.609375e-01, 3.381216e-04, 3.749184e-04
-4.453125e-01, 4.681756e-04, 4.407065e-04
-4.296875e-01, 4.681756e-04, 5.172396e-04
-4.140625e-01, 6.441719e-04, 6.061279e-04
-3.984375e-01, 6.441719e-04, 7.091981e-04
-3.828125e-01, 8.807640e-04, 8.285188e-04
-3.671875e-01, 8.807640e-04, 9.664273e-04
-3.515625e-01, 1.196713e-03, 1.125560e-03
-3.359375e-01, 1.196713e-03, 1.308885e-03
-3.203125e-01, 1.615850e-03, 1.519737e-03
-3.046875e-01, 1.615850e-03, 1.761855e-03
-2.890625e-01, 2.168206e-03, 2.039422e-03
-2.734375e-01, 2.168206e-03, 2.357113e-03
-2.578125e-01, 2.891328e-03, 2.720135e-03
-2.421875e-01, 2.891328e-03, 3.134283e-03
-2.265625e-01, 3.831773e-03, 3.605989e-03
-2.109375e-01, 3.831773e-03, 4.142378e-03
-1.953125e-01, 5.046804e-03, 4.751329e-03
-1.796875e-01, 5.046804e-03, 5.441533e-03
-1.640625e-01, 6.606274e-03, 6.222562e-03
-1.484375e-01, 6.606274e-03, 7.104928e-03
-1.328125e-01, 8.594673e-03, 8.100160e-03
-1.171875e-01, 8.594673e-03, 9.220871e-03
-1.015625e-01, 1.111333e-02, 1.048083e-02
-8.593750e-02, 1.111333e-02, 1.189503e-02
-7.031250e-02, 1.428273e-02, 1.347977e-02
-5.468750e-02, 1.428273e-02, 1.525274e-02
-3.906250e-02, 1.824486e-02, 1.723307e-02
-2.343750e-02, 1.824486e-02, 1.944140e-02
-7.812500e-03, 2.316554e-02, 2.189999e-02
7.812500e-03, 2.316554e-02, 2.463275e-02
2.343750e-02, 2.923666e-02, 2.766530e-02
3.906250e-02, 2.923666e-02, 3.102508e-02
5.468750e-02, 3.667819e-02, 3.474132e-02
7.031250e-02, 3.667819e-02, 3.884517e-02
8.593750e-02, 4.573983e-02, 4.336969e-02
1.015625e-01, 4.573983e-02, 4.834987e-02
1.171875e-01, 5.670217e-02, 5.382269e-02
1.328125e-01, 5.670217e-02, 5.982711e-02
1.484375e-01, 6.987727e-02, 6.640404e-02
1.640625e-01, 6.987727e-02, 7.359635e-02
1.796875e-01, 8.560838e-02, 8.144881e-02
1.953125e-01, 8.560838e-02, 9.000808e-02
2.109375e-01, 1.042688e-01, 9.932259e-02
2.265625e-01, 1.042688e-01, 1.094425e-01
2.421875e-01, 1.262596e-01, 1.204195e-01
2.578125e-01, 1.262596e-01, 1.323068e-01
2.734375e-01, 1.520061e-01, 1.451591e-01
2.890625e-01, 1.520061e-01, 1.590318e-01
3.046875e-01, 1.819532e-01, 1.739818e-01
3.203125e-01, 1.819532e-01, 1.900664e-01
3.359375e-01, 2.165590e-01, 2.073435e-01
3.515625e-01, 2.165590e-01, 2.258712e-01
3.671875e-01, 2.562876e-01, 2.457078e-01
3.828125e-01, 2.562876e-01, 2.669110e-01
3.984375e-01, 3.015999e-01, 2.895380e-01
4.140625e-01, 3.015999e-01, 3.136451e-01
4.296875e-01, 3.529433e-01, 3.392870e-01
4.453125e-01, 3.529433e-01, 3.665170e-01
4.609375e-01, 4.107410e-01, 3.953861e-01
4.765625e-01, 4.107410e-01, 4.259430e-01
4.921875e-01, 4.753794e-01, 4.582334e-01
5.078125e-01, 4.753794e-01, 4.922997e-01
5.234375e-01, 5.471954e-01, 5.281808e-01
5.390625e-01, 5.471954e-01, 5.659114e-01
5.546875e-01, 6.264636e-01, 6.055215e-01
5.703125e-01, 6.264636e-01, 6.470365e-01
5.859375e-01, 7.133835e-01, 6.904764e-01
6.015625e-01, 7.133835e-01, 7.358555e-01
6.171875e-01, 8.080671e-01, 7.831822e-01
6.328125e-01, 8.080671e-01, 8.324584e-01
6.484375e-01, 9.105279e-01, 8.836795e-01
6.640625e-01, 9.105279e-01, 9.368338e-01
6.796875e-01, 1.020671e+00, 9.919027e-01
6.953125e-01, 1.020671e+00, 1.048860e+00
7.109375e-01, 1.138286e+00, 1.107672e+00
7.265625e-01, 1.138286e+00, 1.168297e+00
7.421875e-01, 1.263039e+00, 1.230686e+00
7.578125e-01, 1.263039e+00, 1.294781e+00
7.734375e-01, 1.394474e+00, 1.360518e+00
7.890625e-01, 1.394474e+00, 1.427825e+00
8.046875e-01, 1.532007e+00, 1.496619e+00
8.203125e-01, 1.532007e+00, 1.566814e+00
8.359375e-01, 1.674935e+00, 1.638313e+00
8.515625e-01, 1.674935e+00, 1.711013e+00
8.671875e-01, 1.822435e+00, 1.784806e+00
8.828125e-01, 1.822435e+00, 1.859573e+00
8.984375e-01, 1.973579e+00, 1.935194e+00
9.140625e-01, 1.973579e+00, 2.011538e+00
9.296875e-01, 2.127340e+00, 2.088471e+00
9.453125e-01, 2.127340e+00, 2.165856e+00
9.609375e-01, 2.282608e+00, 2.243547e+00
9.765625e-01, 2.282608e+00, 2.321397e+00
9.921875e-01, 2.438205e+00, 2.399256e+00
1.007813e+00, 2.438205e+00, 2.476968e+00
1.023438e+00, 2.592902e+00, 2.554379e+00
1.039063e+00, 2.592902e+00, 2.631328e+00
1.054688e+00, 2.745437e+00, 2.707657e+00
1.070313e+00, 2.745437e+00, 2.783207e+00
1.085938e+00, 2.894535e+00, 2.857816e+00
1.101563e+00, 2.894535e+00, 2.931326e+00
1.117188e+00, 3.038923e+00, 3.003578e+00
1.132813e+00, 3.038923e+00, 3.074416e+00
1.148438e+00, 3.177351e+00, 3.143685e+00
1.164063e+00, 3.177351e+00, 3.211234e+00
1.179688e+00, 3.308608e+00, 3.276913e+00
1.195313e+00, 3.308608e+00, 3.340579e+00
1.210938e+00, 3.431538e+00, 3.402090e+00
1.226563e+00, 3.431538e+00, 3.461311e+00
1.242188e+00, 3.545054e+00, 3.518111e+00
1.257813e+00, 3.545054e+00, 3.572363e+00
1.273438e+00, 3.648153e+00, 3.623949e+00
1.289063e+00, 3.648153e+00, 3.672753e+00
1.304688e+00, 3.739921e+00, 3.718668e+00
1.320313e+00, 3.739921e+00, 3.761592e+00
1.335938e+00, 3.819550e+00, 3.801432e+00
1.351563e+00, 3.819550e+00, 3.838099e+00
1.367188e+00, 3.886338e+00, 3.871513e+00
1.382813e+00, 3.886338e+00, 3.901601e+00
1.398438e+00, 3.939698e+00, 3.928296e+00
1.414063e+00, 3.939698e+00, 3.951541e+00
1.429688e+00, 3.979164e+00, 3.971285e+00
1.445313e+00, 3.979164e+00, 3.987484e+00
1.460938e+00, 4.004392e+00, 4.000105e+00
1.476563e+00, 4.004392e+00, 4.009118e+00
1.492188e+00, 4.015161e+00, 4.014504e+00
1.507813e+00, 4.015161e+00, 4.016253e+00
1.523438e+00, 4.011379e+00, 4.014359e+00
1.539063e+00, 4.011379e+00, 4.008828e+00
1.554688e+00, 3.993078e+00, 3.999671e+00
1.570313e+00, 3.993078e+00, 3.986908e+00
1.585938e+00, 3.960417e+00, 3.970566e+00
1.601563e+00, 3.960417e+00, 3.950682e+00
1.617188e+00, 3.913682e+00, 3.927299e+00
1.632813e+00, 3.913682e+00, 3.900467e+00
1.648438e+00, 3.853279e+00, 3.870246e+00
1.664063e+00, 3.853279e+00, 3.836701e+00
1.679688e+00, 3.779740e+00, 3.799906e+00
1.695313e+00, 3.779740e+00, 3.759942e+00
1.710938e+00, 3.693709e+00, 3.716896e+00
1.726563e+00, 3.693709e+00, 3.670864e+00
1.742188e+00, 3.595946e+00, 3.621947e+00
1.757813e+00, 3.595946e+00, 3.570253e+00
1.773438e+00, 3.487315e+00, 3.515897e+00
1.789063e+00, 3.487315e+00, 3.458999e+00
1.804688e+00, 3.368777e+00, 3.399684e+00
1.820313e+00, 3.368777e+00, 3.338084e+00
1.835938e+00, 3.241380e+00, 3.274336e+00
1.851563e+00, 3.241380e+00, 3.208579e+00
1.867188e+00, 3.106249e+00, 3.140959e+00
1.882813e+00, 3.106249e+00, 3.071625e+00
1.898438e+00, 2.964571e+00, 3.000728e+00
1.914063e+00, 2.964571e+00, 2.928423e+00
1.929688e+00, 2.817577e+00, 2.854866e+00
1.945313e+00, 2.817577e+00, 2.780216e+00
1.960938e+00, 2.666533e+00, 2.704632e+00
1.976563e+00, 2.666533e+00, 2.628275e+00
1.992188e+00, 2.512714e+00, 2.551304e+00
2.007813e+00, 2.512714e+00, 2.473879e+00
2.023438e+00, 2.357392e+00, 2.396158e+00
2.039063e+00, 2.357392e+00, 2.318297e+00
2.054688e+00, 2.201813e+00, 2.240450e+00
2.070313e+00, 2.201813e+00, 2.162768e+00
2.085938e+00, 2.047183e+00, 2.085399e+00
2.101563e+00, 2.047183e+00, 2.008486e+00
2.117188e+00, 1.894646e+00, 1.932168e+00
2.132813e+00, 1.894646e+00, 1.856580e+00
2.148438e+00, 1.745270e+00, 1.781848e+00
2.164063e+00, 1.745270e+00, 1.708097e+00
2.179688e+00, 1.600034e+00, 1.635443e+00
2.195313e+00, 1.600034e+00, 1.563994e+00
2.210938e+00, 1.459810e+00, 1.493853e+00
2.226563e+00, 1.459810e+00, 1.425116e+00
2.242188e+00, 1.325362e+00, 1.357871e+00
2.257813e+00, 1.325362e+00, 1.292198e+00
2.273438e+00, 1.197332e+00, 1.228169e+00
2.289063e+00, 1.197332e+00, 1.165849e+00
2.304688e+00, 1.076236e+00, 1.105295e+00
2.320313e+00, 1.076236e+00, 1.046557e+00
2.335938e+00, 9.624667e-01, 9.896740e-01
2.351563e+00, 9.624667e-01, 9.346809e-01
2.367188e+00, 8.562941e-01, 8.816032e-01
2.382813e+00, 8.562941e-01, 8.304593e-01
2.398438e+00, 7.578676e-01, 7.812607e-01
2.414063e+00, 7.578676e-01, 7.340116e-01
2.429688e+00, 6.672246e-01, 6.887099e-01
2.445313e+00, 6.672246e-01, 6.453470e-01
2.460938e+00, 5.842992e-01, 6.039082e-01
2.476563e+00, 5.842992e-01, 5.643735e-01
2.492188e+00, 5.089323e-01, 5.267172e-01
2.507813e+00, 5.089323e-01, 4.909090e-01
2.523438e+00, 4.408841e-01, 4.569141e-01
2.539063e+00, 4.408841e-01, 4.246936e-01
2.554688e+00, 3.798457e-01, 3.942048e-01
2.570313e+00, 3.798457e-01, 3.654019e-01
2.585938e+00, 3.254530e-01, 3.382361e-01
2.601563e+00, 3.254530e-01, 3.126563e-01
2.617188e+00, 2.772989e-01, 2.886093e-01
2.632813e+00, 2.772989e-01, 2.660400e-01
2.648438e+00, 2.349461e-01, 2.448923e-01
2.664063e+00, 2.349461e-01, 2.251089e-01
2.679688e+00, 1.979387e-01, 2.066321e-01
2.695313e+00, 1.979387e-01, 1.894036e-01
2.710938e+00, 1.658129e-01, 1.733653e-01
2.726563e+00, 1.658129e-01, 1.584593e-01
2.742188e+00, 1.381068e-01, 1.446282e-01
2.757813e+00, 1.381068e-01, 1.318155e-01
2.773438e+00, 1.143681e-01, 1.199654e-01
2.789063e+00, 1.143681e-01, 1.090235e-01
2.804688e+00, 9.416142e-02, 9.893670e-02
2.820313e+00, 9.416142e-02, 8.965321e-02
2.835938e+00, 7.707345e-02, 8.112299e-02
2.851563e+00, 7.707345e-02, 7.329769e-02
2.867188e+00, 6.271716e-02, 6.613072e-02
2.882813e+00, 6.271716e-02, 5.957739e-02
2.898438e+00, 5.073463e-02, 5.359491e-02
2.914063e+00, 5.073463e-02, 4.814243e-02
2.929688e+00, 4.079869e-02, 4.318108e-02
2.945313e+00, 4.079869e-02, 3.867397e-02
2.960938e+00, 3.261364e-02, 3.458617e-02
2.976563e+00, 3.261364e-02, 3.088470e-02
2.992188e+00, 2.591504e-02, 2.753850e-02
3.007813e+00, 2.591504e-02, 2.451839e-02
3.023438e+00, 2.046880e-02, 2.179703e-02
3.039063e+00, 2.046880e-02, 1.934885e-02
3.054688e+00, 1.606977e-02, 1.715001e-02
3.070313e+00, 1.606977e-02, 1.517832e-02
3.085938e+00, 1.253988e-02, 1.341320e-02
3.101563e+00, 1.253988e-02, 1.183558e-02
3.117188e+00, 9.725963e-03, 1.042782e-02
3.132813e+00, 9.725963e-03, 9.173686e-03
3.148438e+00, 7.497523e-03, 8.058227e-03
3.164063e+00, 7.497523e-03, 7.067721e-03
3.179688e+00, 5.744327e-03, 6.189603e-03
3.195313e+00, 5.744327e-03, 5.412385e-03
3.210938e+00, 4.374084e-03, 4.725592e-03
3.226563e+00, 4.374084e-03, 4.119691e-03
3.242188e+00, 3.310188e-03, 3.586022e-03
3.257813e+00, 3.310188e-03, 3.116739e-03
3.273438e+00, 2.489584e-03, 2.704745e-03
3.289063e+00, 2.489584e-03, 2.343635e-03
3.304688e+00, 1.860805e-03, 2.027637e-03
3.320313e+00, 1.860805e-03, 1.751567e-03
3.335938e+00, 1.382186e-03, 1.510771e-03
3.351563e+00, 1.382186e-03, 1.301084e-03
3.367188e+00, 1.020270e-03, 1.118783e-03
3.382813e+00, 1.020270e-03, 9.605496e-04
3.398438e+00, 7.484089e-04, 8.234294e-04
3.414063e+00, 7.484089e-04, 7.047986e-04
3.429688e+00, 5.455442e-04, 6.023308e-04
3.445313e+00, 5.455442e-04, 5.139678e-04
3.460938e+00, 3.951668e-04, 4.378919e-04
3.476563e+00, 3.951668e-04, 3.725011e-04
3.492188e+00, 2.844348e-04, 3.163859e-04
3.507813e+00, 2.844349e-04, 2.683090e-04
3.523438e+00, 2.034367e-04, 2.271859e-04
3.539063e+00, 2.034369e-04, 1.920679e-04
3.554688e+00, 1.445816e-04, 1.621268e-04
3.570313e+00, 1.445818e-04, 1.366411e-04
3.585938e+00, 1.021002e-04, 1.149831e-04
3.601563e+00, 1.021006e-04, 9.660767e-05
3.617188e+00, 7.164121e-05, 8.104276e-05
3.632813e+00, 7.164181e-05, 6.787989e-05
3.648438e+00, 4.994766e-05, 5.676649e-05
3.664063e+00, 4.994864e-05, 4.739869e-05
3.679688e+00, 3.460005e-05, 3.951515e-05
3.695313e+00, 3.460165e-05, 3.289149e-05
3.710938e+00, 2.381451e-05, 2.733541e-05
3.726563e+00, 2.381710e-05, 2.268242e-05
3.742188e+00, 1.628563e-05, 1.879207e-05
3.757813e+00, 1.628979e-05, 1.554464e-05
3.773438e+00, 1.106525e-05, 1.283829e-05
3.789063e+00, 1.107190e-05, 1.058653e-05
3.804688e+00, 7.469820e-06, 8.716061e-06
3.820313e+00, 7.480374e-06, 7.164834e-06
3.835938e+00, 5.010159e-06, 5.880456e-06
3.851563e+00, 5.026795e-06, 4.818752e-06
3.867188e+00, 3.338766e-06, 3.942543e-06
3.882813e+00, 3.364815e-06, 3.220596e-06
3.898438e+00, 2.210556e-06, 2.626720e-06
3.914063e+00, 2.251073e-06, 2.138989e-06
3.929688e+00, 1.453876e-06, 1.739083e-06
3.945313e+00, 1.516479e-06, 1.411721e-06
3.960938e+00, 9.492584e-07, 1.144178e-06
3.976563e+00, 1.045346e-06, 9.258798e-07
3.992188e+00, 6.139642e-07, 7.480511e-07
4.000000e+00, 6.719902e-07, 6.719902e-07


#At time: 1.000195e+02, nsteps= 820


-1.000000e+00, 1.746923e-05, 1.746923e-05
-9.921875e-01, 2.184683e-05, 1.896069e-05
-9.765625e-01, 1.938966e-05, 2.231685e-05
-9.609375e-01, 2.902642e-05, 2.623629e-05
-9.453125e-01, 2.723447e-05, 3.080799e-05
-9.296875e-01, 3.910677e-05, 3.613397e-05
-9.140625e-01, 3.780639e-05, 4.233112e-05
-8.984375e-01, 5.298942e-05, 4.953315e-05
-8.828125e-01, 5.205040e-05, 5.789278e-05
-8.671875e-01, 7.186979e-05, 6.758425e-05
-8.515625e-01, 7.119507e-05, 7.880604e-05
-8.359375e-01, 9.731532e-05, 9.178395e-05
-8.203125e-01, 9.683290e-05, 1.067745e-04
-8.046875e-01, 1.313629e-04, 1.240687e-04
-7.890625e-01, 1.310197e-04, 1.439961e-04
-7.734375e-01, 1.766396e-04, 1.669298e-04
-7.578125e-01, 1.763966e-04, 1.932912e-04
-7.421875e-01, 2.365105e-04, 2.235554e-04
-7.265625e-01, 2.363393e-04, 2.582580e-04
-7.109375e-01, 3.152592e-04, 2.980013e-04
-6.953125e-01, 3.151392e-04, 3.434621e-04
-6.796875e-01, 4.183048e-04, 3.953993e-04
-6.640625e-01, 4.182211e-04, 4.546633e-04
-6.484375e-01, 5.524619e-04, 5.222053e-04
-6.328125e-01, 5.524038e-04, 5.990875e-04
-6.171875e-01, 7.262501e-04, 6.864948e-04
-6.015625e-01, 7.262099e-04, 7.857470e-04
-5.859375e-01, 9.502571e-04, 8.983116e-04
-5.703125e-01, 9.502295e-04, 1.025819e-03
-5.546875e-01, 1.237564e-03, 1.170075e-03
-5.390625e-01, 1.237545e-03, 1.333083e-03
-5.234375e-01, 1.604236e-03, 1.517054e-03
-5.078125e-01, 1.604223e-03, 1.724432e-03
-4.921875e-01, 2.069886e-03, 1.957908e-03
-4.765625e-01, 2.069877e-03, 2.220447e-03
-4.609375e-01, 2.658317e-03, 2.515307e-03
-4.453125e-01, 2.658311e-03, 2.846063e-03
-4.296875e-01, 3.398238e-03, 3.216632e-03
-4.140625e-01, 3.398234e-03, 3.631298e-03
-3.984375e-01, 4.324069e-03, 4.094746e-03
-3.828125e-01, 4.324067e-03, 4.612080e-03
-3.671875e-01, 5.476821e-03, 5.188861e-03
-3.515625e-01, 5.476819e-03, 5.831137e-03
-3.359375e-01, 6.905049e-03, 6.545472e-03
-3.203125e-01, 6.905048e-03, 7.338981e-03
-3.046875e-01, 8.665888e-03, 8.219363e-03
-2.890625e-01, 8.665888e-03, 9.194937e-03
-2.734375e-01, 1.082613e-02, 1.027468e-02
-2.578125e-01, 1.082613e-02, 1.146825e-02
-2.421875e-01, 1.346334e-02, 1.278604e-02
-2.265625e-01, 1.346334e-02, 1.423920e-02
-2.109375e-01, 1.666704e-02, 1.583969e-02
-1.953125e-01, 1.666704e-02, 1.760028e-02
-1.796875e-01, 2.053980e-02, 1.953463e-02
-1.640625e-01, 2.053980e-02, 2.165730e-02
-1.484375e-01, 2.519836e-02, 2.398377e-02
-1.328125e-01, 2.519836e-02, 2.653049e-02
-1.171875e-01, 3.077470e-02, 2.931491e-02
-1.015625e-01, 3.077470e-02, 3.235551e-02
-8.593750e-02, 3.741688e-02, 3.567180e-02
-7.031250e-02, 3.741688e-02, 3.928435e-02
-5.468750e-02, 4.528981e-02, 4.321481e-02
-3.906250e-02, 4.528981e-02, 4.748596e-02
-2.343750e-02, 5.457581e-02, 5.212163e-02
-7.812500e-03, 5.457581e-02, 5.714679e-02
7.812500e-03, 6.547478e-02, 6.258752e-02
2.343750e-02, 6.547478e-02, 6.847096e-02
3.906250e-02, 7.820420e-02, 7.482536e-02
5.468750e-02, 7.820420e-02, 8.168003e-02
7.031250e-02, 9.299858e-02, 8.906530e-02
8.593750e-02, 9.299858e-02, 9.701250e-02
1.015625e-01, 1.101086e-01, 1.055539e-01
1.171875e-01, 1.101086e-01, 1.147228e-01
1.328125e-01, 1.297996e-01, 1.245530e-01
1.484375e-01, 1.297996e-01, 1.350795e-01
1.640625e-01, 1.523497e-01, 1.463378e-01
1.796875e-01, 1.523497e-01, 1.583638e-01
1.953125e-01, 1.780473e-01, 1.711943e-01
2.109375e-01, 1.780473e-01, 1.848662e-01
2.265625e-01, 2.071879e-01, 1.994168e-01
2.421875e-01, 2.071879e-01, 2.148836e-01
2.578125e-01, 2.400703e-01, 2.313039e-01
2.734375e-01, 2.400703e-01, 2.487152e-01
2.890625e-01, 2.769923e-01, 2.671545e-01
3.046875e-01, 2.769923e-01, 2.866585e-01
3.203125e-01, 3.182458e-01, 3.072630e-01
3.359375e-01, 3.182458e-01, 3.290035e-01
3.515625e-01, 3.641116e-01, 3.519141e-01
3.671875e-01, 3.641116e-01, 3.760279e-01
3.828125e-01, 4.148530e-01, 4.013766e-01
3.984375e-01, 4.148530e-01, 4.279906e-01
4.140625e-01, 4.707102e-01, 4.558981e-01
4.296875e-01, 4.707102e-01, 4.851256e-01
4.453125e-01, 5.318934e-01, 5.156976e-01
4.609375e-01, 5.318934e-01, 5.476357e-01
4.765625e-01, 5.985763e-01, 5.809594e-01
4.921875e-01, 5.985763e-01, 6.156853e-01
5.078125e-01, 6.708896e-01, 6.518267e-01
5.234375e-01, 6.708896e-01, 6.893941e-01
5.390625e-01, 7.489146e-01, 7.283945e-01
5.546875e-01, 7.489146e-01, 7.688312e-01
5.703125e-01, 8.326768e-01, 8.107039e-01
5.859375e-01, 8.326768e-01, 8.540084e-01
6.015625e-01, 9.221412e-01, 8.987363e-01
6.171875e-01, 9.221412e-01, 9.448751e-01
6.328125e-01, 1.017207e+00, 9.924081e-01
6.484375e-01, 1.017207e+00, 1.041314e+00
6.640625e-01, 1.117702e+00, 1.091567e+00
6.796875e-01, 1.117702e+00, 1.143136e+00
6.953125e-01, 1.223383e+00, 1.195987e+00
7.109375e-01, 1.223383e+00, 1.250080e+00
7.265625e-01, 1.333931e+00, 1.305370e+00
7.421875e-01, 1.333931e+00, 1.361808e+00
7.578125e-01, 1.448952e+00, 1.419340e+00
7.734375e-01, 1.448952e+00, 1.477907e+00
7.890625e-01, 1.567977e+00, 1.537446e+00
8.046875e-01, 1.567977e+00, 1.597889e+00
8.203125e-01, 1.690462e+00, 1.659164e+00
8.359375e-01, 1.690462e+00, 1.721194e+00
8.515625e-01, 1.815796e+00, 1.783898e+00
8.671875e-01, 1.815796e+00, 1.847191e+00
8.828125e-01, 1.943301e+00, 1.910985e+00
8.984375e-01, 1.943301e+00, 1.975187e+00
9.140625e-01, 2.072240e+00, 2.039702e+00
9.296875e-01, 2.072240e+00, 2.104431e+00
9.453125e-01, 2.201824e+00, 2.169271e+00
9.609375e-01, 2.201824e+00, 2.234119e+00
9.765625e-01, 2.331217e+00, 2.298868e+00
9.921875e-01, 2.331217e+00, 2.363408e+00
1.007813e+00, 2.459552e+00, 2.427629e+00
1.023438e+00, 2.459552e+00, 2.491419e+00
1.039063e+00, 2.585933e+00, 2.554664e+00
1.054688e+00, 2.585933e+00, 2.617250e+00
1.070313e+00, 2.709448e+00, 2.679063e+00
1.085938e+00, 2.709448e+00, 2.739988e+00
1.101563e+00, 2.829184e+00, 2.799911e+00
1.117188e+00, 2.829184e+00, 2.858717e+00
1.132813e+00, 2.944229e+00, 2.916293e+00
1.148438e+00, 2.944229e+00, 2.972529e+00
1.164063e+00, 3.053693e+00, 3.027312e+00
1.179688e+00, 3.053693e+00, 3.080536e+00
1.195313e+00, 3.156709e+00, 3.132094e+00
1.210938e+00, 3.156709e+00, 3.181883e+00
1.226563e+00, 3.252453e+00, 3.229801e+00
1.242188e+00, 3.252453e+00, 3.275751e+00
1.257813e+00, 3.340146e+00, 3.319640e+00
1.273438e+00, 3.340146e+00, 3.361377e+00
1.289063e+00, 3.419066e+00, 3.400876e+00
1.304688e+00, 3.419066e+00, 3.438054e+00
1.320313e+00, 3.488560e+00, 3.472835e+00
1.335938e+00, 3.488560e+00, 3.505145e+00
1.351563e+00, 3.548045e+00, 3.534916e+00
1.367188e+00, 3.548045e+00, 3.562086e+00
1.382813e+00, 3.597022e+00, 3.586598e+00
1.398438e+00, 3.597022e+00, 3.608399e+00
1.414063e+00, 3.635075e+00, 3.627444e+00
1.429688e+00, 3.635075e+00, 3.643692e+00
1.445313e+00, 3.661883e+00, 3.657108e+00
1.460938e+00, 3.661883e+00, 3.667664e+00
1.476563e+00, 3.677217e+00, 3.675337e+00
1.492188e+00, 3.677217e+00, 3.680111e+00
1.507813e+00, 3.680945e+00, 3.681976e+00
1.523438e+00, 3.680945e+00, 3.680928e+00
1.539063e+00, 3.673037e+00, 3.676968e+00
1.554688e+00, 3.673037e+00, 3.670106e+00
1.570313e+00, 3.653559e+00, 3.660356e+00
1.585938e+00, 3.653559e+00, 3.647739e+00
1.601563e+00, 3.622678e+00, 3.632281e+00
1.617188e+00, 3.622678e+00, 3.614017e+00
1.632813e+00, 3.580656e+00, 3.592983e+00
1.648438e+00, 3.580656e+00, 3.569226e+00
1.664063e+00, 3.527850e+00, 3.542795e+00
1.679688e+00, 3.527850e+00, 3.513747e+00
1.695313e+00, 3.464705e+00, 3.482142e+00
1.710938e+00, 3.464705e+00, 3.448046e+00
1.726563e+00, 3.391752e+00, 3.411532e+00
1.742188e+00, 3.391752e+00, 3.372676e+00
1.757813e+00, 3.309600e+00, 3.331558e+00
1.773438e+00, 3.309600e+00, 3.288263e+00
1.789063e+00, 3.218927e+00, 3.242881e+00
1.804688e+00, 3.218927e+00, 3.195505e+00
1.820313e+00, 3.120476e+00, 3.146230e+00
1.835938e+00, 3.120476e+00, 3.095158e+00
1.851563e+00, 3.015044e+00, 3.042390e+00
1.867188e+00, 3.015044e+00, 2.988033e+00
1.882813e+00, 2.903472e+00, 2.932193e+00
1.898438e+00, 2.903472e+00, 2.874982e+00
1.914063e+00, 2.786635e+00, 2.816509e+00
1.929688e+00, 2.786635e+00, 2.756888e+00
1.945313e+00, 2.665435e+00, 2.696232e+00
1.960938e+00, 2.665435e+00, 2.634656e+00
1.976563e+00, 2.540783e+00, 2.572275e+00
1.992188e+00, 2.540783e+00, 2.509203e+00
2.007813e+00, 2.413594e+00, 2.445554e+00
2.023438e+00, 2.413594e+00, 2.381443e+00
2.039063e+00, 2.284774e+00, 2.316981e+00
2.054688e+00, 2.284774e+00, 2.252280e+00
2.070313e+00, 2.155212e+00, 2.187449e+00
2.085938e+00, 2.155212e+00, 2.122595e+00
2.101563e+00, 2.025764e+00, 2.057825e+00
2.117188e+00, 2.025764e+00, 1.993240e+00
2.132813e+00, 1.897250e+00, 1.928940e+00
2.148438e+00, 1.897250e+00, 1.865022e+00
2.164063e+00, 1.770441e+00, 1.801580e+00
2.179688e+00, 1.770441e+00, 1.738702e+00
2.195313e+00, 1.646054e+00, 1.676475e+00
2.210938e+00, 1.646054e+00, 1.614981e+00
2.226563e+00, 1.524744e+00, 1.554297e+00
2.242188e+00, 1.524744e+00, 1.494498e+00
2.257813e+00, 1.407097e+00, 1.435652e+00
2.273438e+00, 1.407097e+00, 1.377824e+00
2.289063e+00, 1.293632e+00, 1.321073e+00
2.304688e+00, 1.293632e+00, 1.265457e+00
2.320313e+00, 1.184790e+00, 1.211024e+00
2.335938e+00, 1.184790e+00, 1.157820e+00
2.351563e+00, 1.080938e+00, 1.105888e+00
2.367188e+00, 1.080938e+00, 1.055263e+00
2.382813e+00, 9.823686e-01, 1.005977e+00
2.398438e+00, 9.823686e-01, 9.580565e-01
2.414063e+00, 8.892992e-01, 9.115250e-01
2.429688e+00, 8.892992e-01, 8.664003e-01
2.445313e+00, 8.018752e-01, 8.226959e-01
2.460938e+00, 8.018752e-01, 7.804213e-01
2.476563e+00, 7.201736e-01, 7.395820e-01
2.492188e+00, 7.201736e-01, 7.001793e-01
2.507813e+00, 6.442071e-01, 6.622108e-01
2.523438e+00, 6.442071e-01, 6.256706e-01
2.539063e+00, 5.739294e-01, 5.905493e-01
2.554688e+00, 5.739294e-01, 5.568342e-01
2.570313e+00, 5.092408e-01, 5.245095e-01
2.585938e+00, 5.092408e-01, 4.935568e-01
2.601563e+00, 4.499944e-01, 4.639549e-01
2.617188e+00, 4.499944e-01, 4.356800e-01
2.632813e+00, 3.960025e-01, 4.087063e-01
2.648438e+00, 3.960025e-01, 3.830060e-01
2.664063e+00, 3.470434e-01, 3.585492e-01
2.679688e+00, 3.470434e-01, 3.353047e-01
2.695313e+00, 3.028679e-01, 3.132397e-01
2.710938e+00, 3.028679e-01, 2.923204e-01
2.726563e+00, 2.632055e-01, 2.725116e-01
2.742188e+00, 2.632055e-01, 2.537776e-01
2.757813e+00, 2.277710e-01, 2.360819e-01
2.773438e+00, 2.277710e-01, 2.193876e-01
2.789063e+00, 1.962696e-01, 2.036574e-01
2.804688e+00, 1.962696e-01, 1.888538e-01
2.820313e+00, 1.684025e-01, 1.749394e-01
2.835938e+00, 1.684025e-01, 1.618769e-01
2.851563e+00, 1.438717e-01, 1.496291e-01
2.867188e+00, 1.438717e-01, 1.381593e-01
2.882813e+00, 1.223838e-01, 1.274314e-01
2.898438e+00, 1.223838e-01, 1.174095e-01
2.914063e+00, 1.036537e-01, 1.080588e-01
2.929688e+00, 1.036537e-01, 9.934489e-02
2.945313e+00, 8.740764e-02, 9.123445e-02
2.960938e+00, 8.740764e-02, 8.369490e-02
2.976563e+00, 7.338531e-02, 7.669464e-02
2.992188e+00, 7.338531e-02, 7.020304e-02
3.007813e+00, 6.134167e-02, 6.419050e-02
3.023438e+00, 6.134167e-02, 5.862850e-02
3.039063e+00, 5.104824e-02, 5.348955e-02
3.054688e+00, 5.104824e-02, 4.874729e-02
3.070313e+00, 4.229382e-02, 4.437644e-02
3.085938e+00, 4.229382e-02, 4.035284e-02
3.101563e+00, 3.488482e-02, 3.665342e-02
3.117188e+00, 3.488482e-02, 3.325623e-02
3.132813e+00, 2.864522e-02, 3.014039e-02
3.148438e+00, 2.864522e-02, 2.728607e-02
3.164063e+00, 2.341623e-02, 2.467454e-02
3.179688e+00, 2.341623e-02, 2.228805e-02
3.195313e+00, 1.905566e-02, 2.010987e-02
3.210938e+00, 1.905566e-02, 1.812425e-02
3.226563e+00, 1.543713e-02, 1.631638e-02
3.242188e+00, 1.543713e-02, 1.467235e-02
3.257813e+00, 1.244911e-02, 1.317914e-02
3.273438e+00, 1.244911e-02, 1.182457e-02
3.289063e+00, 9.993856e-03, 1.059726e-02
3.304688e+00, 9.993857e-03, 9.486626e-03
3.320313e+00, 7.986282e-03, 8.482793e-03
3.335938e+00, 7.986283e-03, 7.576600e-03
3.351563e+00, 6.352829e-03, 6.759547e-03
3.367188e+00, 6.352831e-03, 6.023766e-03
3.382813e+00, 5.030312e-03, 5.361981e-03
3.398438e+00, 5.030315e-03, 4.767476e-03
3.414063e+00, 3.964809e-03, 4.234063e-03
3.429688e+00, 3.964814e-03, 3.756048e-03
3.445313e+00, 3.110598e-03, 3.328200e-03
3.460938e+00, 3.110605e-03, 2.945722e-03
3.476563e+00, 2.429150e-03, 2.604219e-03
3.492188e+00, 2.429160e-03, 2.299674e-03
3.507813e+00, 1.888202e-03, 2.028419e-03
3.523438e+00, 1.888217e-03, 1.787109e-03
3.539063e+00, 1.460903e-03, 1.572700e-03
3.554688e+00, 1.460925e-03, 1.382426e-03
3.570313e+00, 1.125039e-03, 1.213776e-03
3.585938e+00, 1.125071e-03, 1.064475e-03
3.601563e+00, 8.623474e-04, 9.324641e-04
3.617188e+00, 8.623946e-04, 8.158835e-04
3.632813e+00, 6.578999e-04, 7.130553e-04
3.648438e+00, 6.579685e-04, 6.224676e-04
3.664063e+00, 4.995676e-04, 5.427608e-04
3.679688e+00, 4.996667e-04, 4.727135e-04
3.695313e+00, 3.775533e-04, 4.112301e-04
3.710938e+00, 3.776957e-04, 3.573294e-04
3.726563e+00, 2.839889e-04, 3.101340e-04
3.742188e+00, 2.841927e-04, 2.688600e-04
3.757813e+00, 2.125923e-04, 2.328085e-04
3.773438e+00, 2.128825e-04, 2.013572e-04
3.789063e+00, 1.583759e-04, 1.739525e-04
3.804688e+00, 1.587871e-04, 1.501029e-04
3.820313e+00, 1.174018e-04, 1.293725e-04
3.835938e+00, 1.179816e-04, 1.113754e-04
3.851563e+00, 8.657805e-05, 9.577021e-05
3.867188e+00, 8.739147e-05, 8.225554e-05
3.882813e+00, 6.348908e-05, 7.056563e-05
3.898438e+00, 6.462461e-05, 6.046642e-05
3.914063e+00, 4.625695e-05, 5.175210e-05
3.929688e+00, 4.783436e-05, 4.424194e-05
3.945313e+00, 3.342757e-05, 3.777743e-05
3.960938e+00, 3.560799e-05, 3.221978e-05
3.976563e+00, 2.387822e-05, 2.744759e-05
3.992188e+00, 2.687735e-05, 2.335486e-05
4.000000e+00, 2.153391e-05, 2.153391e-05


