#At time: 0.000000e+00, nsteps= 0


-5.000000e+00, 5.242886e-22, 5.242886e-22
-4.984375e+00, 6.523284e-22, 6.523284e-22
-4.953125e+00, 1.008375e-21, 1.008375e-21
-4.921875e+00, 1.555712e-21, 1.555712e-21
-4.890625e+00, 2.395457e-21, 2.395457e-21
-4.859375e+00, 3.681284e-21, 3.681284e-21
-4.828125e+00, 5.646274e-21, 5.646274e-21
-4.796875e+00, 8.643237e-21, 8.643237e-21
-4.765625e+00, 1.320513e-20, 1.320513e-20
-4.734375e+00, 2.013542e-20, 2.013542e-20
-4.703125e+00, 3.064294e-20, 3.064294e-20
-4.671875e+00, 4.654274e-20, 4.654274e-20
-4.640625e+00, 7.055458e-20, 7.055458e-20
-4.609375e+00, 1.067457e-19, 1.067457e-19
-4.578125e+00, 1.611859e-19, 1.611859e-19
-4.546875e+00, 2.429158e-19, 2.429158e-19
-4.515625e+00, 3.653727e-19, 3.653727e-19
-4.484375e+00, 5.484893e-19, 5.484893e-19
-4.453125e+00, 8.217734e-19, 8.217734e-19
-4.421875e+00, 1.228819e-18, 1.228819e-18
-4.390625e+00, 1.833898e-18, 1.833898e-18
-4.359375e+00, 2.731583e-18, 2.731583e-18
-4.328125e+00, 4.060742e-18, 4.060742e-18
-4.296875e+00, 6.024876e-18, 6.024876e-18
-4.265625e+00, 8.921598e-18, 8.921598e-18
-4.234375e+00, 1.318527e-17, 1.318527e-17
-4.203125e+00, 1.944854e-17, 1.944854e-17
-4.171875e+00, 2.863102e-17, 2.863102e-17
-4.140625e+00, 4.206669e-17, 4.206669e-17
-4.109375e+00, 6.168673e-17, 6.168673e-17
-4.078125e+00, 9.028110e-17, 9.028110e-17
-4.046875e+00, 1.318723e-16, 1.318723e-16
-4.015625e+00, 1.922483e-16, 1.922483e-16
-3.984375e+00, 2.797196e-16, 2.797196e-16
-3.953125e+00, 4.061954e-16, 4.061954e-16
-3.921875e+00, 5.887067e-16, 5.887067e-16
-3.890625e+00, 8.515590e-16, 8.515590e-16
-3.859375e+00, 1.229369e-15, 1.229369e-15
-3.828125e+00, 1.771338e-15, 1.771338e-15
-3.796875e+00, 2.547256e-15, 2.547256e-15
-3.765625e+00, 3.655909e-15, 3.655909e-15
-3.734375e+00, 5.236848e-15, 5.236848e-15
-3.703125e+00, 7.486801e-15, 7.486801e-15
-3.671875e+00, 1.068254e-14, 1.068254e-14
-3.640625e+00, 1.521263e-14, 1.521263e-14
-3.609375e+00, 2.162151e-14, 2.162151e-14
-3.578125e+00, 3.067040e-14, 3.067040e-14
-3.546875e+00, 4.342147e-14, 4.342147e-14
-3.515625e+00, 6.135381e-14, 6.135381e-14
-3.484375e+00, 8.652274e-14, 8.652274e-14
-3.453125e+00, 1.217785e-13, 1.217785e-13
-3.421875e+00, 1.710657e-13, 1.710657e-13
-3.390625e+00, 2.398320e-13, 2.398320e-13
-3.359375e+00, 3.355852e-13, 3.355852e-13
-3.328125e+00, 4.686519e-13, 4.686519e-13
-3.296875e+00, 6.532054e-13, 6.532054e-13
-3.265625e+00, 9.086589e-13, 9.086589e-13
-3.234375e+00, 1.261548e-12, 1.261548e-12
-3.203125e+00, 1.748068e-12, 1.748068e-12
-3.171875e+00, 2.417491e-12, 2.417491e-12
-3.140625e+00, 3.336745e-12, 3.336745e-12
-3.109375e+00, 4.596560e-12, 4.596560e-12
-3.078125e+00, 6.319674e-12, 6.319674e-12
-3.046875e+00, 8.671778e-12, 8.671778e-12
-3.015625e+00, 1.187609e-11, 1.187609e-11
-2.984375e+00, 1.623269e-11, 1.623269e-11
-2.953125e+00, 2.214416e-11, 2.214416e-11
-2.921875e+00, 3.014948e-11, 3.014948e-11
-2.890625e+00, 4.096869e-11, 4.096869e-11
-2.859375e+00, 5.556179e-11, 5.556179e-11
-2.828125e+00, 7.520593e-11, 7.520593e-11
-2.796875e+00, 1.015967e-10, 1.015967e-10
-2.765625e+00, 1.369806e-10, 1.369806e-10
-2.734375e+00, 1.843276e-10, 1.843276e-10
-2.703125e+00, 2.475559e-10, 2.475559e-10
-2.671875e+00, 3.318241e-10, 3.318241e-10
-2.640625e+00, 4.439095e-10, 4.439095e-10
-2.609375e+00, 5.926970e-10, 5.926970e-10
-2.578125e+00, 7.898102e-10, 7.898102e-10
-2.546875e+00, 1.050424e-09, 1.050424e-09
-2.515625e+00, 1.394306e-09, 1.394306e-09
-2.484375e+00, 1.847155e-09, 1.847155e-09
-2.453125e+00, 2.442308e-09, 2.442308e-09
-2.421875e+00, 3.222919e-09, 3.222919e-09
-2.390625e+00, 4.244729e-09, 4.244729e-09
-2.359375e+00, 5.579591e-09, 5.579591e-09
-2.328125e+00, 7.319923e-09, 7.319923e-09
-2.296875e+00, 9.584345e-09, 9.584345e-09
-2.265625e+00, 1.252478e-08, 1.252478e-08
-2.234375e+00, 1.633539e-08, 1.633539e-08
-2.203125e+00, 2.126380e-08, 2.126380e-08
-2.171875e+00, 2.762510e-08, 2.762510e-08
-2.140625e+00, 3.581943e-08, 3.581943e-08
-2.109375e+00, 4.635378e-08, 4.635378e-08
-2.078125e+00, 5.986921e-08, 5.986921e-08
-2.046875e+00, 7.717446e-08, 7.717446e-08
-2.015625e+00, 9.928770e-08, 9.928770e-08
-1.984375e+00, 1.274879e-07, 1.274879e-07
-1.953125e+00, 1.633783e-07, 1.633783e-07
-1.921875e+00, 2.089641e-07, 2.089641e-07
-1.890625e+00, 2.667476e-07, 2.667476e-07
-1.859375e+00, 3.398453e-07, 3.398453e-07
-1.828125e+00, 4.321293e-07, 4.321293e-07
-1.796875e+00, 5.484006e-07, 5.484006e-07
-1.765625e+00, 6.945986e-07, 6.945986e-07
-1.734375e+00, 8.780550e-07, 8.780550e-07
-1.703125e+00, 1.107800e-06, 1.107800e-06
-1.671875e+00, 1.394930e-06, 1.394930e-06
-1.640625e+00, 1.753055e-06, 1.753055e-06
-1.609375e+00, 2.198824e-06, 2.198824e-06
-1.578125e+00, 2.752562e-06, 2.752562e-06
-1.546875e+00, 3.439026e-06, 3.439026e-06
-1.515625e+00, 4.288304e-06, 4.288304e-06
-1.484375e+00, 5.336881e-06, 5.336881e-06
-1.453125e+00, 6.628896e-06, 6.628896e-06
-1.421875e+00, 8.217632e-06, 8.217632e-06
-1.390625e+00, 1.016726e-05, 1.016726e-05
-1.359375e+00, 1.255489e-05, 1.255489e-05
-1.328125e+00, 1.547297e-05, 1.547297e-05
-1.296875e+00, 1.903208e-05, 1.903208e-05
-1.265625e+00, 2.336418e-05, 2.336418e-05
-1.234375e+00, 2.862639e-05, 2.862639e-05
-1.203125e+00, 3.500535e-05, 3.500535e-05
-1.171875e+00, 4.272224e-05, 4.272224e-05
-1.140625e+00, 5.203857e-05, 5.203857e-05
-1.109375e+00, 6.326281e-05, 6.326281e-05
-1.078125e+00, 7.675796e-05, 7.675796e-05
-1.046875e+00, 9.295015e-05, 9.295015e-05
-1.015625e+00, 1.123385e-04, 1.123385e-04
-9.843750e-01, 1.355061e-04, 1.355061e-04
-9.531250e-01, 1.631326e-04, 1.631326e-04
-9.218750e-01, 1.960083e-04, 1.960083e-04
-8.906250e-01, 2.350499e-04, 2.350499e-04
-8.593750e-01, 2.813178e-04, 2.813178e-04
-8.281250e-01, 3.360364e-04, 3.360364e-04
-7.968750e-01, 4.006150e-04, 4.006150e-04
-7.656250e-01, 4.766721e-04, 4.766721e-04
-7.343750e-01, 5.660622e-04, 5.660622e-04
-7.031250e-01, 6.709038e-04, 6.709038e-04
-6.718750e-01, 7.936119e-04, 7.936119e-04
-6.406250e-01, 9.369315e-04, 9.369315e-04
-6.093750e-01, 1.103975e-03, 1.103975e-03
-5.781250e-01, 1.298262e-03, 1.298262e-03
-5.468750e-01, 1.523763e-03, 1.523763e-03
-5.156250e-01, 1.784942e-03, 1.784942e-03
-4.843750e-01, 2.086809e-03, 2.086809e-03
-4.531250e-01, 2.434967e-03, 2.434967e-03
-4.218750e-01, 2.835666e-03, 2.835666e-03
-3.906250e-01, 3.295861e-03, 3.295861e-03
-3.593750e-01, 3.823265e-03, 3.823265e-03
-3.281250e-01, 4.426412e-03, 4.426412e-03
-2.968750e-01, 5.114709e-03, 5.114709e-03
-2.656250e-01, 5.898503e-03, 5.898503e-03
-2.343750e-01, 6.789136e-03, 6.789136e-03
-2.031250e-01, 7.799000e-03, 7.799000e-03
-1.718750e-01, 8.941597e-03, 8.941597e-03
-1.406250e-01, 1.023159e-02, 1.023159e-02
-1.093750e-01, 1.168484e-02, 1.168484e-02
-7.812500e-02, 1.331847e-02, 1.331847e-02
-4.687500e-02, 1.515087e-02, 1.515087e-02
-1.562500e-02, 1.720175e-02, 1.720175e-02
1.562500e-02, 1.949214e-02, 1.949214e-02
4.687500e-02, 2.204439e-02, 2.204439e-02
7.812500e-02, 2.488218e-02, 2.488218e-02
1.093750e-01, 2.803048e-02, 2.803048e-02
1.406250e-01, 3.151551e-02, 3.151551e-02
1.718750e-01, 3.536470e-02, 3.536470e-02
2.031250e-01, 3.960659e-02, 3.960659e-02
2.343750e-01, 4.427073e-02, 4.427073e-02
2.656250e-01, 4.938756e-02, 4.938756e-02
2.968750e-01, 5.498830e-02, 5.498830e-02
3.281250e-01, 6.110473e-02, 6.110473e-02
3.593750e-01, 6.776900e-02, 6.776900e-02
3.906250e-01, 7.501345e-02, 7.501345e-02
4.218750e-01, 8.287030e-02, 8.287030e-02
4.531250e-01, 9.137145e-02, 9.137145e-02
4.843750e-01, 1.005481e-01, 1.005481e-01
5.156250e-01, 1.104305e-01, 1.104305e-01
5.468750e-01, 1.210475e-01, 1.210475e-01
5.781250e-01, 1.324264e-01, 1.324264e-01
6.093750e-01, 1.445922e-01, 1.445922e-01
6.406250e-01, 1.575676e-01, 1.575676e-01
6.718750e-01, 1.713725e-01, 1.713725e-01
7.031250e-01, 1.860230e-01, 1.860230e-01
7.343750e-01, 2.015321e-01, 2.015321e-01
7.656250e-01, 2.179081e-01, 2.179081e-01
7.968750e-01, 2.351552e-01, 2.351552e-01
8.281250e-01, 2.532721e-01, 2.532721e-01
8.593750e-01, 2.722525e-01, 2.722525e-01
8.906250e-01, 2.920843e-01, 2.920843e-01
9.218750e-01, 3.127493e-01, 3.127493e-01
9.531250e-01, 3.342229e-01, 3.342229e-01
9.843750e-01, 3.564739e-01, 3.564739e-01
1.015625e+00, 3.794645e-01, 3.794645e-01
1.046875e+00, 4.031497e-01, 4.031497e-01
1.078125e+00, 4.274775e-01, 4.274775e-01
1.109375e+00, 4.523890e-01, 4.523890e-01
1.140625e+00, 4.778180e-01, 4.778180e-01
1.171875e+00, 5.036916e-01, 5.036916e-01
1.203125e+00, 5.299303e-01, 5.299303e-01
1.234375e+00, 5.564480e-01, 5.564480e-01
1.265625e+00, 5.831524e-01, 5.831524e-01
1.296875e+00, 6.099461e-01, 6.099461e-01
1.328125e+00, 6.367259e-01, 6.367259e-01
1.359375e+00, 6.633846e-01, 6.633846e-01
1.390625e+00, 6.898108e-01, 6.898108e-01
1.421875e+00, 7.158902e-01, 7.158902e-01
1.453125e+00, 7.415058e-01, 7.415058e-01
1.484375e+00, 7.665394e-01, 7.665394e-01
1.515625e+00, 7.908720e-01, 7.908720e-01
1.546875e+00, 8.143848e-01, 8.143848e-01
1.578125e+00, 8.369604e-01, 8.369604e-01
1.609375e+00, 8.584834e-01, 8.584834e-01
1.640625e+00, 8.788418e-01, 8.788418e-01
1.671875e+00, 8.979274e-01, 8.979274e-01
1.703125e+00, 9.156375e-01, 9.156375e-01
1.734375e+00, 9.318750e-01, 9.318750e-01
1.765625e+00, 9.465499e-01, 9.465499e-01
1.796875e+00, 9.595798e-01, 9.595798e-01
1.828125e+00, 9.708911e-01, 9.708911e-01
1.859375e+00, 9.804189e-01, 9.804189e-01
1.890625e+00, 9.881084e-01, 9.881084e-01
1.921875e+00, 9.939151e-01, 9.939151e-01
1.953125e+00, 9.978051e-01, 9.978051e-01
1.984375e+00, 9.997559e-01, 9.997559e-01
2.015625e+00, 9.997559e-01, 9.997559e-01
2.046875e+00, 9.978051e-01, 9.978051e-01
2.078125e+00, 9.939151e-01, 9.939151e-01
2.109375e+00, 9.881084e-01, 9.881084e-01
2.140625e+00, 9.804189e-01, 9.804189e-01
2.171875e+00, 9.708911e-01, 9.708911e-01
2.203125e+00, 9.595798e-01, 9.595798e-01
2.234375e+00, 9.465499e-01, 9.465499e-01
2.265625e+00, 9.318750e-01, 9.318750e-01
2.296875e+00, 9.156375e-01, 9.156375e-01
2.328125e+00, 8.979274e-01, 8.979274e-01
2.359375e+00, 8.788418e-01, 8.788418e-01
2.390625e+00, 8.584834e-01, 8.584834e-01
2.421875e+00, 8.369604e-01, 8.369604e-01
2.453125e+00, 8.143848e-01, 8.143848e-01
2.484375e+00, 7.908720e-01, 7.908720e-01
2.515625e+00, 7.665394e-01, 7.665394e-01
2.546875e+00, 7.415058e-01, 7.415058e-01
2.578125e+00, 7.158902e-01, 7.158902e-01
2.609375e+00, 6.898108e-01, 6.898108e-01
2.640625e+00, 6.633846e-01, 6.633846e-01
2.671875e+00, 6.367259e-01, 6.367259e-01
2.703125e+00, 6.099461e-01, 6.099461e-01
2.734375e+00, 5.831524e-01, 5.831524e-01
2.765625e+00, 5.564480e-01, 5.564480e-01
2.796875e+00, 5.299303e-01, 5.299303e-01
2.828125e+00, 5.036916e-01, 5.036916e-01
2.859375e+00, 4.778180e-01, 4.778180e-01
2.890625e+00, 4.523890e-01, 4.523890e-01
2.921875e+00, 4.274775e-01, 4.274775e-01
2.953125e+00, 4.031497e-01, 4.031497e-01
2.984375e+00, 3.794645e-01, 3.794645e-01
3.015625e+00, 3.564739e-01, 3.564739e-01
3.046875e+00, 3.342229e-01, 3.342229e-01
3.078125e+00, 3.127493e-01, 3.127493e-01
3.109375e+00, 2.920843e-01, 2.920843e-01
3.140625e+00, 2.722525e-01, 2.722525e-01
3.171875e+00, 2.532721e-01, 2.532721e-01
3.203125e+00, 2.351552e-01, 2.351552e-01
3.234375e+00, 2.179081e-01, 2.179081e-01
3.265625e+00, 2.015321e-01, 2.015321e-01
3.296875e+00, 1.860230e-01, 1.860230e-01
3.328125e+00, 1.713725e-01, 1.713725e-01
3.359375e+00, 1.575676e-01, 1.575676e-01
3.390625e+00, 1.445922e-01, 1.445922e-01
3.421875e+00, 1.324264e-01, 1.324264e-01
3.453125e+00, 1.210475e-01, 1.210475e-01
3.484375e+00, 1.104305e-01, 1.104305e-01
3.515625e+00, 1.005481e-01, 1.005481e-01
3.546875e+00, 9.137145e-02, 9.137145e-02
3.578125e+00, 8.287030e-02, 8.287030e-02
3.609375e+00, 7.501345e-02, 7.501345e-02
3.640625e+00, 6.776900e-02, 6.776900e-02
3.671875e+00, 6.110473e-02, 6.110473e-02
3.703125e+00, 5.498830e-02, 5.498830e-02
3.734375e+00, 4.938756e-02, 4.938756e-02
3.765625e+00, 4.427073e-02, 4.427073e-02
3.796875e+00, 3.960659e-02, 3.960659e-02
3.828125e+00, 3.536470e-02, 3.536470e-02
3.859375e+00, 3.151551e-02, 3.151551e-02
3.890625e+00, 2.803048e-02, 2.803048e-02
3.921875e+00, 2.488218e-02, 2.488218e-02
3.953125e+00, 2.204439e-02, 2.204439e-02
3.984375e+00, 1.949214e-02, 1.949214e-02
4.015625e+00, 1.720175e-02, 1.720175e-02
4.046875e+00, 1.515087e-02, 1.515087e-02
4.078125e+00, 1.331847e-02, 1.331847e-02
4.109375e+00, 1.168484e-02, 1.168484e-02
4.140625e+00, 1.023159e-02, 1.023159e-02
4.171875e+00, 8.941597e-03, 8.941597e-03
4.203125e+00, 7.799000e-03, 7.799000e-03
4.234375e+00, 6.789136e-03, 6.789136e-03
4.265625e+00, 5.898503e-03, 5.898503e-03
4.296875e+00, 5.114709e-03, 5.114709e-03
4.328125e+00, 4.426412e-03, 4.426412e-03
4.359375e+00, 3.823265e-03, 3.823265e-03
4.390625e+00, 3.295861e-03, 3.295861e-03
4.421875e+00, 2.835666e-03, 2.835666e-03
4.453125e+00, 2.434967e-03, 2.434967e-03
4.484375e+00, 2.086809e-03, 2.086809e-03
4.515625e+00, 1.784942e-03, 1.784942e-03
4.546875e+00, 1.523763e-03, 1.523763e-03
4.578125e+00, 1.298262e-03, 1.298262e-03
4.609375e+00, 1.103975e-03, 1.103975e-03
4.640625e+00, 9.369315e-04, 9.369315e-04
4.671875e+00, 7.936119e-04, 7.936119e-04
4.703125e+00, 6.709038e-04, 6.709038e-04
4.734375e+00, 5.660622e-04, 5.660622e-04
4.765625e+00, 4.766721e-04, 4.766721e-04
4.796875e+00, 4.006150e-04, 4.006150e-04
4.828125e+00, 3.360364e-04, 3.360364e-04
4.859375e+00, 2.813178e-04, 2.813178e-04
4.890625e+00, 2.350499e-04, 2.350499e-04
4.921875e+00, 1.960083e-04, 1.960083e-04
4.953125e+00, 1.631326e-04, 1.631326e-04
4.984375e+00, 1.355061e-04, 1.355061e-04
5.015625e+00, 1.123385e-04, 1.123385e-04
5.046875e+00, 9.295015e-05, 9.295015e-05
5.078125e+00, 7.675796e-05, 7.675796e-05
5.109375e+00, 6.326281e-05, 6.326281e-05
5.140625e+00, 5.203857e-05, 5.203857e-05
5.171875e+00, 4.272224e-05, 4.272224e-05
5.203125e+00, 3.500535e-05, 3.500535e-05
5.234375e+00, 2.862639e-05, 2.862639e-05
5.265625e+00, 2.336418e-05, 2.336418e-05
5.296875e+00, 1.903208e-05, 1.903208e-05
5.328125e+00, 1.547297e-05, 1.547297e-05
5.359375e+00, 1.255489e-05, 1.255489e-05
5.390625e+00, 1.016726e-05, 1.016726e-05
5.421875e+00, 8.217632e-06, 8.217632e-06
5.453125e+00, 6.628896e-06, 6.628896e-06
5.484375e+00, 5.336881e-06, 5.336881e-06
5.515625e+00, 4.288304e-06, 4.288304e-06
5.546875e+00, 3.439026e-06, 3.439026e-06
5.578125e+00, 2.752562e-06, 2.752562e-06
5.609375e+00, 2.198824e-06, 2.198824e-06
5.640625e+00, 1.753055e-06, 1.753055e-06
5.671875e+00, 1.394930e-06, 1.394930e-06
5.703125e+00, 1.107800e-06, 1.107800e-06
5.734375e+00, 8.780550e-07, 8.780550e-07
5.765625e+00, 6.945986e-07, 6.945986e-07
5.796875e+00, 5.484006e-07, 5.484006e-07
5.828125e+00, 4.321293e-07, 4.321293e-07
5.859375e+00, 3.398453e-07, 3.398453e-07
5.890625e+00, 2.667476e-07, 2.667476e-07
5.921875e+00, 2.089641e-07, 2.089641e-07
5.953125e+00, 1.633783e-07, 1.633783e-07
5.984375e+00, 1.274879e-07, 1.274879e-07
6.015625e+00, 9.928770e-08, 9.928770e-08
6.046875e+00, 7.717446e-08, 7.717446e-08
6.078125e+00, 5.986921e-08, 5.986921e-08
6.109375e+00, 4.635378e-08, 4.635378e-08
6.140625e+00, 3.581943e-08, 3.581943e-08
6.171875e+00, 2.762510e-08, 2.762510e-08
6.203125e+00, 2.126380e-08, 2.126380e-08
6.234375e+00, 1.633539e-08, 1.633539e-08
6.265625e+00, 1.252478e-08, 1.252478e-08
6.296875e+00, 9.584345e-09, 9.584345e-09
6.328125e+00, 7.319923e-09, 7.319923e-09
6.359375e+00, 5.579591e-09, 5.579591e-09
6.390625e+00, 4.244729e-09, 4.244729e-09
6.421875e+00, 3.222919e-09, 3.222919e-09
6.453125e+00, 2.442308e-09, 2.442308e-09
6.484375e+00, 1.847155e-09, 1.847155e-09
6.515625e+00, 1.394306e-09, 1.394306e-09
6.546875e+00, 1.050424e-09, 1.050424e-09
6.578125e+00, 7.898102e-10, 7.898102e-10
6.609375e+00, 5.926970e-10, 5.926970e-10
6.640625e+00, 4.439095e-10, 4.439095e-10
6.671875e+00, 3.318241e-10, 3.318241e-10
6.703125e+00, 2.475559e-10, 2.475559e-10
6.734375e+00, 1.843276e-10, 1.843276e-10
6.765625e+00, 1.369806e-10, 1.369806e-10
6.796875e+00, 1.015967e-10, 1.015967e-10
6.828125e+00, 7.520593e-11, 7.520593e-11
6.859375e+00, 5.556179e-11, 5.556179e-11
6.890625e+00, 4.096869e-11, 4.096869e-11
6.921875e+00, 3.014948e-11, 3.014948e-11
6.953125e+00, 2.214416e-11, 2.214416e-11
6.984375e+00, 1.623269e-11, 1.623269e-11
7.015625e+00, 1.187609e-11, 1.187609e-11
7.046875e+00, 8.671778e-12, 8.671778e-12
7.078125e+00, 6.319674e-12, 6.319674e-12
7.109375e+00, 4.596560e-12, 4.596560e-12
7.140625e+00, 3.336745e-12, 3.336745e-12
7.171875e+00, 2.417491e-12, 2.417491e-12
7.203125e+00, 1.748068e-12, 1.748068e-12
7.234375e+00, 1.261548e-12, 1.261548e-12
7.265625e+00, 9.086589e-13, 9.086589e-13
7.296875e+00, 6.532054e-13, 6.532054e-13
7.328125e+00, 4.686519e-13, 4.686519e-13
7.359375e+00, 3.355852e-13, 3.355852e-13
7.390625e+00, 2.398320e-13, 2.398320e-13
7.421875e+00, 1.710657e-13, 1.710657e-13
7.453125e+00, 1.217785e-13, 1.217785e-13
7.484375e+00, 8.652274e-14, 8.652274e-14
7.515625e+00, 6.135381e-14, 6.135381e-14
7.546875e+00, 4.342147e-14, 4.342147e-14
7.578125e+00, 3.067040e-14, 3.067040e-14
7.609375e+00, 2.162151e-14, 2.162151e-14
7.640625e+00, 1.521263e-14, 1.521263e-14
7.671875e+00, 1.068254e-14, 1.068254e-14
7.703125e+00, 7.486801e-15, 7.486801e-15
7.734375e+00, 5.236848e-15, 5.236848e-15
7.765625e+00, 3.655909e-15, 3.655909e-15
7.796875e+00, 2.547256e-15, 2.547256e-15
7.828125e+00, 1.771338e-15, 1.771338e-15
7.859375e+00, 1.229369e-15, 1.229369e-15
7.890625e+00, 8.515590e-16, 8.515590e-16
7.921875e+00, 5.887067e-16, 5.887067e-16
7.953125e+00, 4.061954e-16, 4.061954e-16
7.984375e+00, 2.797196e-16, 2.797196e-16
8.000000e+00, 2.319523e-16, 2.319523e-16


#At time: 2.500000e+01, nsteps= 512


-5.000000e+00, 3.707280e-22, 1.619087e-11
-4.984375e+00, 3.279905e-12, 1.806002e-11
-4.953125e+00, 9.989693e-12, 2.245411e-11
-4.921875e+00, 1.715565e-11, 2.789007e-11
-4.890625e+00, 2.510290e-11, 3.460821e-11
-4.859375e+00, 3.418889e-11, 4.290270e-11
-4.828125e+00, 4.481802e-11, 5.313320e-11
-4.796875e+00, 5.745792e-11, 6.573902e-11
-4.765625e+00, 7.265815e-11, 8.125617e-11
-4.734375e+00, 9.107177e-11, 1.003380e-10
-4.703125e+00, 1.134808e-10, 1.237799e-10
-4.671875e+00, 1.408260e-10, 1.525496e-10
-4.640625e+00, 1.742428e-10, 1.878225e-10
-4.609375e+00, 2.151034e-10, 2.310256e-10
-4.578125e+00, 2.650676e-10, 2.838890e-10
-4.546875e+00, 3.261434e-10, 3.485081e-10
-4.515625e+00, 4.007592e-10, 4.274182e-10
-4.484375e+00, 4.918503e-10, 5.236837e-10
-4.453125e+00, 6.029622e-10, 6.410044e-10
-4.421875e+00, 7.383739e-10, 7.838426e-10
-4.390625e+00, 9.032447e-10, 9.575746e-10
-4.359375e+00, 1.103789e-09, 1.168671e-09
-4.328125e+00, 1.347487e-09, 1.424911e-09
-4.296875e+00, 1.643326e-09, 1.735638e-09
-4.265625e+00, 2.002105e-09, 2.112060e-09
-4.234375e+00, 2.436773e-09, 2.567612e-09
-4.203125e+00, 2.962849e-09, 3.118376e-09
-4.171875e+00, 3.598909e-09, 3.783584e-09
-4.140625e+00, 4.367166e-09, 4.586213e-09
-4.109375e+00, 5.294151e-09, 5.553680e-09
-4.078125e+00, 6.411518e-09, 6.718672e-09
-4.046875e+00, 7.756998e-09, 8.120109e-09
-4.015625e+00, 9.375508e-09, 9.804291e-09
-3.984375e+00, 1.132047e-08, 1.182623e-08
-3.953125e+00, 1.365534e-08, 1.425124e-08
-3.921875e+00, 1.645544e-08, 1.715673e-08
-3.890625e+00, 1.981003e-08, 2.063443e-08
-3.859375e+00, 2.382482e-08, 2.479283e-08
-3.828125e+00, 2.862483e-08, 2.976019e-08
-3.796875e+00, 3.435780e-08, 3.568792e-08
-3.765625e+00, 4.119807e-08, 4.275458e-08
-3.734375e+00, 4.935118e-08, 5.117054e-08
-3.703125e+00, 5.905918e-08, 6.118334e-08
-3.671875e+00, 7.060682e-08, 7.308398e-08
-3.640625e+00, 8.432867e-08, 8.721419e-08
-3.609375e+00, 1.006175e-07, 1.039748e-07
-3.578125e+00, 1.199336e-07, 1.238354e-07
-3.546875e+00, 1.428164e-07, 1.473456e-07
-3.515625e+00, 1.698967e-07, 1.751482e-07
-3.484375e+00, 2.019118e-07, 2.079937e-07
-3.453125e+00, 2.397222e-07, 2.467575e-07
-3.421875e+00, 2.843313e-07, 2.924600e-07
-3.390625e+00, 3.369077e-07, 3.462889e-07
-3.359375e+00, 3.988113e-07, 4.096250e-07
-3.328125e+00, 4.716219e-07, 4.840723e-07
-3.296875e+00, 5.571737e-07, 5.714916e-07
-3.265625e+00, 6.575936e-07, 6.740396e-07
-3.234375e+00, 7.753448e-07, 7.942128e-07
-3.203125e+00, 9.132771e-07, 9.348979e-07
-3.171875e+00, 1.074684e-06, 1.099430e-06
-3.140625e+00, 1.263366e-06, 1.291655e-06
-3.109375e+00, 1.483709e-06, 1.516008e-06
-3.078125e+00, 1.740758e-06, 1.777593e-06
-3.046875e+00, 2.040324e-06, 2.082280e-06
-3.015625e+00, 2.389079e-06, 2.436810e-06
-2.984375e+00, 2.794685e-06, 2.848920e-06
-2.953125e+00, 3.265924e-06, 3.327474e-06
-2.921875e+00, 3.812855e-06, 3.882620e-06
-2.890625e+00, 4.446983e-06, 4.525964e-06
-2.859375e+00, 5.181456e-06, 5.270758e-06
-2.828125e+00, 6.031279e-06, 6.132126e-06
-2.796875e+00, 7.013555e-06, 7.127297e-06
-2.765625e+00, 8.147761e-06, 8.275887e-06
-2.734375e+00, 9.456050e-06, 9.600197e-06
-2.703125e+00, 1.096359e-05, 1.112555e-05
-2.671875e+00, 1.269893e-05, 1.288069e-05
-2.640625e+00, 1.469444e-05, 1.489815e-05
-2.609375e+00, 1.698676e-05, 1.721477e-05
-2.578125e+00, 1.961732e-05, 1.987222e-05
-2.546875e+00, 2.263293e-05, 2.291750e-05
-2.515625e+00, 2.608636e-05, 2.640365e-05
-2.484375e+00, 3.003711e-05, 3.039042e-05
-2.453125e+00, 3.455211e-05, 3.494502e-05
-2.421875e+00, 3.970664e-05, 4.014299e-05
-2.390625e+00, 4.558517e-05, 4.606913e-05
-2.359375e+00, 5.228248e-05, 5.281851e-05
-2.328125e+00, 5.990471e-05, 6.049762e-05
-2.296875e+00, 6.857059e-05, 6.922552e-05
-2.265625e+00, 7.841283e-05, 7.913527e-05
-2.234375e+00, 8.957949e-05, 9.037531e-05
-2.203125e+00, 1.022357e-04, 1.031111e-04
-2.171875e+00, 1.165652e-04, 1.175268e-04
-2.140625e+00, 1.327723e-04, 1.338272e-04
-2.109375e+00, 1.510841e-04, 1.522396e-04
-2.078125e+00, 1.717524e-04, 1.730162e-04
-2.046875e+00, 1.950560e-04, 1.964363e-04
-2.015625e+00, 2.213036e-04, 2.228090e-04
-1.984375e+00, 2.508363e-04, 2.524757e-04
-1.953125e+00, 2.840306e-04, 2.858132e-04
-1.921875e+00, 3.213015e-04, 3.232368e-04
-1.890625e+00, 3.631058e-04, 3.652038e-04
-1.859375e+00, 4.099460e-04, 4.122167e-04
-1.828125e+00, 4.623737e-04, 4.648275e-04
-1.796875e+00, 5.209938e-04, 5.236414e-04
-1.765625e+00, 5.864691e-04, 5.893211e-04
-1.734375e+00, 6.595244e-04, 6.625915e-04
-1.703125e+00, 7.409515e-04, 7.442445e-04
-1.671875e+00, 8.316143e-04, 8.351438e-04
-1.640625e+00, 9.324540e-04, 9.362306e-04
-1.609375e+00, 1.044495e-03, 1.048528e-03
-1.578125e+00, 1.168849e-03, 1.173150e-03
-1.546875e+00, 1.306724e-03, 1.311302e-03
-1.515625e+00, 1.459429e-03, 1.464292e-03
-1.484375e+00, 1.628380e-03, 1.633536e-03
-1.453125e+00, 1.815106e-03, 1.820563e-03
-1.421875e+00, 2.021258e-03, 2.027021e-03
-1.390625e+00, 2.248615e-03, 2.254691e-03
-1.359375e+00, 2.499093e-03, 2.505483e-03
-1.328125e+00, 2.774746e-03, 2.781454e-03
-1.296875e+00, 3.077783e-03, 3.084808e-03
-1.265625e+00, 3.410567e-03, 3.417907e-03
-1.234375e+00, 3.775626e-03, 3.783278e-03
-1.203125e+00, 4.175662e-03, 4.183620e-03
-1.171875e+00, 4.613554e-03, 4.621809e-03
-1.140625e+00, 5.092370e-03, 5.100910e-03
-1.109375e+00, 5.615369e-03, 5.624180e-03
-1.078125e+00, 6.186012e-03, 6.195077e-03
-1.046875e+00, 6.807965e-03, 6.817263e-03
-1.015625e+00, 7.485108e-03, 7.494614e-03
-9.843750e-01, 8.221536e-03, 8.231223e-03
-9.531250e-01, 9.021571e-03, 9.031406e-03
-9.218750e-01, 9.889757e-03, 9.899705e-03
-8.906250e-01, 1.083087e-02, 1.084089e-02
-8.593750e-01, 1.184992e-02, 1.185997e-02
-8.281250e-01, 1.295216e-02, 1.296218e-02
-7.968750e-01, 1.414305e-02, 1.415300e-02
-7.656250e-01, 1.542832e-02, 1.543814e-02
-7.343750e-01, 1.681390e-02, 1.682353e-02
-7.031250e-01, 1.830598e-02, 1.831535e-02
-6.718750e-01, 1.991095e-02, 1.991999e-02
-6.406250e-01, 2.163544e-02, 2.164407e-02
-6.093750e-01, 2.348627e-02, 2.349442e-02
-5.781250e-01, 2.547047e-02, 2.547805e-02
-5.468750e-01, 2.759527e-02, 2.760220e-02
-5.156250e-01, 2.986807e-02, 2.987426e-02
-4.843750e-01, 3.229642e-02, 3.230177e-02
-4.531250e-01, 3.488803e-02, 3.489245e-02
-4.218750e-01, 3.765072e-02, 3.765412e-02
-3.906250e-01, 4.059243e-02, 4.059471e-02
-3.593750e-01, 4.372117e-02, 4.372222e-02
-3.281250e-01, 4.704498e-02, 4.704472e-02
-2.968750e-01, 5.057197e-02, 5.057029e-02
-2.656250e-01, 5.431021e-02, 5.430701e-02
-2.343750e-01, 5.826773e-02, 5.826292e-02
-2.031250e-01, 6.245249e-02, 6.244598e-02
-1.718750e-01, 6.687233e-02, 6.686403e-02
-1.406250e-01, 7.153496e-02, 7.152478e-02
-1.093750e-01, 7.644786e-02, 7.643573e-02
-7.812500e-02, 8.161829e-02, 8.160413e-02
-4.687500e-02, 8.705322e-02, 8.703698e-02
-1.562500e-02, 9.275929e-02, 9.274090e-02
1.562500e-02, 9.874276e-02, 9.872218e-02
4.687500e-02, 1.050094e-01, 1.049866e-01
7.812500e-02, 1.115647e-01, 1.115396e-01
1.093750e-01, 1.184133e-01, 1.183860e-01
1.406250e-01, 1.255595e-01, 1.255299e-01
1.718750e-01, 1.330069e-01, 1.329750e-01
2.031250e-01, 1.407583e-01, 1.407242e-01
2.343750e-01, 1.488158e-01, 1.487796e-01
2.656250e-01, 1.571809e-01, 1.571426e-01
2.968750e-01, 1.658541e-01, 1.658136e-01
3.281250e-01, 1.748348e-01, 1.747923e-01
3.593750e-01, 1.841217e-01, 1.840774e-01
3.906250e-01, 1.937125e-01, 1.936665e-01
4.218750e-01, 2.036038e-01, 2.035563e-01
4.531250e-01, 2.137912e-01, 2.137422e-01
4.843750e-01, 2.242690e-01, 2.242187e-01
5.156250e-01, 2.350306e-01, 2.349792e-01
5.468750e-01, 2.460680e-01, 2.460157e-01
5.781250e-01, 2.573721e-01, 2.573192e-01
6.093750e-01, 2.689326e-01, 2.688793e-01
6.406250e-01, 2.807380e-01, 2.806846e-01
6.718750e-01, 2.927754e-01, 2.927221e-01
7.031250e-01, 3.050308e-01, 3.049779e-01
7.343750e-01, 3.174890e-01, 3.174367e-01
7.656250e-01, 3.301333e-01, 3.300819e-01
7.968750e-01, 3.429460e-01, 3.428959e-01
8.281250e-01, 3.559082e-01, 3.558596e-01
8.593750e-01, 3.689997e-01, 3.689529e-01
8.906250e-01, 3.821993e-01, 3.821546e-01
9.218750e-01, 3.954846e-01, 3.954423e-01
9.531250e-01, 4.088322e-01, 4.087926e-01
9.843750e-01, 4.222177e-01, 4.221812e-01
1.015625e+00, 4.356159e-01, 4.355827e-01
1.046875e+00, 4.490006e-01, 4.489709e-01
1.078125e+00, 4.623448e-01, 4.623189e-01
1.109375e+00, 4.756210e-01, 4.755991e-01
1.140625e+00, 4.888008e-01, 4.887832e-01
1.171875e+00, 5.018556e-01, 5.018424e-01
1.203125e+00, 5.147562e-01, 5.147477e-01
1.234375e+00, 5.274731e-01, 5.274694e-01
1.265625e+00, 5.399768e-01, 5.399780e-01
1.296875e+00, 5.522374e-01, 5.522436e-01
1.328125e+00, 5.642252e-01, 5.642366e-01
1.359375e+00, 5.759108e-01, 5.759273e-01
1.390625e+00, 5.872647e-01, 5.872865e-01
1.421875e+00, 5.982582e-01, 5.982851e-01
1.453125e+00, 6.088627e-01, 6.088948e-01
1.484375e+00, 6.190506e-01, 6.190878e-01
1.515625e+00, 6.287948e-01, 6.288370e-01
1.546875e+00, 6.380693e-01, 6.381163e-01
1.578125e+00, 6.468487e-01, 6.469005e-01
1.609375e+00, 6.551092e-01, 6.551654e-01
1.640625e+00, 6.628278e-01, 6.628883e-01
1.671875e+00, 6.699830e-01, 6.700476e-01
1.703125e+00, 6.765547e-01, 6.766230e-01
1.734375e+00, 6.825244e-01, 6.825961e-01
1.765625e+00, 6.878749e-01, 6.879498e-01
1.796875e+00, 6.925910e-01, 6.926687e-01
1.828125e+00, 6.966591e-01, 6.967392e-01
1.859375e+00, 7.000674e-01, 7.001496e-01
1.890625e+00, 7.028061e-01, 7.028899e-01
1.921875e+00, 7.048671e-01, 7.049522e-01
1.953125e+00, 7.062445e-01, 7.063304e-01
1.984375e+00, 7.069342e-01, 7.070205e-01
2.015625e+00, 7.069342e-01, 7.070205e-01
2.046875e+00, 7.062445e-01, 7.063304e-01
2.078125e+00, 7.048671e-01, 7.049522e-01
2.109375e+00, 7.028061e-01, 7.028899e-01
2.140625e+00, 7.000674e-01, 7.001496e-01
2.171875e+00, 6.966591e-01, 6.967392e-01
2.203125e+00, 6.925910e-01, 6.926687e-01
2.234375e+00, 6.878749e-01, 6.879498e-01
2.265625e+00, 6.825244e-01, 6.825961e-01
2.296875e+00, 6.765547e-01, 6.766230e-01
2.328125e+00, 6.699830e-01, 6.700476e-01
2.359375e+00, 6.628278e-01, 6.628883e-01
2.390625e+00, 6.551092e-01, 6.551654e-01
2.421875e+00, 6.468487e-01, 6.469005e-01
2.453125e+00, 6.380693e-01, 6.381163e-01
2.484375e+00, 6.287948e-01, 6.288370e-01
2.515625e+00, 6.190506e-01, 6.190878e-01
2.546875e+00, 6.088627e-01, 6.088948e-01
2.578125e+00, 5.982582e-01, 5.982851e-01
2.609375e+00, 5.872647e-01, 5.872865e-01
2.640625e+00, 5.759108e-01, 5.759273e-01
2.671875e+00, 5.642252e-01, 5.642366e-01
2.703125e+00, 5.522374e-01, 5.522436e-01
2.734375e+00, 5.399768e-01, 5.399780e-01
2.765625e+00, 5.274731e-01, 5.274694e-01
2.796875e+00, 5.147562e-01, 5.147477e-01
2.828125e+00, 5.018556e-01, 5.018424e-01
2.859375e+00, 4.888008e-01, 4.887832e-01
2.890625e+00, 4.756210e-01, 4.755991e-01
2.921875e+00, 4.623448e-01, 4.623189e-01
2.953125e+00, 4.490006e-01, 4.489709e-01
2.984375e+00, 4.356159e-01, 4.355827e-01
3.015625e+00, 4.222177e-01, 4.221812e-01
3.046875e+00, 4.088322e-01, 4.087926e-01
3.078125e+00, 3.954846e-01, 3.954423e-01
3.109375e+00, 3.821993e-01, 3.821546e-01
3.140625e+00, 3.689997e-01, 3.689529e-01
3.171875e+00, 3.559082e-01, 3.558596e-01
3.203125e+00, 3.429460e-01, 3.428959e-01
3.234375e+00, 3.301333e-01, 3.300819e-01
3.265625e+00, 3.174890e-01, 3.174367e-01
3.296875e+00, 3.050308e-01, 3.049779e-01
3.328125e+00, 2.927754e-01, 2.927221e-01
3.359375e+00, 2.807380e-01, 2.806846e-01
3.390625e+00, 2.689326e-01, 2.688793e-01
3.421875e+00, 2.573721e-01, 2.573192e-01
3.453125e+00, 2.460680e-01, 2.460157e-01
3.484375e+00, 2.350306e-01, 2.349792e-01
3.515625e+00, 2.242690e-01, 2.242187e-01
3.546875e+00, 2.137912e-01, 2.137422e-01
3.578125e+00, 2.036038e-01, 2.035563e-01
3.609375e+00, 1.937125e-01, 1.936665e-01
3.640625e+00, 1.841217e-01, 1.840774e-01
3.671875e+00, 1.748348e-01, 1.747923e-01
3.703125e+00, 1.658541e-01, 1.658136e-01
3.734375e+00, 1.571809e-01, 1.571426e-01
3.765625e+00, 1.488158e-01, 1.487796e-01
3.796875e+00, 1.407583e-01, 1.407242e-01
3.828125e+00, 1.330069e-01, 1.329750e-01
3.859375e+00, 1.255595e-01, 1.255299e-01
3.890625e+00, 1.184133e-01, 1.183860e-01
3.921875e+00, 1.115647e-01, 1.115396e-01
3.953125e+00, 1.050094e-01, 1.049866e-01
3.984375e+00, 9.874276e-02, 9.872218e-02
4.015625e+00, 9.275929e-02, 9.274090e-02
4.046875e+00, 8.705322e-02, 8.703698e-02
4.078125e+00, 8.161829e-02, 8.160413e-02
4.109375e+00, 7.644786e-02, 7.643573e-02
4.140625e+00, 7.153496e-02, 7.152478e-02
4.171875e+00, 6.687233e-02, 6.686403e-02
4.203125e+00, 6.245249e-02, 6.244598e-02
4.234375e+00, 5.826773e-02, 5.826292e-02
4.265625e+00, 5.431021e-02, 5.430701e-02
4.296875e+00, 5.057197e-02, 5.057029e-02
4.328125e+00, 4.704498e-02, 4.704472e-02
4.359375e+00, 4.372117e-02, 4.372222e-02
4.390625e+00, 4.059243e-02, 4.059471e-02
4.421875e+00, 3.765072e-02, 3.765412e-02
4.453125e+00, 3.488803e-02, 3.489245e-02
4.484375e+00, 3.229642e-02, 3.230177e-02
4.515625e+00, 2.986807e-02, 2.987426e-02
4.546875e+00, 2.759527e-02, 2.760220e-02
4.578125e+00, 2.547047e-02, 2.547805e-02
4.609375e+00, 2.348627e-02, 2.349442e-02
4.640625e+00, 2.163544e-02, 2.164407e-02
4.671875e+00, 1.991095e-02, 1.991999e-02
4.703125e+00, 1.830598e-02, 1.831535e-02
4.734375e+00, 1.681390e-02, 1.682353e-02
4.765625e+00, 1.542832e-02, 1.543814e-02
4.796875e+00, 1.414305e-02, 1.415300e-02
4.828125e+00, 1.295216e-02, 1.296218e-02
4.859375e+00, 1.184992e-02, 1.185997e-02
4.890625e+00, 1.083087e-02, 1.084089e-02
4.921875e+00, 9.889757e-03, 9.899705e-03
4.953125e+00, 9.021571e-03, 9.031406e-03
4.984375e+00, 8.221536e-03, 8.231223e-03
5.015625e+00, 7.485108e-03, 7.494614e-03
5.046875e+00, 6.807965e-03, 6.817263e-03
5.078125e+00, 6.186012e-03, 6.195077e-03
5.109375e+00, 5.615369e-03, 5.624180e-03
5.140625e+00, 5.092370e-03, 5.100910e-03
5.171875e+00, 4.613554e-03, 4.621809e-03
5.203125e+00, 4.175662e-03, 4.183620e-03
5.234375e+00, 3.775626e-03, 3.783278e-03
5.265625e+00, 3.410567e-03, 3.417907e-03
5.296875e+00, 3.077783e-03, 3.084808e-03
5.328125e+00, 2.774746e-03, 2.781454e-03
5.359375e+00, 2.499093e-03, 2.505483e-03
5.390625e+00, 2.248615e-03, 2.254691e-03
5.421875e+00, 2.021258e-03, 2.027021e-03
5.453125e+00, 1.815106e-03, 1.820563e-03
5.484375e+00, 1.628380e-03, 1.633536e-03
5.515625e+00, 1.459429e-03, 1.464292e-03
5.546875e+00, 1.306724e-03, 1.311302e-03
5.578125e+00, 1.168849e-03, 1.173150e-03
5.609375e+00, 1.044495e-03, 1.048528e-03
5.640625e+00, 9.324540e-04, 9.362306e-04
5.671875e+00, 8.316143e-04, 8.351438e-04
5.703125e+00, 7.409515e-04, 7.442445e-04
5.734375e+00, 6.595244e-04, 6.625915e-04
5.765625e+00, 5.864691e-04, 5.893211e-04
5.796875e+00, 5.209938e-04, 5.236414e-04
5.828125e+00, 4.623737e-04, 4.648275e-04
5.859375e+00, 4.099460e-04, 4.122167e-04
5.890625e+00, 3.631058e-04, 3.652038e-04
5.921875e+00, 3.213015e-04, 3.232368e-04
5.953125e+00, 2.840306e-04, 2.858132e-04
5.984375e+00, 2.508363e-04, 2.524757e-04
6.015625e+00, 2.213036e-04, 2.228090e-04
6.046875e+00, 1.950560e-04, 1.964363e-04
6.078125e+00, 1.717524e-04, 1.730162e-04
6.109375e+00, 1.510841e-04, 1.522396e-04
6.140625e+00, 1.327723e-04, 1.338272e-04
6.171875e+00, 1.165652e-04, 1.175268e-04
6.203125e+00, 1.022357e-04, 1.031111e-04
6.234375e+00, 8.957949e-05, 9.037531e-05
6.265625e+00, 7.841283e-05, 7.913527e-05
6.296875e+00, 6.857059e-05, 6.922552e-05
6.328125e+00, 5.990471e-05, 6.049762e-05
6.359375e+00, 5.228248e-05, 5.281851e-05
6.390625e+00, 4.558517e-05, 4.606913e-05
6.421875e+00, 3.970664e-05, 4.014299e-05
6.453125e+00, 3.455211e-05, 3.494502e-05
6.484375e+00, 3.003711e-05, 3.039042e-05
6.515625e+00, 2.608636e-05, 2.640365e-05
6.546875e+00, 2.263293e-05, 2.291750e-05
6.578125e+00, 1.961732e-05, 1.987222e-05
6.609375e+00, 1.698676e-05, 1.721477e-05
6.640625e+00, 1.469444e-05, 1.489815e-05
6.671875e+00, 1.269893e-05, 1.288069e-05
6.703125e+00, 1.096358e-05, 1.112555e-05
6.734375e+00, 9.456048e-06, 9.600197e-06
6.765625e+00, 8.147758e-06, 8.275887e-06
6.796875e+00, 7.013551e-06, 7.127297e-06
6.828125e+00, 6.031274e-06, 6.132126e-06
6.859375e+00, 5.181451e-06, 5.270758e-06
6.890625e+00, 4.446976e-06, 4.525964e-06
6.921875e+00, 3.812846e-06, 3.882620e-06
6.953125e+00, 3.265913e-06, 3.327474e-06
6.984375e+00, 2.794672e-06, 2.848920e-06
7.015625e+00, 2.389063e-06, 2.436810e-06
7.046875e+00, 2.040303e-06, 2.082280e-06
7.078125e+00, 1.740733e-06, 1.777593e-06
7.109375e+00, 1.483677e-06, 1.516008e-06
7.140625e+00, 1.263327e-06, 1.291655e-06
7.171875e+00, 1.074635e-06, 1.099430e-06
7.203125e+00, 9.132161e-07, 9.348979e-07
7.234375e+00, 7.752694e-07, 7.942128e-07
7.265625e+00, 6.575004e-07, 6.740396e-07
7.296875e+00, 5.570585e-07, 5.714916e-07
7.328125e+00, 4.714797e-07, 4.840723e-07
7.359375e+00, 3.986359e-07, 4.096250e-07
7.390625e+00, 3.366918e-07, 3.462889e-07
7.421875e+00, 2.840655e-07, 2.924600e-07
7.453125e+00, 2.393955e-07, 2.467575e-07
7.484375e+00, 2.015106e-07, 2.079937e-07
7.515625e+00, 1.694046e-07, 1.751482e-07
7.546875e+00, 1.422132e-07, 1.473456e-07
7.578125e+00, 1.191950e-07, 1.238354e-07
7.609375e+00, 9.971404e-08, 1.039748e-07
7.640625e+00, 8.322475e-08, 8.721419e-08
7.671875e+00, 6.925923e-08, 7.308398e-08
7.703125e+00, 5.741577e-08, 6.118334e-08
7.734375e+00, 4.734901e-08, 5.117054e-08
7.765625e+00, 3.876125e-08, 4.275458e-08
7.796875e+00, 3.139491e-08, 3.568792e-08
7.828125e+00, 2.502589e-08, 2.976019e-08
7.859375e+00, 1.945763e-08, 2.479283e-08
7.890625e+00, 1.451586e-08, 2.063443e-08
7.921875e+00, 1.004391e-08, 1.715673e-08
7.953125e+00, 5.898339e-09, 1.425124e-08
7.984375e+00, 1.944959e-09, 1.182623e-08
8.000000e+00, 1.640150e-16, 1.076922e-08


#At time: 5.000000e+01, nsteps= 1024


-5.000000e+00, 3.026981e-22, 4.655463e-08
-4.984375e+00, 6.610834e-09, 5.007198e-08
-4.953125e+00, 1.996139e-08, 5.789575e-08
-4.921875e+00, 3.370077e-08, 6.689841e-08
-4.890625e+00, 4.809539e-08, 7.725066e-08
-4.859375e+00, 6.342260e-08, 8.914681e-08
-4.828125e+00, 7.997524e-08, 1.028080e-07
-4.796875e+00, 9.806643e-08, 1.184854e-07
-4.765625e+00, 1.180346e-07, 1.364647e-07
-4.734375e+00, 1.402491e-07, 1.570699e-07
-4.703125e+00, 1.651155e-07, 1.806687e-07
-4.671875e+00, 1.930825e-07, 2.076778e-07
-4.640625e+00, 2.246485e-07, 2.385692e-07
-4.609375e+00, 2.603691e-07, 2.738774e-07
-4.578125e+00, 3.008652e-07, 3.142064e-07
-4.546875e+00, 3.468326e-07, 3.602394e-07
-4.515625e+00, 3.990515e-07, 4.127478e-07
-4.484375e+00, 4.583978e-07, 4.726019e-07
-4.453125e+00, 5.258553e-07, 5.407835e-07
-4.421875e+00, 6.025296e-07, 6.183988e-07
-4.390625e+00, 6.896625e-07, 7.066935e-07
-4.359375e+00, 7.886493e-07, 8.070693e-07
-4.328125e+00, 9.010571e-07, 9.211022e-07
-4.296875e+00, 1.028645e-06, 1.050563e-06
-4.265625e+00, 1.173386e-06, 1.197440e-06
-4.234375e+00, 1.337495e-06, 1.363962e-06
-4.203125e+00, 1.523452e-06, 1.552631e-06
-4.171875e+00, 1.734036e-06, 1.766248e-06
-4.140625e+00, 1.972358e-06, 2.007947e-06
-4.109375e+00, 2.241898e-06, 2.281235e-06
-4.078125e+00, 2.546545e-06, 2.590031e-06
-4.046875e+00, 2.890643e-06, 2.938714e-06
-4.015625e+00, 3.279043e-06, 3.332168e-06
-3.984375e+00, 3.717152e-06, 3.775841e-06
-3.953125e+00, 4.211001e-06, 4.275803e-06
-3.921875e+00, 4.767302e-06, 4.838815e-06
-3.890625e+00, 5.393529e-06, 5.472397e-06
-3.859375e+00, 6.097990e-06, 6.184911e-06
-3.828125e+00, 6.889919e-06, 6.985646e-06
-3.796875e+00, 7.779568e-06, 7.884913e-06
-3.765625e+00, 8.778311e-06, 8.894151e-06
-3.734375e+00, 9.898759e-06, 1.002604e-05
-3.703125e+00, 1.115488e-05, 1.129462e-05
-3.671875e+00, 1.256214e-05, 1.271542e-05
-3.640625e+00, 1.413764e-05, 1.430565e-05
-3.609375e+00, 1.590028e-05, 1.608427e-05
-3.578125e+00, 1.787095e-05, 1.807226e-05
-3.546875e+00, 2.007266e-05, 2.029275e-05
-3.515625e+00, 2.253083e-05, 2.277123e-05
-3.484375e+00, 2.527343e-05, 2.553580e-05
-3.453125e+00, 2.833127e-05, 2.861736e-05
-3.421875e+00, 3.173825e-05, 3.204993e-05
-3.390625e+00, 3.553160e-05, 3.587085e-05
-3.359375e+00, 3.975223e-05, 4.012118e-05
-3.328125e+00, 4.444504e-05, 4.484591e-05
-3.296875e+00, 4.965924e-05, 5.009441e-05
-3.265625e+00, 5.544877e-05, 5.592075e-05
-3.234375e+00, 6.187268e-05, 6.238411e-05
-3.203125e+00, 6.899554e-05, 6.954921e-05
-3.171875e+00, 7.688795e-05, 7.748679e-05
-3.140625e+00, 8.562700e-05, 8.627409e-05
-3.109375e+00, 9.529681e-05, 9.599538e-05
-3.078125e+00, 1.059891e-04, 1.067426e-04
-3.046875e+00, 1.178038e-04, 1.186157e-04
-3.015625e+00, 1.308497e-04, 1.317237e-04
-2.984375e+00, 1.452451e-04, 1.461850e-04
-2.953125e+00, 1.611186e-04, 1.621284e-04
-2.921875e+00, 1.786097e-04, 1.796936e-04
-2.890625e+00, 1.978699e-04, 1.990322e-04
-2.859375e+00, 2.190635e-04, 2.203086e-04
-2.828125e+00, 2.423682e-04, 2.437007e-04
-2.796875e+00, 2.679766e-04, 2.694010e-04
-2.765625e+00, 2.960966e-04, 2.976179e-04
-2.734375e+00, 3.269532e-04, 3.285762e-04
-2.703125e+00, 3.607890e-04, 3.625187e-04
-2.671875e+00, 3.978657e-04, 3.997073e-04
-2.640625e+00, 4.384654e-04, 4.404239e-04
-2.609375e+00, 4.828917e-04, 4.849723e-04
-2.578125e+00, 5.314713e-04, 5.336792e-04
-2.546875e+00, 5.845552e-04, 5.868956e-04
-2.515625e+00, 6.425204e-04, 6.449985e-04
-2.484375e+00, 7.057713e-04, 7.083923e-04
-2.453125e+00, 7.747416e-04, 7.775104e-04
-2.421875e+00, 8.498953e-04, 8.528169e-04
-2.390625e+00, 9.317294e-04, 9.348086e-04
-2.359375e+00, 1.020775e-03, 1.024016e-03
-2.328125e+00, 1.117599e-03, 1.121007e-03
-2.296875e+00, 1.222807e-03, 1.226385e-03
-2.265625e+00, 1.337043e-03, 1.340796e-03
-2.234375e+00, 1.460996e-03, 1.464927e-03
-2.203125e+00, 1.595396e-03, 1.599508e-03
-2.171875e+00, 1.741020e-03, 1.745316e-03
-2.140625e+00, 1.898695e-03, 1.903176e-03
-2.109375e+00, 2.069296e-03, 2.073963e-03
-2.078125e+00, 2.253751e-03, 2.258606e-03
-2.046875e+00, 2.453043e-03, 2.458087e-03
-2.015625e+00, 2.668214e-03, 2.673445e-03
-1.984375e+00, 2.900361e-03, 2.905778e-03
-1.953125e+00, 3.150645e-03, 3.156246e-03
-1.921875e+00, 3.420292e-03, 3.426073e-03
-1.890625e+00, 3.710589e-03, 3.716546e-03
-1.859375e+00, 4.022895e-03, 4.029023e-03
-1.828125e+00, 4.358637e-03, 4.364930e-03
-1.796875e+00, 4.719314e-03, 4.725764e-03
-1.765625e+00, 5.106500e-03, 5.113097e-03
-1.734375e+00, 5.521841e-03, 5.528576e-03
-1.703125e+00, 5.967065e-03, 5.973925e-03
-1.671875e+00, 6.443975e-03, 6.450948e-03
-1.640625e+00, 6.954457e-03, 6.961528e-03
-1.609375e+00, 7.500477e-03, 7.507630e-03
-1.578125e+00, 8.084084e-03, 8.091302e-03
-1.546875e+00, 8.707413e-03, 8.714675e-03
-1.515625e+00, 9.372680e-03, 9.379966e-03
-1.484375e+00, 1.008219e-02, 1.008947e-02
-1.453125e+00, 1.083833e-02, 1.084559e-02
-1.421875e+00, 1.164357e-02, 1.165078e-02
-1.390625e+00, 1.250047e-02, 1.250760e-02
-1.359375e+00, 1.341167e-02, 1.341870e-02
-1.328125e+00, 1.437990e-02, 1.438679e-02
-1.296875e+00, 1.540797e-02, 1.541469e-02
-1.265625e+00, 1.649877e-02, 1.650528e-02
-1.234375e+00, 1.765526e-02, 1.766153e-02
-1.203125e+00, 1.888049e-02, 1.888647e-02
-1.171875e+00, 2.017757e-02, 2.018323e-02
-1.140625e+00, 2.154969e-02, 2.155499e-02
-1.109375e+00, 2.300011e-02, 2.300500e-02
-1.078125e+00, 2.453213e-02, 2.453657e-02
-1.046875e+00, 2.614912e-02, 2.615307e-02
-1.015625e+00, 2.785452e-02, 2.785793e-02
-9.843750e-01, 2.965179e-02, 2.965461e-02
-9.531250e-01, 3.154443e-02, 3.154663e-02
-9.218750e-01, 3.353600e-02, 3.353751e-02
-8.906250e-01, 3.563005e-02, 3.563084e-02
-8.593750e-01, 3.783017e-02, 3.783019e-02
-8.281250e-01, 4.013996e-02, 4.013915e-02
-7.968750e-01, 4.256300e-02, 4.256132e-02
-7.656250e-01, 4.510288e-02, 4.510029e-02
-7.343750e-01, 4.776317e-02, 4.775961e-02
-7.031250e-01, 5.054739e-02, 5.054282e-02
-6.718750e-01, 5.345903e-02, 5.345341e-02
-6.406250e-01, 5.650153e-02, 5.649482e-02
-6.093750e-01, 5.967826e-02, 5.967043e-02
-5.781250e-01, 6.299252e-02, 6.298351e-02
-5.468750e-01, 6.644749e-02, 6.643728e-02
-5.156250e-01, 7.004628e-02, 7.003483e-02
-4.843750e-01, 7.379185e-02, 7.377914e-02
-4.531250e-01, 7.768704e-02, 7.767305e-02
-4.218750e-01, 8.173455e-02, 8.171925e-02
-3.906250e-01, 8.593689e-02, 8.592028e-02
-3.593750e-01, 9.029642e-02, 9.027847e-02
-3.281250e-01, 9.481528e-02, 9.479599e-02
-2.968750e-01, 9.949542e-02, 9.947479e-02
-2.656250e-01, 1.043386e-01, 1.043166e-01
-2.343750e-01, 1.093461e-01, 1.093228e-01
-2.031250e-01, 1.145194e-01, 1.144948e-01
-1.718750e-01, 1.198593e-01, 1.198334e-01
-1.406250e-01, 1.253664e-01, 1.253392e-01
-1.093750e-01, 1.310412e-01, 1.310128e-01
-7.812500e-02, 1.368836e-01, 1.368540e-01
-4.687500e-02, 1.428934e-01, 1.428626e-01
-1.562500e-02, 1.490699e-01, 1.490380e-01
1.562500e-02, 1.554120e-01, 1.553791e-01
4.687500e-02, 1.619185e-01, 1.618845e-01
7.812500e-02, 1.685874e-01, 1.685526e-01
1.093750e-01, 1.754168e-01, 1.753811e-01
1.406250e-01, 1.824039e-01, 1.823675e-01
1.718750e-01, 1.895459e-01, 1.895088e-01
2.031250e-01, 1.968392e-01, 1.968016e-01
2.343750e-01, 2.042800e-01, 2.042419e-01
2.656250e-01, 2.118641e-01, 2.118257e-01
2.968750e-01, 2.195866e-01, 2.195480e-01
3.281250e-01, 2.274425e-01, 2.274038e-01
3.593750e-01, 2.354260e-01, 2.353873e-01
3.906250e-01, 2.435312e-01, 2.434926e-01
4.218750e-01, 2.517513e-01, 2.517130e-01
4.531250e-01, 2.600795e-01, 2.600416e-01
4.843750e-01, 2.685083e-01, 2.684710e-01
5.156250e-01, 2.770298e-01, 2.769931e-01
5.468750e-01, 2.856357e-01, 2.855999e-01
5.781250e-01, 2.943172e-01, 2.942823e-01
6.093750e-01, 3.030651e-01, 3.030314e-01
6.406250e-01, 3.118700e-01, 3.118375e-01
6.718750e-01, 3.207217e-01, 3.206907e-01
7.031250e-01, 3.296100e-01, 3.295806e-01
7.343750e-01, 3.385242e-01, 3.384964e-01
7.656250e-01, 3.474532e-01, 3.474272e-01
7.968750e-01, 3.563855e-01, 3.563616e-01
8.281250e-01, 3.653096e-01, 3.652878e-01
8.593750e-01, 3.742135e-01, 3.741939e-01
8.906250e-01, 3.830849e-01, 3.830676e-01
9.218750e-01, 3.919114e-01, 3.918966e-01
9.531250e-01, 4.006804e-01, 4.006681e-01
9.843750e-01, 4.093790e-01, 4.093693e-01
1.015625e+00, 4.179942e-01, 4.179873e-01
1.046875e+00, 4.265131e-01, 4.265090e-01
1.078125e+00, 4.349223e-01, 4.349211e-01
1.109375e+00, 4.432088e-01, 4.432105e-01
1.140625e+00, 4.513592e-01, 4.513640e-01
1.171875e+00, 4.593605e-01, 4.593682e-01
1.203125e+00, 4.671994e-01, 4.672102e-01
1.234375e+00, 4.748628e-01, 4.748767e-01
1.265625e+00, 4.823380e-01, 4.823550e-01
1.296875e+00, 4.896120e-01, 4.896321e-01
1.328125e+00, 4.966724e-01, 4.966955e-01
1.359375e+00, 5.035068e-01, 5.035329e-01
1.390625e+00, 5.101031e-01, 5.101322e-01
1.421875e+00, 5.164496e-01, 5.164816e-01
1.453125e+00, 5.225348e-01, 5.225697e-01
1.484375e+00, 5.283479e-01, 5.283855e-01
1.515625e+00, 5.338780e-01, 5.339183e-01
1.546875e+00, 5.391150e-01, 5.391578e-01
1.578125e+00, 5.440492e-01, 5.440945e-01
1.609375e+00, 5.486714e-01, 5.487190e-01
1.640625e+00, 5.529728e-01, 5.530227e-01
1.671875e+00, 5.569455e-01, 5.569973e-01
1.703125e+00, 5.605817e-01, 5.606355e-01
1.734375e+00, 5.638746e-01, 5.639301e-01
1.765625e+00, 5.668178e-01, 5.668749e-01
1.796875e+00, 5.694058e-01, 5.694642e-01
1.828125e+00, 5.716334e-01, 5.716930e-01
1.859375e+00, 5.734964e-01, 5.735570e-01
1.890625e+00, 5.749912e-01, 5.750526e-01
1.921875e+00, 5.761148e-01, 5.761768e-01
1.953125e+00, 5.768651e-01, 5.769276e-01
1.984375e+00, 5.772407e-01, 5.773033e-01
2.015625e+00, 5.772407e-01, 5.773033e-01
2.046875e+00, 5.768651e-01, 5.769276e-01
2.078125e+00, 5.761148e-01, 5.761768e-01
2.109375e+00, 5.749912e-01, 5.750526e-01
2.140625e+00, 5.734964e-01, 5.735570e-01
2.171875e+00, 5.716334e-01, 5.716930e-01
2.203125e+00, 5.694058e-01, 5.694642e-01
2.234375e+00, 5.668178e-01, 5.668749e-01
2.265625e+00, 5.638746e-01, 5.639301e-01
2.296875e+00, 5.605817e-01, 5.606355e-01
2.328125e+00, 5.569455e-01, 5.569973e-01
2.359375e+00, 5.529728e-01, 5.530227e-01
2.390625e+00, 5.486714e-01, 5.487190e-01
2.421875e+00, 5.440492e-01, 5.440945e-01
2.453125e+00, 5.391150e-01, 5.391578e-01
2.484375e+00, 5.338780e-01, 5.339183e-01
2.515625e+00, 5.283479e-01, 5.283855e-01
2.546875e+00, 5.225348e-01, 5.225697e-01
2.578125e+00, 5.164496e-01, 5.164816e-01
2.609375e+00, 5.101031e-01, 5.101322e-01
2.640625e+00, 5.035068e-01, 5.035329e-01
2.671875e+00, 4.966724e-01, 4.966955e-01
2.703125e+00, 4.896120e-01, 4.896321e-01
2.734375e+00, 4.823380e-01, 4.823550e-01
2.765625e+00, 4.748628e-01, 4.748767e-01
2.796875e+00, 4.671994e-01, 4.672102e-01
2.828125e+00, 4.593605e-01, 4.593682e-01
2.859375e+00, 4.513592e-01, 4.513640e-01
2.890625e+00, 4.432088e-01, 4.432105e-01
2.921875e+00, 4.349223e-01, 4.349211e-01
2.953125e+00, 4.265131e-01, 4.265090e-01
2.984375e+00, 4.179942e-01, 4.179873e-01
3.015625e+00, 4.093790e-01, 4.093693e-01
3.046875e+00, 4.006804e-01, 4.006681e-01
3.078125e+00, 3.919114e-01, 3.918966e-01
3.109375e+00, 3.830849e-01, 3.830676e-01
3.140625e+00, 3.742135e-01, 3.741939e-01
3.171875e+00, 3.653096e-01, 3.652878e-01
3.203125e+00, 3.563855e-01, 3.563616e-01
3.234375e+00, 3.474532e-01, 3.474272e-01
3.265625e+00, 3.385242e-01, 3.384964e-01
3.296875e+00, 3.296100e-01, 3.295806e-01
3.328125e+00, 3.207217e-01, 3.206907e-01
3.359375e+00, 3.118700e-01, 3.118375e-01
3.390625e+00, 3.030651e-01, 3.030314e-01
3.421875e+00, 2.943172e-01, 2.942823e-01
3.453125e+00, 2.856357e-01, 2.855999e-01
3.484375e+00, 2.770298e-01, 2.769931e-01
3.515625e+00, 2.685083e-01, 2.684710e-01
3.546875e+00, 2.600795e-01, 2.600416e-01
3.578125e+00, 2.517513e-01, 2.517130e-01
3.609375e+00, 2.435312e-01, 2.434926e-01
3.640625e+00, 2.354260e-01, 2.353873e-01
3.671875e+00, 2.274425e-01, 2.274038e-01
3.703125e+00, 2.195866e-01, 2.195480e-01
3.734375e+00, 2.118641e-01, 2.118257e-01
3.765625e+00, 2.042800e-01, 2.042419e-01
3.796875e+00, 1.968392e-01, 1.968016e-01
3.828125e+00, 1.895459e-01, 1.895088e-01
3.859375e+00, 1.824039e-01, 1.823675e-01
3.890625e+00, 1.754168e-01, 1.753811e-01
3.921875e+00, 1.685874e-01, 1.685526e-01
3.953125e+00, 1.619185e-01, 1.618845e-01
3.984375e+00, 1.554120e-01, 1.553791e-01
4.015625e+00, 1.490699e-01, 1.490380e-01
4.046875e+00, 1.428934e-01, 1.428626e-01
4.078125e+00, 1.368836e-01, 1.368540e-01
4.109375e+00, 1.310412e-01, 1.310128e-01
4.140625e+00, 1.253664e-01, 1.253392e-01
4.171875e+00, 1.198593e-01, 1.198334e-01
4.203125e+00, 1.145194e-01, 1.144948e-01
4.234375e+00, 1.093461e-01, 1.093228e-01
4.265625e+00, 1.043386e-01, 1.043166e-01
4.296875e+00, 9.949542e-02, 9.947479e-02
4.328125e+00, 9.481528e-02, 9.479599e-02
4.359375e+00, 9.029642e-02, 9.027847e-02
4.390625e+00, 8.593689e-02, 8.592028e-02
4.421875e+00, 8.173455e-02, 8.171925e-02
4.453125e+00, 7.768704e-02, 7.767305e-02
4.484375e+00, 7.379185e-02, 7.377914e-02
4.515625e+00, 7.004628e-02, 7.003483e-02
4.546875e+00, 6.644749e-02, 6.643728e-02
4.578125e+00, 6.299252e-02, 6.298351e-02
4.609375e+00, 5.967826e-02, 5.967043e-02
4.640625e+00, 5.650153e-02, 5.649482e-02
4.671875e+00, 5.345903e-02, 5.345341e-02
4.703125e+00, 5.054739e-02, 5.054282e-02
4.734375e+00, 4.776317e-02, 4.775961e-02
4.765625e+00, 4.510288e-02, 4.510029e-02
4.796875e+00, 4.256300e-02, 4.256132e-02
4.828125e+00, 4.013996e-02, 4.013915e-02
4.859375e+00, 3.783017e-02, 3.783019e-02
4.890625e+00, 3.563005e-02, 3.563084e-02
4.921875e+00, 3.353600e-02, 3.353751e-02
4.953125e+00, 3.154443e-02, 3.154663e-02
4.984375e+00, 2.965179e-02, 2.965461e-02
5.015625e+00, 2.785452e-02, 2.785793e-02
5.046875e+00, 2.614912e-02, 2.615307e-02
5.078125e+00, 2.453213e-02, 2.453657e-02
5.109375e+00, 2.300011e-02, 2.300500e-02
5.140625e+00, 2.154969e-02, 2.155499e-02
5.171875e+00, 2.017757e-02, 2.018323e-02
5.203125e+00, 1.888049e-02, 1.888647e-02
5.234375e+00, 1.765526e-02, 1.766153e-02
5.265625e+00, 1.649877e-02, 1.650528e-02
5.296875e+00, 1.540797e-02, 1.541469e-02
5.328125e+00, 1.437990e-02, 1.438679e-02
5.359375e+00, 1.341167e-02, 1.341870e-02
5.390625e+00, 1.250047e-02, 1.250760e-02
5.421875e+00, 1.164357e-02, 1.165078e-02
5.453125e+00, 1.083833e-02, 1.084559e-02
5.484375e+00, 1.008219e-02, 1.008947e-02
5.515625e+00, 9.372680e-03, 9.379966e-03
5.546875e+00, 8.707413e-03, 8.714675e-03
5.578125e+00, 8.084084e-03, 8.091302e-03
5.609375e+00, 7.500476e-03, 7.507630e-03
5.640625e+00, 6.954456e-03, 6.961528e-03
5.671875e+00, 6.443975e-03, 6.450948e-03
5.703125e+00, 5.967065e-03, 5.973925e-03
5.734375e+00, 5.521841e-03, 5.528576e-03
5.765625e+00, 5.106499e-03, 5.113097e-03
5.796875e+00, 4.719314e-03, 4.725764e-03
5.828125e+00, 4.358637e-03, 4.364930e-03
5.859375e+00, 4.022895e-03, 4.029023e-03
5.890625e+00, 3.710589e-03, 3.716546e-03
5.921875e+00, 3.420291e-03, 3.426073e-03
5.953125e+00, 3.150645e-03, 3.156246e-03
5.984375e+00, 2.900361e-03, 2.905778e-03
6.015625e+00, 2.668213e-03, 2.673445e-03
6.046875e+00, 2.453043e-03, 2.458087e-03
6.078125e+00, 2.253750e-03, 2.258606e-03
6.109375e+00, 2.069295e-03, 2.073963e-03
6.140625e+00, 1.898695e-03, 1.903176e-03
6.171875e+00, 1.741020e-03, 1.745316e-03
6.203125e+00, 1.595395e-03, 1.599508e-03
6.234375e+00, 1.460995e-03, 1.464927e-03
6.265625e+00, 1.337042e-03, 1.340796e-03
6.296875e+00, 1.222805e-03, 1.226385e-03
6.328125e+00, 1.117597e-03, 1.121007e-03
6.359375e+00, 1.020773e-03, 1.024016e-03
6.390625e+00, 9.317271e-04, 9.348086e-04
6.421875e+00, 8.498926e-04, 8.528169e-04
6.453125e+00, 7.747384e-04, 7.775104e-04
6.484375e+00, 7.057677e-04, 7.083923e-04
6.515625e+00, 6.425161e-04, 6.449985e-04
6.546875e+00, 5.845501e-04, 5.868956e-04
6.578125e+00, 5.314654e-04, 5.336792e-04
6.609375e+00, 4.828848e-04, 4.849723e-04
6.640625e+00, 4.384573e-04, 4.404239e-04
6.671875e+00, 3.978563e-04, 3.997073e-04
6.703125e+00, 3.607781e-04, 3.625187e-04
6.734375e+00, 3.269405e-04, 3.285762e-04
6.765625e+00, 2.960818e-04, 2.976179e-04
6.796875e+00, 2.679594e-04, 2.694010e-04
6.828125e+00, 2.423483e-04, 2.437007e-04
6.859375e+00, 2.190403e-04, 2.203086e-04
6.890625e+00, 1.978430e-04, 1.990322e-04
6.921875e+00, 1.785785e-04, 1.796936e-04
6.953125e+00, 1.610824e-04, 1.621284e-04
6.984375e+00, 1.452032e-04, 1.461850e-04
7.015625e+00, 1.308012e-04, 1.317237e-04
7.046875e+00, 1.177477e-04, 1.186157e-04
7.078125e+00, 1.059242e-04, 1.067426e-04
7.109375e+00, 9.522181e-05, 9.599538e-05
7.140625e+00, 8.554040e-05, 8.627409e-05
7.171875e+00, 7.678802e-05, 7.748679e-05
7.203125e+00, 6.888031e-05, 6.954921e-05
7.234375e+00, 6.173989e-05, 6.238411e-05
7.265625e+00, 5.529585e-05, 5.592075e-05
7.296875e+00, 4.948324e-05, 5.009441e-05
7.328125e+00, 4.424262e-05, 4.484591e-05
7.359375e+00, 3.951958e-05, 4.012118e-05
7.390625e+00, 3.526437e-05, 3.587085e-05
7.421875e+00, 3.143151e-05, 3.204993e-05
7.453125e+00, 2.797942e-05, 2.861736e-05
7.484375e+00, 2.487009e-05, 2.553580e-05
7.515625e+00, 2.206877e-05, 2.277123e-05
7.546875e+00, 1.954369e-05, 2.029275e-05
7.578125e+00, 1.726576e-05, 1.807226e-05
7.609375e+00, 1.520837e-05, 1.608427e-05
7.640625e+00, 1.334708e-05, 1.430565e-05
7.671875e+00, 1.165947e-05, 1.271542e-05
7.703125e+00, 1.012488e-05, 1.129462e-05
7.734375e+00, 8.724240e-06, 1.002604e-05
7.765625e+00, 7.439877e-06, 8.894151e-06
7.796875e+00, 6.255346e-06, 7.884913e-06
7.828125e+00, 5.155262e-06, 6.985646e-06
7.859375e+00, 4.125144e-06, 6.184911e-06
7.890625e+00, 3.151264e-06, 5.472397e-06
7.921875e+00, 2.220502e-06, 4.838815e-06
7.953125e+00, 1.320207e-06, 4.275803e-06
7.984375e+00, 4.380599e-07, 3.775841e-06
8.000000e+00, 1.339177e-16, 3.547363e-06


#At time: 7.500000e+01, nsteps= 1536


-5.000000e+00, 2.621443e-22, 2.392559e-06
-4.984375e+00, 2.588512e-07, 2.526891e-06
-4.953125e+00, 7.792858e-07, 2.817575e-06
-4.921875e+00, 1.307940e-06, 3.140164e-06
-4.890625e+00, 1.850372e-06, 3.497978e-06
-4.859375e+00, 2.412253e-06, 3.894663e-06
-4.828125e+00, 2.999420e-06, 4.334215e-06
-4.796875e+00, 3.617923e-06, 4.821022e-06
-4.765625e+00, 4.274070e-06, 5.359887e-06
-4.734375e+00, 4.974485e-06, 5.956075e-06
-4.703125e+00, 5.726156e-06, 6.615347e-06
-4.671875e+00, 6.536492e-06, 7.344005e-06
-4.640625e+00, 7.413383e-06, 8.148943e-06
-4.609375e+00, 8.365254e-06, 9.037693e-06
-4.578125e+00, 9.401138e-06, 1.001848e-05
-4.546875e+00, 1.053073e-05, 1.110028e-05
-4.515625e+00, 1.176448e-05, 1.229289e-05
-4.484375e+00, 1.311363e-05, 1.360699e-05
-4.453125e+00, 1.459034e-05, 1.505421e-05
-4.421875e+00, 1.620773e-05, 1.664723e-05
-4.390625e+00, 1.797999e-05, 1.839983e-05
-4.359375e+00, 1.992250e-05, 2.032701e-05
-4.328125e+00, 2.205186e-05, 2.244509e-05
-4.296875e+00, 2.438607e-05, 2.477177e-05
-4.265625e+00, 2.694461e-05, 2.732629e-05
-4.234375e+00, 2.974855e-05, 3.012952e-05
-4.203125e+00, 3.282072e-05, 3.320410e-05
-4.171875e+00, 3.618580e-05, 3.657457e-05
-4.140625e+00, 3.987049e-05, 4.026749e-05
-4.109375e+00, 4.390369e-05, 4.431165e-05
-4.078125e+00, 4.831660e-05, 4.873817e-05
-4.046875e+00, 5.314295e-05, 5.358071e-05
-4.015625e+00, 5.841917e-05, 5.887564e-05
-3.984375e+00, 6.418459e-05, 6.466224e-05
-3.953125e+00, 7.048163e-05, 7.098290e-05
-3.921875e+00, 7.735604e-05, 7.788337e-05
-3.890625e+00, 8.485711e-05, 8.541294e-05
-3.859375e+00, 9.303798e-05, 9.362473e-05
-3.828125e+00, 1.019558e-04, 1.025759e-04
-3.796875e+00, 1.116721e-04, 1.123280e-04
-3.765625e+00, 1.222530e-04, 1.229473e-04
-3.734375e+00, 1.337697e-04, 1.345047e-04
-3.703125e+00, 1.462984e-04, 1.470768e-04
-3.671875e+00, 1.599211e-04, 1.607454e-04
-3.640625e+00, 1.747258e-04, 1.755986e-04
-3.609375e+00, 1.908066e-04, 1.917306e-04
-3.578125e+00, 2.082646e-04, 2.092425e-04
-3.546875e+00, 2.272079e-04, 2.282423e-04
-3.515625e+00, 2.477520e-04, 2.488458e-04
-3.484375e+00, 2.700209e-04, 2.711768e-04
-3.453125e+00, 2.941466e-04, 2.953675e-04
-3.421875e+00, 3.202703e-04, 3.215591e-04
-3.390625e+00, 3.485429e-04, 3.499023e-04
-3.359375e+00, 3.791249e-04, 3.805579e-04
-3.328125e+00, 4.121877e-04, 4.136972e-04
-3.296875e+00, 4.479140e-04, 4.495028e-04
-3.265625e+00, 4.864978e-04, 4.881690e-04
-3.234375e+00, 5.281461e-04, 5.299025e-04
-3.203125e+00, 5.730785e-04, 5.749229e-04
-3.171875e+00, 6.215284e-04, 6.234637e-04
-3.140625e+00, 6.737439e-04, 6.757729e-04
-3.109375e+00, 7.299878e-04, 7.321132e-04
-3.078125e+00, 7.905391e-04, 7.927635e-04
-3.046875e+00, 8.556932e-04, 8.580193e-04
-3.015625e+00, 9.257630e-04, 9.281931e-04
-2.984375e+00, 1.001080e-03, 1.003616e-03
-2.953125e+00, 1.081993e-03, 1.084638e-03
-2.921875e+00, 1.168873e-03, 1.171629e-03
-2.890625e+00, 1.262110e-03, 1.264978e-03
-2.859375e+00, 1.362116e-03, 1.365099e-03
-2.828125e+00, 1.469326e-03, 1.472424e-03
-2.796875e+00, 1.584198e-03, 1.587413e-03
-2.765625e+00, 1.707213e-03, 1.710546e-03
-2.734375e+00, 1.838879e-03, 1.842331e-03
-2.703125e+00, 1.979729e-03, 1.983300e-03
-2.671875e+00, 2.130323e-03, 2.134013e-03
-2.640625e+00, 2.291250e-03, 2.295058e-03
-2.609375e+00, 2.463126e-03, 2.467051e-03
-2.578125e+00, 2.646597e-03, 2.650640e-03
-2.546875e+00, 2.842342e-03, 2.846500e-03
-2.515625e+00, 3.051069e-03, 3.055340e-03
-2.484375e+00, 3.273520e-03, 3.277901e-03
-2.453125e+00, 3.510469e-03, 3.514958e-03
-2.421875e+00, 3.762726e-03, 3.767318e-03
-2.390625e+00, 4.031134e-03, 4.035827e-03
-2.359375e+00, 4.316574e-03, 4.321361e-03
-2.328125e+00, 4.619962e-03, 4.624839e-03
-2.296875e+00, 4.942253e-03, 4.947213e-03
-2.265625e+00, 5.284438e-03, 5.289475e-03
-2.234375e+00, 5.647548e-03, 5.652654e-03
-2.203125e+00, 6.032653e-03, 6.037821e-03
-2.171875e+00, 6.440864e-03, 6.446084e-03
-2.140625e+00, 6.873331e-03, 6.878594e-03
-2.109375e+00, 7.331245e-03, 7.336540e-03
-2.078125e+00, 7.815839e-03, 7.821155e-03
-2.046875e+00, 8.328386e-03, 8.333710e-03
-2.015625e+00, 8.870200e-03, 8.875521e-03
-1.984375e+00, 9.442640e-03, 9.447943e-03
-1.953125e+00, 1.004710e-02, 1.005237e-02
-1.921875e+00, 1.068503e-02, 1.069025e-02
-1.890625e+00, 1.135789e-02, 1.136306e-02
-1.859375e+00, 1.206723e-02, 1.207231e-02
-1.828125e+00, 1.281459e-02, 1.281957e-02
-1.796875e+00, 1.360157e-02, 1.360644e-02
-1.765625e+00, 1.442983e-02, 1.443456e-02
-1.734375e+00, 1.530103e-02, 1.530560e-02
-1.703125e+00, 1.621689e-02, 1.622129e-02
-1.671875e+00, 1.717916e-02, 1.718336e-02
-1.640625e+00, 1.818963e-02, 1.819361e-02
-1.609375e+00, 1.925012e-02, 1.925385e-02
-1.578125e+00, 2.036247e-02, 2.036593e-02
-1.546875e+00, 2.152855e-02, 2.153173e-02
-1.515625e+00, 2.275029e-02, 2.275314e-02
-1.484375e+00, 2.402959e-02, 2.403211e-02
-1.453125e+00, 2.536843e-02, 2.537057e-02
-1.421875e+00, 2.676875e-02, 2.677051e-02
-1.390625e+00, 2.823257e-02, 2.823391e-02
-1.359375e+00, 2.976187e-02, 2.976276e-02
-1.328125e+00, 3.135866e-02, 3.135909e-02
-1.296875e+00, 3.302497e-02, 3.302490e-02
-1.265625e+00, 3.476282e-02, 3.476223e-02
-1.234375e+00, 3.657423e-02, 3.657309e-02
-1.203125e+00, 3.846121e-02, 3.845950e-02
-1.171875e+00, 4.042578e-02, 4.042346e-02
-1.140625e+00, 4.246992e-02, 4.246698e-02
-1.109375e+00, 4.459561e-02, 4.459202e-02
-1.078125e+00, 4.680480e-02, 4.680054e-02
-1.046875e+00, 4.909942e-02, 4.909446e-02
-1.015625e+00, 5.148135e-02, 5.147569e-02
-9.843750e-01, 5.395246e-02, 5.394605e-02
-9.531250e-01, 5.651454e-02, 5.650738e-02
-9.218750e-01, 5.916936e-02, 5.916142e-02
-8.906250e-01, 6.191860e-02, 6.190989e-02
-8.593750e-01, 6.476393e-02, 6.475441e-02
-8.281250e-01, 6.770690e-02, 6.769656e-02
-7.968750e-01, 7.074901e-02, 7.073784e-02
-7.656250e-01, 7.389167e-02, 7.387967e-02
-7.343750e-01, 7.713622e-02, 7.712338e-02
-7.031250e-01, 8.048389e-02, 8.047020e-02
-6.718750e-01, 8.393581e-02, 8.392127e-02
-6.406250e-01, 8.749301e-02, 8.747762e-02
-6.093750e-01, 9.115641e-02, 9.114017e-02
-5.781250e-01, 9.492679e-02, 9.490971e-02
-5.468750e-01, 9.880482e-02, 9.878690e-02
-5.156250e-01, 1.027910e-01, 1.027723e-01
-4.843750e-01, 1.068858e-01, 1.068663e-01
-4.531250e-01, 1.110894e-01, 1.110691e-01
-4.218750e-01, 1.154020e-01, 1.153809e-01
-3.906250e-01, 1.198234e-01, 1.198015e-01
-3.593750e-01, 1.243534e-01, 1.243308e-01
-3.281250e-01, 1.289916e-01, 1.289683e-01
-2.968750e-01, 1.337375e-01, 1.337135e-01
-2.656250e-01, 1.385902e-01, 1.385656e-01
-2.343750e-01, 1.435489e-01, 1.435237e-01
-2.031250e-01, 1.486124e-01, 1.485866e-01
-1.718750e-01, 1.537793e-01, 1.537531e-01
-1.406250e-01, 1.590482e-01, 1.590215e-01
-1.093750e-01, 1.644172e-01, 1.643901e-01
-7.812500e-02, 1.698845e-01, 1.698571e-01
-4.687500e-02, 1.754479e-01, 1.754201e-01
-1.562500e-02, 1.811049e-01, 1.810769e-01
1.562500e-02, 1.868531e-01, 1.868249e-01
4.687500e-02, 1.926896e-01, 1.926613e-01
7.812500e-02, 1.986113e-01, 1.985830e-01
1.093750e-01, 2.046151e-01, 2.045868e-01
1.406250e-01, 2.106974e-01, 2.106692e-01
1.718750e-01, 2.168546e-01, 2.168266e-01
2.031250e-01, 2.230827e-01, 2.230550e-01
2.343750e-01, 2.293777e-01, 2.293502e-01
2.656250e-01, 2.357351e-01, 2.357080e-01
2.968750e-01, 2.421505e-01, 2.421239e-01
3.281250e-01, 2.486189e-01, 2.485929e-01
3.593750e-01, 2.551356e-01, 2.551102e-01
3.906250e-01, 2.616952e-01, 2.616705e-01
4.218750e-01, 2.682924e-01, 2.682685e-01
4.531250e-01, 2.749217e-01, 2.748987e-01
4.843750e-01, 2.815772e-01, 2.815551e-01
5.156250e-01, 2.882531e-01, 2.882320e-01
5.468750e-01, 2.949432e-01, 2.949232e-01
5.781250e-01, 3.016412e-01, 3.016224e-01
6.093750e-01, 3.083408e-01, 3.083232e-01
6.406250e-01, 3.150353e-01, 3.150190e-01
6.718750e-01, 3.217180e-01, 3.217031e-01
7.031250e-01, 3.283821e-01, 3.283686e-01
7.343750e-01, 3.350206e-01, 3.350087e-01
7.656250e-01, 3.416265e-01, 3.416161e-01
7.968750e-01, 3.481926e-01, 3.481839e-01
8.281250e-01, 3.547116e-01, 3.547046e-01
8.593750e-01, 3.611764e-01, 3.611711e-01
8.906250e-01, 3.675794e-01, 3.675759e-01
9.218750e-01, 3.739134e-01, 3.739117e-01
9.531250e-01, 3.801709e-01, 3.801710e-01
9.843750e-01, 3.863444e-01, 3.863465e-01
1.015625e+00, 3.924266e-01, 3.924305e-01
1.046875e+00, 3.984100e-01, 3.984158e-01
1.078125e+00, 4.042872e-01, 4.042950e-01
1.109375e+00, 4.100508e-01, 4.100606e-01
1.140625e+00, 4.156937e-01, 4.157054e-01
1.171875e+00, 4.212085e-01, 4.212221e-01
1.203125e+00, 4.265882e-01, 4.266038e-01
1.234375e+00, 4.318258e-01, 4.318433e-01
1.265625e+00, 4.369143e-01, 4.369337e-01
1.296875e+00, 4.418470e-01, 4.418683e-01
1.328125e+00, 4.466174e-01, 4.466405e-01
1.359375e+00, 4.512190e-01, 4.512439e-01
1.390625e+00, 4.556455e-01, 4.556722e-01
1.421875e+00, 4.598908e-01, 4.599193e-01
1.453125e+00, 4.639492e-01, 4.639793e-01
1.484375e+00, 4.678151e-01, 4.678468e-01
1.515625e+00, 4.714829e-01, 4.715161e-01
1.546875e+00, 4.749476e-01, 4.749823e-01
1.578125e+00, 4.782043e-01, 4.782404e-01
1.609375e+00, 4.812483e-01, 4.812857e-01
1.640625e+00, 4.840754e-01, 4.841140e-01
1.671875e+00, 4.866814e-01, 4.867213e-01
1.703125e+00, 4.890628e-01, 4.891036e-01
1.734375e+00, 4.912159e-01, 4.912577e-01
1.765625e+00, 4.931378e-01, 4.931805e-01
1.796875e+00, 4.948256e-01, 4.948690e-01
1.828125e+00, 4.962769e-01, 4.963210e-01
1.859375e+00, 4.974895e-01, 4.975342e-01
1.890625e+00, 4.984618e-01, 4.985069e-01
1.921875e+00, 4.991922e-01, 4.992376e-01
1.953125e+00, 4.996798e-01, 4.997254e-01
1.984375e+00, 4.999237e-01, 4.999695e-01
2.015625e+00, 4.999237e-01, 4.999695e-01
2.046875e+00, 4.996798e-01, 4.997254e-01
2.078125e+00, 4.991922e-01, 4.992376e-01
2.109375e+00, 4.984618e-01, 4.985069e-01
2.140625e+00, 4.974895e-01, 4.975342e-01
2.171875e+00, 4.962769e-01, 4.963210e-01
2.203125e+00, 4.948256e-01, 4.948690e-01
2.234375e+00, 4.931378e-01, 4.931805e-01
2.265625e+00, 4.912159e-01, 4.912577e-01
2.296875e+00, 4.890628e-01, 4.891036e-01
2.328125e+00, 4.866814e-01, 4.867213e-01
2.359375e+00, 4.840754e-01, 4.841140e-01
2.390625e+00, 4.812483e-01, 4.812857e-01
2.421875e+00, 4.782043e-01, 4.782404e-01
2.453125e+00, 4.749476e-01, 4.749823e-01
2.484375e+00, 4.714829e-01, 4.715161e-01
2.515625e+00, 4.678151e-01, 4.678468e-01
2.546875e+00, 4.639492e-01, 4.639793e-01
2.578125e+00, 4.598908e-01, 4.599193e-01
2.609375e+00, 4.556455e-01, 4.556722e-01
2.640625e+00, 4.512190e-01, 4.512439e-01
2.671875e+00, 4.466174e-01, 4.466405e-01
2.703125e+00, 4.418470e-01, 4.418683e-01
2.734375e+00, 4.369143e-01, 4.369337e-01
2.765625e+00, 4.318258e-01, 4.318433e-01
2.796875e+00, 4.265882e-01, 4.266038e-01
2.828125e+00, 4.212085e-01, 4.212221e-01
2.859375e+00, 4.156937e-01, 4.157054e-01
2.890625e+00, 4.100508e-01, 4.100606e-01
2.921875e+00, 4.042872e-01, 4.042950e-01
2.953125e+00, 3.984100e-01, 3.984158e-01
2.984375e+00, 3.924266e-01, 3.924305e-01
3.015625e+00, 3.863444e-01, 3.863465e-01
3.046875e+00, 3.801709e-01, 3.801710e-01
3.078125e+00, 3.739134e-01, 3.739117e-01
3.109375e+00, 3.675794e-01, 3.675759e-01
3.140625e+00, 3.611764e-01, 3.611711e-01
3.171875e+00, 3.547116e-01, 3.547046e-01
3.203125e+00, 3.481926e-01, 3.481839e-01
3.234375e+00, 3.416265e-01, 3.416161e-01
3.265625e+00, 3.350206e-01, 3.350087e-01
3.296875e+00, 3.283821e-01, 3.283686e-01
3.328125e+00, 3.217180e-01, 3.217031e-01
3.359375e+00, 3.150353e-01, 3.150190e-01
3.390625e+00, 3.083408e-01, 3.083232e-01
3.421875e+00, 3.016412e-01, 3.016224e-01
3.453125e+00, 2.949432e-01, 2.949232e-01
3.484375e+00, 2.882531e-01, 2.882320e-01
3.515625e+00, 2.815772e-01, 2.815551e-01
3.546875e+00, 2.749217e-01, 2.748987e-01
3.578125e+00, 2.682924e-01, 2.682685e-01
3.609375e+00, 2.616952e-01, 2.616705e-01
3.640625e+00, 2.551356e-01, 2.551102e-01
3.671875e+00, 2.486189e-01, 2.485929e-01
3.703125e+00, 2.421505e-01, 2.421239e-01
3.734375e+00, 2.357351e-01, 2.357080e-01
3.765625e+00, 2.293777e-01, 2.293502e-01
3.796875e+00, 2.230827e-01, 2.230550e-01
3.828125e+00, 2.168546e-01, 2.168266e-01
3.859375e+00, 2.106974e-01, 2.106692e-01
3.890625e+00, 2.046151e-01, 2.045868e-01
3.921875e+00, 1.986113e-01, 1.985830e-01
3.953125e+00, 1.926896e-01, 1.926613e-01
3.984375e+00, 1.868531e-01, 1.868249e-01
4.015625e+00, 1.811049e-01, 1.810769e-01
4.046875e+00, 1.754479e-01, 1.754201e-01
4.078125e+00, 1.698845e-01, 1.698571e-01
4.109375e+00, 1.644172e-01, 1.643901e-01
4.140625e+00, 1.590482e-01, 1.590215e-01
4.171875e+00, 1.537793e-01, 1.537531e-01
4.203125e+00, 1.486124e-01, 1.485866e-01
4.234375e+00, 1.435489e-01, 1.435237e-01
4.265625e+00, 1.385902e-01, 1.385656e-01
4.296875e+00, 1.337375e-01, 1.337135e-01
4.328125e+00, 1.289916e-01, 1.289683e-01
4.359375e+00, 1.243534e-01, 1.243308e-01
4.390625e+00, 1.198234e-01, 1.198015e-01
4.421875e+00, 1.154020e-01, 1.153809e-01
4.453125e+00, 1.110894e-01, 1.110691e-01
4.484375e+00, 1.068858e-01, 1.068663e-01
4.515625e+00, 1.027910e-01, 1.027723e-01
4.546875e+00, 9.880482e-02, 9.878690e-02
4.578125e+00, 9.492679e-02, 9.490971e-02
4.609375e+00, 9.115641e-02, 9.114017e-02
4.640625e+00, 8.749301e-02, 8.747762e-02
4.671875e+00, 8.393581e-02, 8.392127e-02
4.703125e+00, 8.048389e-02, 8.047020e-02
4.734375e+00, 7.713622e-02, 7.712338e-02
4.765625e+00, 7.389167e-02, 7.387967e-02
4.796875e+00, 7.074901e-02, 7.073784e-02
4.828125e+00, 6.770690e-02, 6.769656e-02
4.859375e+00, 6.476393e-02, 6.475441e-02
4.890625e+00, 6.191860e-02, 6.190989e-02
4.921875e+00, 5.916935e-02, 5.916142e-02
4.953125e+00, 5.651454e-02, 5.650738e-02
4.984375e+00, 5.395246e-02, 5.394605e-02
5.015625e+00, 5.148135e-02, 5.147569e-02
5.046875e+00, 4.909942e-02, 4.909446e-02
5.078125e+00, 4.680480e-02, 4.680054e-02
5.109375e+00, 4.459561e-02, 4.459202e-02
5.140625e+00, 4.246992e-02, 4.246698e-02
5.171875e+00, 4.042578e-02, 4.042346e-02
5.203125e+00, 3.846121e-02, 3.845950e-02
5.234375e+00, 3.657423e-02, 3.657309e-02
5.265625e+00, 3.476282e-02, 3.476223e-02
5.296875e+00, 3.302497e-02, 3.302490e-02
5.328125e+00, 3.135866e-02, 3.135909e-02
5.359375e+00, 2.976186e-02, 2.976276e-02
5.390625e+00, 2.823256e-02, 2.823391e-02
5.421875e+00, 2.676875e-02, 2.677051e-02
5.453125e+00, 2.536842e-02, 2.537057e-02
5.484375e+00, 2.402959e-02, 2.403211e-02
5.515625e+00, 2.275028e-02, 2.275314e-02
5.546875e+00, 2.152855e-02, 2.153173e-02
5.578125e+00, 2.036246e-02, 2.036593e-02
5.609375e+00, 1.925011e-02, 1.925385e-02
5.640625e+00, 1.818962e-02, 1.819361e-02
5.671875e+00, 1.717915e-02, 1.718336e-02
5.703125e+00, 1.621687e-02, 1.622129e-02
5.734375e+00, 1.530101e-02, 1.530560e-02
5.765625e+00, 1.442981e-02, 1.443456e-02
5.796875e+00, 1.360155e-02, 1.360644e-02
5.828125e+00, 1.281456e-02, 1.281957e-02
5.859375e+00, 1.206720e-02, 1.207231e-02
5.890625e+00, 1.135786e-02, 1.136306e-02
5.921875e+00, 1.068499e-02, 1.069025e-02
5.953125e+00, 1.004706e-02, 1.005237e-02
5.984375e+00, 9.442588e-03, 9.447943e-03
6.015625e+00, 8.870142e-03, 8.875521e-03
6.046875e+00, 8.328319e-03, 8.333710e-03
6.078125e+00, 7.815764e-03, 7.821155e-03
6.109375e+00, 7.331161e-03, 7.336540e-03
6.140625e+00, 6.873235e-03, 6.878594e-03
6.171875e+00, 6.440756e-03, 6.446084e-03
6.203125e+00, 6.032531e-03, 6.037821e-03
6.234375e+00, 5.647409e-03, 5.652654e-03
6.265625e+00, 5.284281e-03, 5.289475e-03
6.296875e+00, 4.942076e-03, 4.947213e-03
6.328125e+00, 4.619763e-03, 4.624839e-03
6.359375e+00, 4.316350e-03, 4.321361e-03
6.390625e+00, 4.030881e-03, 4.035827e-03
6.421875e+00, 3.762441e-03, 3.767318e-03
6.453125e+00, 3.510148e-03, 3.514958e-03
6.484375e+00, 3.273159e-03, 3.277901e-03
6.515625e+00, 3.050663e-03, 3.055340e-03
6.546875e+00, 2.841885e-03, 2.846500e-03
6.578125e+00, 2.646084e-03, 2.650640e-03
6.609375e+00, 2.462549e-03, 2.467051e-03
6.640625e+00, 2.290603e-03, 2.295058e-03
6.671875e+00, 2.129598e-03, 2.134013e-03
6.703125e+00, 1.978915e-03, 1.983300e-03
6.734375e+00, 1.837967e-03, 1.842331e-03
6.765625e+00, 1.706191e-03, 1.710546e-03
6.796875e+00, 1.583053e-03, 1.587413e-03
6.828125e+00, 1.468045e-03, 1.472424e-03
6.859375e+00, 1.360683e-03, 1.365099e-03
6.890625e+00, 1.260508e-03, 1.264978e-03
6.921875e+00, 1.167082e-03, 1.171629e-03
6.953125e+00, 1.079993e-03, 1.084638e-03
6.984375e+00, 9.988469e-04, 1.003616e-03
7.015625e+00, 9.232716e-04, 9.281931e-04
7.046875e+00, 8.529145e-04, 8.580193e-04
7.078125e+00, 7.874414e-04, 7.927635e-04
7.109375e+00, 7.265362e-04, 7.321132e-04
7.140625e+00, 6.698998e-04, 6.757729e-04
7.171875e+00, 6.172495e-04, 6.234637e-04
7.203125e+00, 5.683177e-04, 5.749229e-04
7.234375e+00, 5.228519e-04, 5.299025e-04
7.265625e+00, 4.806133e-04, 4.881690e-04
7.296875e+00, 4.413765e-04, 4.495028e-04
7.328125e+00, 4.049286e-04, 4.136972e-04
7.359375e+00, 3.710682e-04, 3.805579e-04
7.390625e+00, 3.396055e-04, 3.499023e-04
7.421875e+00, 3.103609e-04, 3.215591e-04
7.453125e+00, 2.831647e-04, 2.953675e-04
7.484375e+00, 2.578565e-04, 2.711768e-04
7.515625e+00, 2.342845e-04, 2.488458e-04
7.546875e+00, 2.123049e-04, 2.282423e-04
7.578125e+00, 1.917814e-04, 2.092425e-04
7.609375e+00, 1.725845e-04, 1.917306e-04
7.640625e+00, 1.545912e-04, 1.755986e-04
7.671875e+00, 1.376843e-04, 1.607454e-04
7.703125e+00, 1.217520e-04, 1.470768e-04
7.734375e+00, 1.066871e-04, 1.345047e-04
7.765625e+00, 9.238700e-05, 1.229473e-04
7.796875e+00, 7.875273e-05, 1.123280e-04
7.828125e+00, 6.568878e-05, 1.025759e-04
7.859375e+00, 5.310255e-05, 9.362473e-05
7.890625e+00, 4.090385e-05, 8.541294e-05
7.921875e+00, 2.900453e-05, 7.788337e-05
7.953125e+00, 1.731793e-05, 7.098290e-05
7.984375e+00, 5.758535e-06, 6.466224e-05
8.000000e+00, 1.159761e-16, 6.170490e-05


#At time: 1.000000e+02, nsteps= 2048


-5.000000e+00, 2.344690e-22, 2.479871e-05
-4.984375e+00, 2.158999e-06, 2.590647e-05
-4.953125e+00, 6.491044e-06, 2.826437e-05
-4.921875e+00, 1.086530e-05, 3.082484e-05
-4.890625e+00, 1.531013e-05, 3.360413e-05
-4.859375e+00, 1.985423e-05, 3.661971e-05
-4.828125e+00, 2.452679e-05, 3.989031e-05
-4.796875e+00, 2.935759e-05, 4.343605e-05
-4.765625e+00, 3.437716e-05, 4.727848e-05
-4.734375e+00, 3.961694e-05, 5.144073e-05
-4.703125e+00, 4.510940e-05, 5.594755e-05
-4.671875e+00, 5.088817e-05, 6.082546e-05
-4.640625e+00, 5.698824e-05, 6.610283e-05
-4.609375e+00, 6.344607e-05, 7.181002e-05
-4.578125e+00, 7.029976e-05, 7.797949e-05
-4.546875e+00, 7.758921e-05, 8.464594e-05
-4.515625e+00, 8.535631e-05, 9.184641e-05
-4.484375e+00, 9.364505e-05, 9.962048e-05
-4.453125e+00, 1.025018e-04, 1.080104e-04
-4.421875e+00, 1.119753e-04, 1.170611e-04
-4.390625e+00, 1.221170e-04, 1.268207e-04
-4.359375e+00, 1.329815e-04, 1.373403e-04
-4.328125e+00, 1.446260e-04, 1.486744e-04
-4.296875e+00, 1.571113e-04, 1.608809e-04
-4.265625e+00, 1.705017e-04, 1.740217e-04
-4.234375e+00, 1.848650e-04, 1.881624e-04
-4.203125e+00, 2.002731e-04, 2.033726e-04
-4.171875e+00, 2.168021e-04, 2.197265e-04
-4.140625e+00, 2.345324e-04, 2.373027e-04
-4.109375e+00, 2.535492e-04, 2.561848e-04
-4.078125e+00, 2.739425e-04, 2.764613e-04
-4.046875e+00, 2.958077e-04, 2.982262e-04
-4.015625e+00, 3.192455e-04, 3.215789e-04
-3.984375e+00, 3.443624e-04, 3.466247e-04
-3.953125e+00, 3.712711e-04, 3.734754e-04
-3.921875e+00, 4.000907e-04, 4.022488e-04
-3.890625e+00, 4.309467e-04, 4.330698e-04
-3.859375e+00, 4.639719e-04, 4.660703e-04
-3.828125e+00, 4.993065e-04, 5.013896e-04
-3.796875e+00, 5.370982e-04, 5.391747e-04
-3.765625e+00, 5.775028e-04, 5.795809e-04
-3.734375e+00, 6.206847e-04, 6.227719e-04
-3.703125e+00, 6.668170e-04, 6.689201e-04
-3.671875e+00, 7.160819e-04, 7.182074e-04
-3.640625e+00, 7.686712e-04, 7.708251e-04
-3.609375e+00, 8.247870e-04, 8.269746e-04
-3.578125e+00, 8.846413e-04, 8.868678e-04
-3.546875e+00, 9.484573e-04, 9.507272e-04
-3.515625e+00, 1.016469e-03, 1.018787e-03
-3.484375e+00, 1.088923e-03, 1.091292e-03
-3.453125e+00, 1.166077e-03, 1.168501e-03
-3.421875e+00, 1.248202e-03, 1.250684e-03
-3.390625e+00, 1.335581e-03, 1.338124e-03
-3.359375e+00, 1.428512e-03, 1.431118e-03
-3.328125e+00, 1.527305e-03, 1.529978e-03
-3.296875e+00, 1.632287e-03, 1.635027e-03
-3.265625e+00, 1.743798e-03, 1.746607e-03
-3.234375e+00, 1.862193e-03, 1.865073e-03
-3.203125e+00, 1.987845e-03, 1.990796e-03
-3.171875e+00, 2.121141e-03, 2.124164e-03
-3.140625e+00, 2.262486e-03, 2.265581e-03
-3.109375e+00, 2.412302e-03, 2.415470e-03
-3.078125e+00, 2.571029e-03, 2.574269e-03
-3.046875e+00, 2.739126e-03, 2.742437e-03
-3.015625e+00, 2.917068e-03, 2.920449e-03
-2.984375e+00, 3.105352e-03, 3.108802e-03
-2.953125e+00, 3.304492e-03, 3.308010e-03
-2.921875e+00, 3.515025e-03, 3.518609e-03
-2.890625e+00, 3.737506e-03, 3.741153e-03
-2.859375e+00, 3.972512e-03, 3.976219e-03
-2.828125e+00, 4.220640e-03, 4.224404e-03
-2.796875e+00, 4.482510e-03, 4.486327e-03
-2.765625e+00, 4.758763e-03, 4.762630e-03
-2.734375e+00, 5.050063e-03, 5.053975e-03
-2.703125e+00, 5.357095e-03, 5.361047e-03
-2.671875e+00, 5.680569e-03, 5.684557e-03
-2.640625e+00, 6.021216e-03, 6.025234e-03
-2.609375e+00, 6.379793e-03, 6.383833e-03
-2.578125e+00, 6.757076e-03, 6.761134e-03
-2.546875e+00, 7.153870e-03, 7.157937e-03
-2.515625e+00, 7.570999e-03, 7.575069e-03
-2.484375e+00, 8.009314e-03, 8.013379e-03
-2.453125e+00, 8.469687e-03, 8.473739e-03
-2.421875e+00, 8.953018e-03, 8.957047e-03
-2.390625e+00, 9.460226e-03, 9.464224e-03
-2.359375e+00, 9.992256e-03, 9.996212e-03
-2.328125e+00, 1.055008e-02, 1.055398e-02
-2.296875e+00, 1.113468e-02, 1.113852e-02
-2.265625e+00, 1.174707e-02, 1.175084e-02
-2.234375e+00, 1.238830e-02, 1.239199e-02
-2.203125e+00, 1.305942e-02, 1.306301e-02
-2.171875e+00, 1.376151e-02, 1.376499e-02
-2.140625e+00, 1.449566e-02, 1.449902e-02
-2.109375e+00, 1.526302e-02, 1.526624e-02
-2.078125e+00, 1.606470e-02, 1.606777e-02
-2.046875e+00, 1.690188e-02, 1.690479e-02
-2.015625e+00, 1.777572e-02, 1.777846e-02
-1.984375e+00, 1.868743e-02, 1.868998e-02
-1.953125e+00, 1.963822e-02, 1.964056e-02
-1.921875e+00, 2.062931e-02, 2.063143e-02
-1.890625e+00, 2.166194e-02, 2.166382e-02
-1.859375e+00, 2.273736e-02, 2.273899e-02
-1.828125e+00, 2.385684e-02, 2.385820e-02
-1.796875e+00, 2.502165e-02, 2.502272e-02
-1.765625e+00, 2.623306e-02, 2.623384e-02
-1.734375e+00, 2.749236e-02, 2.749282e-02
-1.703125e+00, 2.880085e-02, 2.880098e-02
-1.671875e+00, 3.015981e-02, 3.015960e-02
-1.640625e+00, 3.157054e-02, 3.156997e-02
-1.609375e+00, 3.303434e-02, 3.303339e-02
-1.578125e+00, 3.455249e-02, 3.455114e-02
-1.546875e+00, 3.612628e-02, 3.612452e-02
-1.515625e+00, 3.775698e-02, 3.775480e-02
-1.484375e+00, 3.944586e-02, 3.944323e-02
-1.453125e+00, 4.119416e-02, 4.119109e-02
-1.421875e+00, 4.300314e-02, 4.299959e-02
-1.390625e+00, 4.487400e-02, 4.486997e-02
-1.359375e+00, 4.680794e-02, 4.680342e-02
-1.328125e+00, 4.880614e-02, 4.880111e-02
-1.296875e+00, 5.086975e-02, 5.086420e-02
-1.265625e+00, 5.299988e-02, 5.299380e-02
-1.234375e+00, 5.519762e-02, 5.519101e-02
-1.203125e+00, 5.746401e-02, 5.745686e-02
-1.171875e+00, 5.980009e-02, 5.979237e-02
-1.140625e+00, 6.220680e-02, 6.219852e-02
-1.109375e+00, 6.468507e-02, 6.467623e-02
-1.078125e+00, 6.723579e-02, 6.722637e-02
-1.046875e+00, 6.985977e-02, 6.984978e-02
-1.015625e+00, 7.255778e-02, 7.254721e-02
-9.843750e-01, 7.533053e-02, 7.531938e-02
-9.531250e-01, 7.817868e-02, 7.816695e-02
-9.218750e-01, 8.110280e-02, 8.109048e-02
-8.906250e-01, 8.410340e-02, 8.409051e-02
-8.593750e-01, 8.718093e-02, 8.716747e-02
-8.281250e-01, 9.033576e-02, 9.032173e-02
-7.968750e-01, 9.356817e-02, 9.355358e-02
-7.656250e-01, 9.687836e-02, 9.686323e-02
-7.343750e-01, 1.002665e-01, 1.002508e-01
-7.031250e-01, 1.037325e-01, 1.037163e-01
-6.718750e-01, 1.072764e-01, 1.072597e-01
-6.406250e-01, 1.108981e-01, 1.108809e-01
-6.093750e-01, 1.145972e-01, 1.145795e-01
-5.781250e-01, 1.183734e-01, 1.183552e-01
-5.468750e-01, 1.222263e-01, 1.222077e-01
-5.156250e-01, 1.261552e-01, 1.261362e-01
-4.843750e-01, 1.301596e-01, 1.301402e-01
-4.531250e-01, 1.342386e-01, 1.342189e-01
-4.218750e-01, 1.383914e-01, 1.383713e-01
-3.906250e-01, 1.426169e-01, 1.425965e-01
-3.593750e-01, 1.469139e-01, 1.468933e-01
-3.281250e-01, 1.512814e-01, 1.512604e-01
-2.968750e-01, 1.557177e-01, 1.556966e-01
-2.656250e-01, 1.602216e-01, 1.602003e-01
-2.343750e-01, 1.647913e-01, 1.647699e-01
-2.031250e-01, 1.694252e-01, 1.694037e-01
-1.718750e-01, 1.741213e-01, 1.740997e-01
-1.406250e-01, 1.788776e-01, 1.788560e-01
-1.093750e-01, 1.836921e-01, 1.836706e-01
-7.812500e-02, 1.885625e-01, 1.885410e-01
-4.687500e-02, 1.934864e-01, 1.934650e-01
-1.562500e-02, 1.984614e-01, 1.984401e-01
1.562500e-02, 2.034847e-01, 2.034637e-01
4.687500e-02, 2.085537e-01, 2.085329e-01
7.812500e-02, 2.136655e-01, 2.136450e-01
1.093750e-01, 2.188170e-01, 2.187969e-01
1.406250e-01, 2.240052e-01, 2.239855e-01
1.718750e-01, 2.292269e-01, 2.292076e-01
2.031250e-01, 2.344787e-01, 2.344599e-01
2.343750e-01, 2.397571e-01, 2.397388e-01
2.656250e-01, 2.450586e-01, 2.450409e-01
2.968750e-01, 2.503794e-01, 2.503624e-01
3.281250e-01, 2.557159e-01, 2.556995e-01
3.593750e-01, 2.610641e-01, 2.610485e-01
3.906250e-01, 2.664201e-01, 2.664053e-01
4.218750e-01, 2.717798e-01, 2.717658e-01
4.531250e-01, 2.771391e-01, 2.771259e-01
4.843750e-01, 2.824936e-01, 2.824813e-01
5.156250e-01, 2.878392e-01, 2.878278e-01
5.468750e-01, 2.931713e-01, 2.931610e-01
5.781250e-01, 2.984856e-01, 2.984763e-01
6.093750e-01, 3.037776e-01, 3.037694e-01
6.406250e-01, 3.090427e-01, 3.090355e-01
6.718750e-01, 3.142762e-01, 3.142702e-01
7.031250e-01, 3.194736e-01, 3.194687e-01
7.343750e-01, 3.246301e-01, 3.246264e-01
7.656250e-01, 3.297410e-01, 3.297385e-01
7.968750e-01, 3.348016e-01, 3.348003e-01
8.281250e-01, 3.398071e-01, 3.398071e-01
8.593750e-01, 3.447527e-01, 3.447540e-01
8.906250e-01, 3.496338e-01, 3.496364e-01
9.218750e-01, 3.544455e-01, 3.544494e-01
9.531250e-01, 3.591831e-01, 3.591883e-01
9.843750e-01, 3.638419e-01, 3.638485e-01
1.015625e+00, 3.684172e-01, 3.684251e-01
1.046875e+00, 3.729044e-01, 3.729136e-01
1.078125e+00, 3.772989e-01, 3.773094e-01
1.109375e+00, 3.815960e-01, 3.816079e-01
1.140625e+00, 3.857915e-01, 3.858047e-01
1.171875e+00, 3.898807e-01, 3.898953e-01
1.203125e+00, 3.938595e-01, 3.938753e-01
1.234375e+00, 3.977235e-01, 3.977406e-01
1.265625e+00, 4.014686e-01, 4.014869e-01
1.296875e+00, 4.050908e-01, 4.051103e-01
1.328125e+00, 4.085860e-01, 4.086067e-01
1.359375e+00, 4.119504e-01, 4.119724e-01
1.390625e+00, 4.151804e-01, 4.152035e-01
1.421875e+00, 4.182724e-01, 4.182965e-01
1.453125e+00, 4.212229e-01, 4.212481e-01
1.484375e+00, 4.240285e-01, 4.240547e-01
1.515625e+00, 4.266862e-01, 4.267134e-01
1.546875e+00, 4.291929e-01, 4.292210e-01
1.578125e+00, 4.315457e-01, 4.315747e-01
1.609375e+00, 4.337421e-01, 4.337719e-01
1.640625e+00, 4.357794e-01, 4.358099e-01
1.671875e+00, 4.376553e-01, 4.376866e-01
1.703125e+00, 4.393677e-01, 4.393997e-01
1.734375e+00, 4.409146e-01, 4.409471e-01
1.765625e+00, 4.422942e-01, 4.423273e-01
1.796875e+00, 4.435049e-01, 4.435384e-01
1.828125e+00, 4.445452e-01, 4.445792e-01
1.859375e+00, 4.454141e-01, 4.454483e-01
1.890625e+00, 4.461104e-01, 4.461449e-01
1.921875e+00, 4.466333e-01, 4.466680e-01
1.953125e+00, 4.469822e-01, 4.470171e-01
1.984375e+00, 4.471568e-01, 4.471918e-01
2.015625e+00, 4.471568e-01, 4.471918e-01
2.046875e+00, 4.469822e-01, 4.470171e-01
2.078125e+00, 4.466333e-01, 4.466680e-01
2.109375e+00, 4.461104e-01, 4.461449e-01
2.140625e+00, 4.454141e-01, 4.454483e-01
2.171875e+00, 4.445452e-01, 4.445792e-01
2.203125e+00, 4.435049e-01, 4.435384e-01
2.234375e+00, 4.422942e-01, 4.423273e-01
2.265625e+00, 4.409146e-01, 4.409471e-01
2.296875e+00, 4.393677e-01, 4.393997e-01
2.328125e+00, 4.376553e-01, 4.376866e-01
2.359375e+00, 4.357794e-01, 4.358099e-01
2.390625e+00, 4.337421e-01, 4.337719e-01
2.421875e+00, 4.315457e-01, 4.315747e-01
2.453125e+00, 4.291929e-01, 4.292210e-01
2.484375e+00, 4.266862e-01, 4.267134e-01
2.515625e+00, 4.240285e-01, 4.240547e-01
2.546875e+00, 4.212229e-01, 4.212481e-01
2.578125e+00, 4.182724e-01, 4.182965e-01
2.609375e+00, 4.151804e-01, 4.152035e-01
2.640625e+00, 4.119504e-01, 4.119724e-01
2.671875e+00, 4.085860e-01, 4.086067e-01
2.703125e+00, 4.050908e-01, 4.051103e-01
2.734375e+00, 4.014686e-01, 4.014869e-01
2.765625e+00, 3.977235e-01, 3.977406e-01
2.796875e+00, 3.938595e-01, 3.938753e-01
2.828125e+00, 3.898807e-01, 3.898953e-01
2.859375e+00, 3.857915e-01, 3.858047e-01
2.890625e+00, 3.815960e-01, 3.816079e-01
2.921875e+00, 3.772989e-01, 3.773094e-01
2.953125e+00, 3.729044e-01, 3.729136e-01
2.984375e+00, 3.684172e-01, 3.684251e-01
3.015625e+00, 3.638419e-01, 3.638485e-01
3.046875e+00, 3.591831e-01, 3.591883e-01
3.078125e+00, 3.544455e-01, 3.544494e-01
3.109375e+00, 3.496338e-01, 3.496364e-01
3.140625e+00, 3.447527e-01, 3.447540e-01
3.171875e+00, 3.398071e-01, 3.398071e-01
3.203125e+00, 3.348016e-01, 3.348003e-01
3.234375e+00, 3.297410e-01, 3.297385e-01
3.265625e+00, 3.246301e-01, 3.246264e-01
3.296875e+00, 3.194736e-01, 3.194687e-01
3.328125e+00, 3.142762e-01, 3.142702e-01
3.359375e+00, 3.090427e-01, 3.090355e-01
3.390625e+00, 3.037776e-01, 3.037694e-01
3.421875e+00, 2.984856e-01, 2.984763e-01
3.453125e+00, 2.931713e-01, 2.931610e-01
3.484375e+00, 2.878392e-01, 2.878278e-01
3.515625e+00, 2.824936e-01, 2.824813e-01
3.546875e+00, 2.771391e-01, 2.771259e-01
3.578125e+00, 2.717798e-01, 2.717658e-01
3.609375e+00, 2.664201e-01, 2.664053e-01
3.640625e+00, 2.610641e-01, 2.610485e-01
3.671875e+00, 2.557159e-01, 2.556995e-01
3.703125e+00, 2.503794e-01, 2.503624e-01
3.734375e+00, 2.450586e-01, 2.450409e-01
3.765625e+00, 2.397571e-01, 2.397388e-01
3.796875e+00, 2.344787e-01, 2.344599e-01
3.828125e+00, 2.292269e-01, 2.292076e-01
3.859375e+00, 2.240052e-01, 2.239855e-01
3.890625e+00, 2.188170e-01, 2.187969e-01
3.921875e+00, 2.136655e-01, 2.136450e-01
3.953125e+00, 2.085537e-01, 2.085329e-01
3.984375e+00, 2.034847e-01, 2.034637e-01
4.015625e+00, 1.984614e-01, 1.984401e-01
4.046875e+00, 1.934864e-01, 1.934650e-01
4.078125e+00, 1.885625e-01, 1.885410e-01
4.109375e+00, 1.836921e-01, 1.836706e-01
4.140625e+00, 1.788776e-01, 1.788560e-01
4.171875e+00, 1.741213e-01, 1.740997e-01
4.203125e+00, 1.694252e-01, 1.694037e-01
4.234375e+00, 1.647913e-01, 1.647699e-01
4.265625e+00, 1.602216e-01, 1.602003e-01
4.296875e+00, 1.557177e-01, 1.556966e-01
4.328125e+00, 1.512813e-01, 1.512604e-01
4.359375e+00, 1.469139e-01, 1.468933e-01
4.390625e+00, 1.426169e-01, 1.425965e-01
4.421875e+00, 1.383914e-01, 1.383713e-01
4.453125e+00, 1.342386e-01, 1.342189e-01
4.484375e+00, 1.301596e-01, 1.301402e-01
4.515625e+00, 1.261552e-01, 1.261362e-01
4.546875e+00, 1.222262e-01, 1.222077e-01
4.578125e+00, 1.183734e-01, 1.183552e-01
4.609375e+00, 1.145972e-01, 1.145795e-01
4.640625e+00, 1.108980e-01, 1.108809e-01
4.671875e+00, 1.072764e-01, 1.072597e-01
4.703125e+00, 1.037325e-01, 1.037163e-01
4.734375e+00, 1.002664e-01, 1.002508e-01
4.765625e+00, 9.687835e-02, 9.686323e-02
4.796875e+00, 9.356815e-02, 9.355358e-02
4.828125e+00, 9.033574e-02, 9.032173e-02
4.859375e+00, 8.718091e-02, 8.716747e-02
4.890625e+00, 8.410337e-02, 8.409051e-02
4.921875e+00, 8.110277e-02, 8.109048e-02
4.953125e+00, 7.817864e-02, 7.816695e-02
4.984375e+00, 7.533050e-02, 7.531938e-02
5.015625e+00, 7.255774e-02, 7.254721e-02
5.046875e+00, 6.985972e-02, 6.984978e-02
5.078125e+00, 6.723573e-02, 6.722637e-02
5.109375e+00, 6.468501e-02, 6.467623e-02
5.140625e+00, 6.220673e-02, 6.219852e-02
5.171875e+00, 5.980001e-02, 5.979237e-02
5.203125e+00, 5.746393e-02, 5.745686e-02
5.234375e+00, 5.519752e-02, 5.519101e-02
5.265625e+00, 5.299977e-02, 5.299380e-02
5.296875e+00, 5.086963e-02, 5.086420e-02
5.328125e+00, 4.880601e-02, 4.880111e-02
5.359375e+00, 4.680780e-02, 4.680342e-02
5.390625e+00, 4.487384e-02, 4.486997e-02
5.421875e+00, 4.300296e-02, 4.299959e-02
5.453125e+00, 4.119397e-02, 4.119109e-02
5.484375e+00, 3.944564e-02, 3.944323e-02
5.515625e+00, 3.775673e-02, 3.775480e-02
5.546875e+00, 3.612601e-02, 3.612452e-02
5.578125e+00, 3.455219e-02, 3.455114e-02
5.609375e+00, 3.303400e-02, 3.303339e-02
5.640625e+00, 3.157017e-02, 3.156997e-02
5.671875e+00, 3.015939e-02, 3.015960e-02
5.703125e+00, 2.880038e-02, 2.880098e-02
5.734375e+00, 2.749185e-02, 2.749282e-02
5.765625e+00, 2.623249e-02, 2.623384e-02
5.796875e+00, 2.502102e-02, 2.502272e-02
5.828125e+00, 2.385614e-02, 2.385820e-02
5.859375e+00, 2.273659e-02, 2.273899e-02
5.890625e+00, 2.166109e-02, 2.166382e-02
5.921875e+00, 2.062837e-02, 2.063143e-02
5.953125e+00, 1.963718e-02, 1.964056e-02
5.984375e+00, 1.868628e-02, 1.868998e-02
6.015625e+00, 1.777444e-02, 1.777846e-02
6.046875e+00, 1.690046e-02, 1.690479e-02
6.078125e+00, 1.606314e-02, 1.606777e-02
6.109375e+00, 1.526129e-02, 1.526624e-02
6.140625e+00, 1.449376e-02, 1.449902e-02
6.171875e+00, 1.375941e-02, 1.376499e-02
6.203125e+00, 1.305710e-02, 1.306301e-02
6.234375e+00, 1.238575e-02, 1.239199e-02
6.265625e+00, 1.174426e-02, 1.175084e-02
6.296875e+00, 1.113158e-02, 1.113852e-02
6.328125e+00, 1.054666e-02, 1.055398e-02
6.359375e+00, 9.988500e-03, 9.996212e-03
6.390625e+00, 9.456094e-03, 9.464224e-03
6.421875e+00, 8.948473e-03, 8.957047e-03
6.453125e+00, 8.464692e-03, 8.473739e-03
6.484375e+00, 8.003824e-03, 8.013379e-03
6.515625e+00, 7.564968e-03, 7.575069e-03
6.546875e+00, 7.147248e-03, 7.157937e-03
6.578125e+00, 6.749808e-03, 6.761134e-03
6.609375e+00, 6.371818e-03, 6.383833e-03
6.640625e+00, 6.012471e-03, 6.025234e-03
6.671875e+00, 5.670981e-03, 5.684557e-03
6.703125e+00, 5.346588e-03, 5.361047e-03
6.734375e+00, 5.038553e-03, 5.053975e-03
6.765625e+00, 4.746160e-03, 4.762630e-03
6.796875e+00, 4.468715e-03, 4.486327e-03
6.828125e+00, 4.205546e-03, 4.224404e-03
6.859375e+00, 3.956003e-03, 3.976219e-03
6.890625e+00, 3.719458e-03, 3.741153e-03
6.921875e+00, 3.495301e-03, 3.518609e-03
6.953125e+00, 3.282945e-03, 3.308010e-03
6.984375e+00, 3.081822e-03, 3.108802e-03
7.015625e+00, 2.891384e-03, 2.920449e-03
7.046875e+00, 2.711101e-03, 2.742437e-03
7.078125e+00, 2.540463e-03, 2.574269e-03
7.109375e+00, 2.378976e-03, 2.415470e-03
7.140625e+00, 2.226165e-03, 2.265581e-03
7.171875e+00, 2.081573e-03, 2.124164e-03
7.203125e+00, 1.944756e-03, 1.990796e-03
7.234375e+00, 1.815288e-03, 1.865073e-03
7.265625e+00, 1.692759e-03, 1.746607e-03
7.296875e+00, 1.576773e-03, 1.635027e-03
7.328125e+00, 1.466946e-03, 1.529978e-03
7.359375e+00, 1.362911e-03, 1.431118e-03
7.390625e+00, 1.264311e-03, 1.338124e-03
7.421875e+00, 1.170804e-03, 1.250684e-03
7.453125e+00, 1.082057e-03, 1.168501e-03
7.484375e+00, 9.977506e-04, 1.091292e-03
7.515625e+00, 9.175741e-04, 1.018787e-03
7.546875e+00, 8.412277e-04, 9.507272e-04
7.578125e+00, 7.684207e-04, 8.868678e-04
7.609375e+00, 6.988711e-04, 8.269746e-04
7.640625e+00, 6.323051e-04, 7.708251e-04
7.671875e+00, 5.684563e-04, 7.182074e-04
7.703125e+00, 5.070654e-04, 6.689201e-04
7.734375e+00, 4.478792e-04, 6.227719e-04
7.765625e+00, 3.906504e-04, 5.795809e-04
7.796875e+00, 3.351367e-04, 5.391747e-04
7.828125e+00, 2.811002e-04, 5.013896e-04
7.859375e+00, 2.283072e-04, 4.660703e-04
7.890625e+00, 1.765270e-04, 4.330698e-04
7.921875e+00, 1.255318e-04, 4.022488e-04
7.953125e+00, 7.509585e-05, 3.734754e-04
7.984375e+00, 2.499477e-05, 3.466247e-04
8.000000e+00, 1.037322e-16, 3.338833e-04


