#At time: 0.000000e+00, nsteps= 0


-5.000000e+00, 5.242886e-22, 5.242886e-22
-4.984375e+00, 6.523284e-22, 6.523284e-22
-4.953125e+00, 1.008375e-21, 1.008375e-21
-4.921875e+00, 1.555712e-21, 1.555712e-21
-4.890625e+00, 2.395457e-21, 2.395457e-21
-4.859375e+00, 3.681284e-21, 3.681284e-21
-4.828125e+00, 5.646274e-21, 5.646274e-21
-4.796875e+00, 8.643237e-21, 8.643237e-21
-4.765625e+00, 1.320513e-20, 1.320513e-20
-4.734375e+00, 2.013542e-20, 2.013542e-20
-4.703125e+00, 3.064294e-20, 3.064294e-20
-4.671875e+00, 4.654274e-20, 4.654274e-20
-4.640625e+00, 7.055458e-20, 7.055458e-20
-4.609375e+00, 1.067457e-19, 1.067457e-19
-4.578125e+00, 1.611859e-19, 1.611859e-19
-4.546875e+00, 2.429158e-19, 2.429158e-19
-4.515625e+00, 3.653727e-19, 3.653727e-19
-4.484375e+00, 5.484893e-19, 5.484893e-19
-4.453125e+00, 8.217734e-19, 8.217734e-19
-4.421875e+00, 1.228819e-18, 1.228819e-18
-4.390625e+00, 1.833898e-18, 1.833898e-18
-4.359375e+00, 2.731583e-18, 2.731583e-18
-4.328125e+00, 4.060742e-18, 4.060742e-18
-4.296875e+00, 6.024876e-18, 6.024876e-18
-4.265625e+00, 8.921598e-18, 8.921598e-18
-4.234375e+00, 1.318527e-17, 1.318527e-17
-4.203125e+00, 1.944854e-17, 1.944854e-17
-4.171875e+00, 2.863102e-17, 2.863102e-17
-4.140625e+00, 4.206669e-17, 4.206669e-17
-4.109375e+00, 6.168673e-17, 6.168673e-17
-4.078125e+00, 9.028110e-17, 9.028110e-17
-4.046875e+00, 1.318723e-16, 1.318723e-16
-4.015625e+00, 1.922483e-16, 1.922483e-16
-3.984375e+00, 2.797196e-16, 2.797196e-16
-3.953125e+00, 4.061954e-16, 4.061954e-16
-3.921875e+00, 5.887067e-16, 5.887067e-16
-3.890625e+00, 8.515590e-16, 8.515590e-16
-3.859375e+00, 1.229369e-15, 1.229369e-15
-3.828125e+00, 1.771338e-15, 1.771338e-15
-3.796875e+00, 2.547256e-15, 2.547256e-15
-3.765625e+00, 3.655909e-15, 3.655909e-15
-3.734375e+00, 5.236848e-15, 5.236848e-15
-3.703125e+00, 7.486801e-15, 7.486801e-15
-3.671875e+00, 1.068254e-14, 1.068254e-14
-3.640625e+00, 1.521263e-14, 1.521263e-14
-3.609375e+00, 2.162151e-14, 2.162151e-14
-3.578125e+00, 3.067040e-14, 3.067040e-14
-3.546875e+00, 4.342147e-14, 4.342147e-14
-3.515625e+00, 6.135381e-14, 6.135381e-14
-3.484375e+00, 8.652274e-14, 8.652274e-14
-3.453125e+00, 1.217785e-13, 1.217785e-13
-3.421875e+00, 1.710657e-13, 1.710657e-13
-3.390625e+00, 2.398320e-13, 2.398320e-13
-3.359375e+00, 3.355852e-13, 3.355852e-13
-3.328125e+00, 4.686519e-13, 4.686519e-13
-3.296875e+00, 6.532054e-13, 6.532054e-13
-3.265625e+00, 9.086589e-13, 9.086589e-13
-3.234375e+00, 1.261548e-12, 1.261548e-12
-3.203125e+00, 1.748068e-12, 1.748068e-12
-3.171875e+00, 2.417491e-12, 2.417491e-12
-3.140625e+00, 3.336745e-12, 3.336745e-12
-3.109375e+00, 4.596560e-12, 4.596560e-12
-3.078125e+00, 6.319674e-12, 6.319674e-12
-3.046875e+00, 8.671778e-12, 8.671778e-12
-3.015625e+00, 1.187609e-11, 1.187609e-11
-2.984375e+00, 1.623269e-11, 1.623269e-11
-2.953125e+00, 2.214416e-11, 2.214416e-11
-2.921875e+00, 3.014948e-11, 3.014948e-11
-2.890625e+00, 4.096869e-11, 4.096869e-11
-2.859375e+00, 5.556179e-11, 5.556179e-11
-2.828125e+00, 7.520593e-11, 7.520593e-11
-2.796875e+00, 1.015967e-10, 1.015967e-10
-2.765625e+00, 1.369806e-10, 1.369806e-10
-2.734375e+00, 1.843276e-10, 1.843276e-10
-2.703125e+00, 2.475559e-10, 2.475559e-10
-2.671875e+00, 3.318241e-10, 3.318241e-10
-2.640625e+00, 4.439095e-10, 4.439095e-10
-2.609375e+00, 5.926970e-10, 5.926970e-10
-2.578125e+00, 7.898102e-10, 7.898102e-10
-2.546875e+00, 1.050424e-09, 1.050424e-09
-2.515625e+00, 1.394306e-09, 1.394306e-09
-2.484375e+00, 1.847155e-09, 1.847155e-09
-2.453125e+00, 2.442308e-09, 2.442308e-09
-2.421875e+00, 3.222919e-09, 3.222919e-09
-2.390625e+00, 4.244729e-09, 4.244729e-09
-2.359375e+00, 5.579591e-09, 5.579591e-09
-2.328125e+00, 7.319923e-09, 7.319923e-09
-2.296875e+00, 9.584345e-09, 9.584345e-09
-2.265625e+00, 1.252478e-08, 1.252478e-08
-2.234375e+00, 1.633539e-08, 1.633539e-08
-2.203125e+00, 2.126380e-08, 2.126380e-08
-2.171875e+00, 2.762510e-08, 2.762510e-08
-2.140625e+00, 3.581943e-08, 3.581943e-08
-2.109375e+00, 4.635378e-08, 4.635378e-08
-2.078125e+00, 5.986921e-08, 5.986921e-08
-2.046875e+00, 7.717446e-08, 7.717446e-08
-2.015625e+00, 9.928770e-08, 9.928770e-08
-1.984375e+00, 1.274879e-07, 1.274879e-07
-1.953125e+00, 1.633783e-07, 1.633783e-07
-1.921875e+00, 2.089641e-07, 2.089641e-07
-1.890625e+00, 2.667476e-07, 2.667476e-07
-1.859375e+00, 3.398453e-07, 3.398453e-07
-1.828125e+00, 4.321293e-07, 4.321293e-07
-1.796875e+00, 5.484006e-07, 5.484006e-07
-1.765625e+00, 6.945986e-07, 6.945986e-07
-1.734375e+00, 8.780550e-07, 8.780550e-07
-1.703125e+00, 1.107800e-06, 1.107800e-06
-1.671875e+00, 1.394930e-06, 1.394930e-06
-1.640625e+00, 1.753055e-06, 1.753055e-06
-1.609375e+00, 2.198824e-06, 2.198824e-06
-1.578125e+00, 2.752562e-06, 2.752562e-06
-1.546875e+00, 3.439026e-06, 3.439026e-06
-1.515625e+00, 4.288304e-06, 4.288304e-06
-1.484375e+00, 5.336881e-06, 5.336881e-06
-1.453125e+00, 6.628896e-06, 6.628896e-06
-1.421875e+00, 8.217632e-06, 8.217632e-06
-1.390625e+00, 1.016726e-05, 1.016726e-05
-1.359375e+00, 1.255489e-05, 1.255489e-05
-1.328125e+00, 1.547297e-05, 1.547297e-05
-1.296875e+00, 1.903208e-05, 1.903208e-05
-1.265625e+00, 2.336418e-05, 2.336418e-05
-1.234375e+00, 2.862639e-05, 2.862639e-05
-1.203125e+00, 3.500535e-05, 3.500535e-05
-1.171875e+00, 4.272224e-05, 4.272224e-05
-1.140625e+00, 5.203857e-05, 5.203857e-05
-1.109375e+00, 6.326281e-05, 6.326281e-05
-1.078125e+00, 7.675796e-05, 7.675796e-05
-1.046875e+00, 9.295015e-05, 9.295015e-05
-1.015625e+00, 1.123385e-04, 1.123385e-04
-9.843750e-01, 1.355061e-04, 1.355061e-04
-9.531250e-01, 1.631326e-04, 1.631326e-04
-9.218750e-01, 1.960083e-04, 1.960083e-04
-8.906250e-01, 2.350499e-04, 2.350499e-04
-8.593750e-01, 2.813178e-04, 2.813178e-04
-8.281250e-01, 3.360364e-04, 3.360364e-04
-7.968750e-01, 4.006150e-04, 4.006150e-04
-7.656250e-01, 4.766721e-04, 4.766721e-04
-7.343750e-01, 5.660622e-04, 5.660622e-04
-7.031250e-01, 6.709038e-04, 6.709038e-04
-6.718750e-01, 7.936119e-04, 7.936119e-04
-6.406250e-01, 9.369315e-04, 9.369315e-04
-6.093750e-01, 1.103975e-03, 1.103975e-03
-5.781250e-01, 1.298262e-03, 1.298262e-03
-5.468750e-01, 1.523763e-03, 1.523763e-03
-5.156250e-01, 1.784942e-03, 1.784942e-03
-4.843750e-01, 2.086809e-03, 2.086809e-03
-4.531250e-01, 2.434967e-03, 2.434967e-03
-4.218750e-01, 2.835666e-03, 2.835666e-03
-3.906250e-01, 3.295861e-03, 3.295861e-03
-3.593750e-01, 3.823265e-03, 3.823265e-03
-3.281250e-01, 4.426412e-03, 4.426412e-03
-2.968750e-01, 5.114709e-03, 5.114709e-03
-2.656250e-01, 5.898503e-03, 5.898503e-03
-2.343750e-01, 6.789136e-03, 6.789136e-03
-2.031250e-01, 7.799000e-03, 7.799000e-03
-1.718750e-01, 8.941597e-03, 8.941597e-03
-1.406250e-01, 1.023159e-02, 1.023159e-02
-1.093750e-01, 1.168484e-02, 1.168484e-02
-7.812500e-02, 1.331847e-02, 1.331847e-02
-4.687500e-02, 1.515087e-02, 1.515087e-02
-1.562500e-02, 1.720175e-02, 1.720175e-02
1.562500e-02, 1.949214e-02, 1.949214e-02
4.687500e-02, 2.204439e-02, 2.204439e-02
7.812500e-02, 2.488218e-02, 2.488218e-02
1.093750e-01, 2.803048e-02, 2.803048e-02
1.406250e-01, 3.151551e-02, 3.151551e-02
1.718750e-01, 3.536470e-02, 3.536470e-02
2.031250e-01, 3.960659e-02, 3.960659e-02
2.343750e-01, 4.427073e-02, 4.427073e-02
2.656250e-01, 4.938756e-02, 4.938756e-02
2.968750e-01, 5.498830e-02, 5.498830e-02
3.281250e-01, 6.110473e-02, 6.110473e-02
3.593750e-01, 6.776900e-02, 6.776900e-02
3.906250e-01, 7.501345e-02, 7.501345e-02
4.218750e-01, 8.287030e-02, 8.287030e-02
4.531250e-01, 9.137145e-02, 9.137145e-02
4.843750e-01, 1.005481e-01, 1.005481e-01
5.156250e-01, 1.104305e-01, 1.104305e-01
5.468750e-01, 1.210475e-01, 1.210475e-01
5.781250e-01, 1.324264e-01, 1.324264e-01
6.093750e-01, 1.445922e-01, 1.445922e-01
6.406250e-01, 1.575676e-01, 1.575676e-01
6.718750e-01, 1.713725e-01, 1.713725e-01
7.031250e-01, 1.860230e-01, 1.860230e-01
7.343750e-01, 2.015321e-01, 2.015321e-01
7.656250e-01, 2.179081e-01, 2.179081e-01
7.968750e-01, 2.351552e-01, 2.351552e-01
8.281250e-01, 2.532721e-01, 2.532721e-01
8.593750e-01, 2.722525e-01, 2.722525e-01
8.906250e-01, 2.920843e-01, 2.920843e-01
9.218750e-01, 3.127493e-01, 3.127493e-01
9.531250e-01, 3.342229e-01, 3.342229e-01
9.843750e-01, 3.564739e-01, 3.564739e-01
1.015625e+00, 3.794645e-01, 3.794645e-01
1.046875e+00, 4.031497e-01, 4.031497e-01
1.078125e+00, 4.274775e-01, 4.274775e-01
1.109375e+00, 4.523890e-01, 4.523890e-01
1.140625e+00, 4.778180e-01, 4.778180e-01
1.171875e+00, 5.036916e-01, 5.036916e-01
1.203125e+00, 5.299303e-01, 5.299303e-01
1.234375e+00, 5.564480e-01, 5.564480e-01
1.265625e+00, 5.831524e-01, 5.831524e-01
1.296875e+00, 6.099461e-01, 6.099461e-01
1.328125e+00, 6.367259e-01, 6.367259e-01
1.359375e+00, 6.633846e-01, 6.633846e-01
1.390625e+00, 6.898108e-01, 6.898108e-01
1.421875e+00, 7.158902e-01, 7.158902e-01
1.453125e+00, 7.415058e-01, 7.415058e-01
1.484375e+00, 7.665394e-01, 7.665394e-01
1.515625e+00, 7.908720e-01, 7.908720e-01
1.546875e+00, 8.143848e-01, 8.143848e-01
1.578125e+00, 8.369604e-01, 8.369604e-01
1.609375e+00, 8.584834e-01, 8.584834e-01
1.640625e+00, 8.788418e-01, 8.788418e-01
1.671875e+00, 8.979274e-01, 8.979274e-01
1.703125e+00, 9.156375e-01, 9.156375e-01
1.734375e+00, 9.318750e-01, 9.318750e-01
1.765625e+00, 9.465499e-01, 9.465499e-01
1.796875e+00, 9.595798e-01, 9.595798e-01
1.828125e+00, 9.708911e-01, 9.708911e-01
1.859375e+00, 9.804189e-01, 9.804189e-01
1.890625e+00, 9.881084e-01, 9.881084e-01
1.921875e+00, 9.939151e-01, 9.939151e-01
1.953125e+00, 9.978051e-01, 9.978051e-01
1.984375e+00, 9.997559e-01, 9.997559e-01
2.015625e+00, 9.997559e-01, 9.997559e-01
2.046875e+00, 9.978051e-01, 9.978051e-01
2.078125e+00, 9.939151e-01, 9.939151e-01
2.109375e+00, 9.881084e-01, 9.881084e-01
2.140625e+00, 9.804189e-01, 9.804189e-01
2.171875e+00, 9.708911e-01, 9.708911e-01
2.203125e+00, 9.595798e-01, 9.595798e-01
2.234375e+00, 9.465499e-01, 9.465499e-01
2.265625e+00, 9.318750e-01, 9.318750e-01
2.296875e+00, 9.156375e-01, 9.156375e-01
2.328125e+00, 8.979274e-01, 8.979274e-01
2.359375e+00, 8.788418e-01, 8.788418e-01
2.390625e+00, 8.584834e-01, 8.584834e-01
2.421875e+00, 8.369604e-01, 8.369604e-01
2.453125e+00, 8.143848e-01, 8.143848e-01
2.484375e+00, 7.908720e-01, 7.908720e-01
2.515625e+00, 7.665394e-01, 7.665394e-01
2.546875e+00, 7.415058e-01, 7.415058e-01
2.578125e+00, 7.158902e-01, 7.158902e-01
2.609375e+00, 6.898108e-01, 6.898108e-01
2.640625e+00, 6.633846e-01, 6.633846e-01
2.671875e+00, 6.367259e-01, 6.367259e-01
2.703125e+00, 6.099461e-01, 6.099461e-01
2.734375e+00, 5.831524e-01, 5.831524e-01
2.765625e+00, 5.564480e-01, 5.564480e-01
2.796875e+00, 5.299303e-01, 5.299303e-01
2.828125e+00, 5.036916e-01, 5.036916e-01
2.859375e+00, 4.778180e-01, 4.778180e-01
2.890625e+00, 4.523890e-01, 4.523890e-01
2.921875e+00, 4.274775e-01, 4.274775e-01
2.953125e+00, 4.031497e-01, 4.031497e-01
2.984375e+00, 3.794645e-01, 3.794645e-01
3.015625e+00, 3.564739e-01, 3.564739e-01
3.046875e+00, 3.342229e-01, 3.342229e-01
3.078125e+00, 3.127493e-01, 3.127493e-01
3.109375e+00, 2.920843e-01, 2.920843e-01
3.140625e+00, 2.722525e-01, 2.722525e-01
3.171875e+00, 2.532721e-01, 2.532721e-01
3.203125e+00, 2.351552e-01, 2.351552e-01
3.234375e+00, 2.179081e-01, 2.179081e-01
3.265625e+00, 2.015321e-01, 2.015321e-01
3.296875e+00, 1.860230e-01, 1.860230e-01
3.328125e+00, 1.713725e-01, 1.713725e-01
3.359375e+00, 1.575676e-01, 1.575676e-01
3.390625e+00, 1.445922e-01, 1.445922e-01
3.421875e+00, 1.324264e-01, 1.324264e-01
3.453125e+00, 1.210475e-01, 1.210475e-01
3.484375e+00, 1.104305e-01, 1.104305e-01
3.515625e+00, 1.005481e-01, 1.005481e-01
3.546875e+00, 9.137145e-02, 9.137145e-02
3.578125e+00, 8.287030e-02, 8.287030e-02
3.609375e+00, 7.501345e-02, 7.501345e-02
3.640625e+00, 6.776900e-02, 6.776900e-02
3.671875e+00, 6.110473e-02, 6.110473e-02
3.703125e+00, 5.498830e-02, 5.498830e-02
3.734375e+00, 4.938756e-02, 4.938756e-02
3.765625e+00, 4.427073e-02, 4.427073e-02
3.796875e+00, 3.960659e-02, 3.960659e-02
3.828125e+00, 3.536470e-02, 3.536470e-02
3.859375e+00, 3.151551e-02, 3.151551e-02
3.890625e+00, 2.803048e-02, 2.803048e-02
3.921875e+00, 2.488218e-02, 2.488218e-02
3.953125e+00, 2.204439e-02, 2.204439e-02
3.984375e+00, 1.949214e-02, 1.949214e-02
4.015625e+00, 1.720175e-02, 1.720175e-02
4.046875e+00, 1.515087e-02, 1.515087e-02
4.078125e+00, 1.331847e-02, 1.331847e-02
4.109375e+00, 1.168484e-02, 1.168484e-02
4.140625e+00, 1.023159e-02, 1.023159e-02
4.171875e+00, 8.941597e-03, 8.941597e-03
4.203125e+00, 7.799000e-03, 7.799000e-03
4.234375e+00, 6.789136e-03, 6.789136e-03
4.265625e+00, 5.898503e-03, 5.898503e-03
4.296875e+00, 5.114709e-03, 5.114709e-03
4.328125e+00, 4.426412e-03, 4.426412e-03
4.359375e+00, 3.823265e-03, 3.823265e-03
4.390625e+00, 3.295861e-03, 3.295861e-03
4.421875e+00, 2.835666e-03, 2.835666e-03
4.453125e+00, 2.434967e-03, 2.434967e-03
4.484375e+00, 2.086809e-03, 2.086809e-03
4.515625e+00, 1.784942e-03, 1.784942e-03
4.546875e+00, 1.523763e-03, 1.523763e-03
4.578125e+00, 1.298262e-03, 1.298262e-03
4.609375e+00, 1.103975e-03, 1.103975e-03
4.640625e+00, 9.369315e-04, 9.369315e-04
4.671875e+00, 7.936119e-04, 7.936119e-04
4.703125e+00, 6.709038e-04, 6.709038e-04
4.734375e+00, 5.660622e-04, 5.660622e-04
4.765625e+00, 4.766721e-04, 4.766721e-04
4.796875e+00, 4.006150e-04, 4.006150e-04
4.828125e+00, 3.360364e-04, 3.360364e-04
4.859375e+00, 2.813178e-04, 2.813178e-04
4.890625e+00, 2.350499e-04, 2.350499e-04
4.921875e+00, 1.960083e-04, 1.960083e-04
4.953125e+00, 1.631326e-04, 1.631326e-04
4.984375e+00, 1.355061e-04, 1.355061e-04
5.015625e+00, 1.123385e-04, 1.123385e-04
5.046875e+00, 9.295015e-05, 9.295015e-05
5.078125e+00, 7.675796e-05, 7.675796e-05
5.109375e+00, 6.326281e-05, 6.326281e-05
5.140625e+00, 5.203857e-05, 5.203857e-05
5.171875e+00, 4.272224e-05, 4.272224e-05
5.203125e+00, 3.500535e-05, 3.500535e-05
5.234375e+00, 2.862639e-05, 2.862639e-05
5.265625e+00, 2.336418e-05, 2.336418e-05
5.296875e+00, 1.903208e-05, 1.903208e-05
5.328125e+00, 1.547297e-05, 1.547297e-05
5.359375e+00, 1.255489e-05, 1.255489e-05
5.390625e+00, 1.016726e-05, 1.016726e-05
5.421875e+00, 8.217632e-06, 8.217632e-06
5.453125e+00, 6.628896e-06, 6.628896e-06
5.484375e+00, 5.336881e-06, 5.336881e-06
5.515625e+00, 4.288304e-06, 4.288304e-06
5.546875e+00, 3.439026e-06, 3.439026e-06
5.578125e+00, 2.752562e-06, 2.752562e-06
5.609375e+00, 2.198824e-06, 2.198824e-06
5.640625e+00, 1.753055e-06, 1.753055e-06
5.671875e+00, 1.394930e-06, 1.394930e-06
5.703125e+00, 1.107800e-06, 1.107800e-06
5.734375e+00, 8.780550e-07, 8.780550e-07
5.765625e+00, 6.945986e-07, 6.945986e-07
5.796875e+00, 5.484006e-07, 5.484006e-07
5.828125e+00, 4.321293e-07, 4.321293e-07
5.859375e+00, 3.398453e-07, 3.398453e-07
5.890625e+00, 2.667476e-07, 2.667476e-07
5.921875e+00, 2.089641e-07, 2.089641e-07
5.953125e+00, 1.633783e-07, 1.633783e-07
5.984375e+00, 1.274879e-07, 1.274879e-07
6.015625e+00, 9.928770e-08, 9.928770e-08
6.046875e+00, 7.717446e-08, 7.717446e-08
6.078125e+00, 5.986921e-08, 5.986921e-08
6.109375e+00, 4.635378e-08, 4.635378e-08
6.140625e+00, 3.581943e-08, 3.581943e-08
6.171875e+00, 2.762510e-08, 2.762510e-08
6.203125e+00, 2.126380e-08, 2.126380e-08
6.234375e+00, 1.633539e-08, 1.633539e-08
6.265625e+00, 1.252478e-08, 1.252478e-08
6.296875e+00, 9.584345e-09, 9.584345e-09
6.328125e+00, 7.319923e-09, 7.319923e-09
6.359375e+00, 5.579591e-09, 5.579591e-09
6.390625e+00, 4.244729e-09, 4.244729e-09
6.421875e+00, 3.222919e-09, 3.222919e-09
6.453125e+00, 2.442308e-09, 2.442308e-09
6.484375e+00, 1.847155e-09, 1.847155e-09
6.515625e+00, 1.394306e-09, 1.394306e-09
6.546875e+00, 1.050424e-09, 1.050424e-09
6.578125e+00, 7.898102e-10, 7.898102e-10
6.609375e+00, 5.926970e-10, 5.926970e-10
6.640625e+00, 4.439095e-10, 4.439095e-10
6.671875e+00, 3.318241e-10, 3.318241e-10
6.703125e+00, 2.475559e-10, 2.475559e-10
6.734375e+00, 1.843276e-10, 1.843276e-10
6.765625e+00, 1.369806e-10, 1.369806e-10
6.796875e+00, 1.015967e-10, 1.015967e-10
6.828125e+00, 7.520593e-11, 7.520593e-11
6.859375e+00, 5.556179e-11, 5.556179e-11
6.890625e+00, 4.096869e-11, 4.096869e-11
6.921875e+00, 3.014948e-11, 3.014948e-11
6.953125e+00, 2.214416e-11, 2.214416e-11
6.984375e+00, 1.623269e-11, 1.623269e-11
7.015625e+00, 1.187609e-11, 1.187609e-11
7.046875e+00, 8.671778e-12, 8.671778e-12
7.078125e+00, 6.319674e-12, 6.319674e-12
7.109375e+00, 4.596560e-12, 4.596560e-12
7.140625e+00, 3.336745e-12, 3.336745e-12
7.171875e+00, 2.417491e-12, 2.417491e-12
7.203125e+00, 1.748068e-12, 1.748068e-12
7.234375e+00, 1.261548e-12, 1.261548e-12
7.265625e+00, 9.086589e-13, 9.086589e-13
7.296875e+00, 6.532054e-13, 6.532054e-13
7.328125e+00, 4.686519e-13, 4.686519e-13
7.359375e+00, 3.355852e-13, 3.355852e-13
7.390625e+00, 2.398320e-13, 2.398320e-13
7.421875e+00, 1.710657e-13, 1.710657e-13
7.453125e+00, 1.217785e-13, 1.217785e-13
7.484375e+00, 8.652274e-14, 8.652274e-14
7.515625e+00, 6.135381e-14, 6.135381e-14
7.546875e+00, 4.342147e-14, 4.342147e-14
7.578125e+00, 3.067040e-14, 3.067040e-14
7.609375e+00, 2.162151e-14, 2.162151e-14
7.640625e+00, 1.521263e-14, 1.521263e-14
7.671875e+00, 1.068254e-14, 1.068254e-14
7.703125e+00, 7.486801e-15, 7.486801e-15
7.734375e+00, 5.236848e-15, 5.236848e-15
7.765625e+00, 3.655909e-15, 3.655909e-15
7.796875e+00, 2.547256e-15, 2.547256e-15
7.828125e+00, 1.771338e-15, 1.771338e-15
7.859375e+00, 1.229369e-15, 1.229369e-15
7.890625e+00, 8.515590e-16, 8.515590e-16
7.921875e+00, 5.887067e-16, 5.887067e-16
7.953125e+00, 4.061954e-16, 4.061954e-16
7.984375e+00, 2.797196e-16, 2.797196e-16
8.000000e+00, 2.319523e-16, 2.319523e-16


#At time: 2.500975e+01, nsteps= 513


-5.000000e+00, 2.610232e-22, 1.365055e-11
-4.984375e+00, 2.813272e-12, 1.523206e-11
-4.953125e+00, 8.576187e-12, 1.895210e-11
-4.921875e+00, 1.474550e-11, 2.355765e-11
-4.890625e+00, 2.160009e-11, 2.925383e-11
-4.859375e+00, 2.944786e-11, 3.629186e-11
-4.828125e+00, 3.863834e-11, 4.497922e-11
-4.796875e+00, 4.957676e-11, 5.569169e-11
-4.765625e+00, 6.274026e-11, 6.888822e-11
-4.734375e+00, 7.869673e-11, 8.512859e-11
-4.703125e+00, 9.812695e-11, 1.050950e-10
-4.671875e+00, 1.218508e-10, 1.296177e-10
-4.640625e+00, 1.508586e-10, 1.597065e-10
-4.609375e+00, 1.863481e-10, 1.965880e-10
-4.578125e+00, 2.297691e-10, 2.417505e-10
-4.546875e+00, 2.828768e-10, 2.969981e-10
-4.515625e+00, 3.477952e-10, 3.645155e-10
-4.484375e+00, 4.270932e-10, 4.469451e-10
-4.453125e+00, 5.238762e-10, 5.474801e-10
-4.421875e+00, 6.418938e-10, 6.699749e-10
-4.390625e+00, 7.856703e-10, 8.190769e-10
-4.359375e+00, 9.606589e-10, 1.000384e-09
-4.328125e+00, 1.173426e-09, 1.220632e-09
-4.296875e+00, 1.431870e-09, 1.487917e-09
-4.265625e+00, 1.745483e-09, 1.811961e-09
-4.234375e+00, 2.125656e-09, 2.204422e-09
-4.203125e+00, 2.586051e-09, 2.679271e-09
-4.171875e+00, 3.143030e-09, 3.253229e-09
-4.140625e+00, 3.816172e-09, 3.946285e-09
-4.109375e+00, 4.628876e-09, 4.782316e-09
-4.078125e+00, 5.609081e-09, 5.789807e-09
-4.046875e+00, 6.790105e-09, 7.002706e-09
-4.015625e+00, 8.211644e-09, 8.461427e-09
-3.984375e+00, 9.920937e-09, 1.021403e-08
-3.953125e+00, 1.197414e-08, 1.231762e-08
-3.921875e+00, 1.443794e-08, 1.483996e-08
-3.890625e+00, 1.739143e-08, 1.786135e-08
-3.859375e+00, 2.092833e-08, 2.147691e-08
-3.828125e+00, 2.515958e-08, 2.579914e-08
-3.796875e+00, 3.021633e-08, 3.096099e-08
-3.765625e+00, 3.625347e-08, 3.711934e-08
-3.734375e+00, 4.345374e-08, 4.445920e-08
-3.703125e+00, 5.203247e-08, 5.319846e-08
-3.671875e+00, 6.224314e-08, 6.359346e-08
-3.640625e+00, 7.438381e-08, 7.594546e-08
-3.609375e+00, 8.880457e-08, 9.060811e-08
-3.578125e+00, 1.059162e-07, 1.079962e-07
-3.546875e+00, 1.262000e-07, 1.285954e-07
-3.515625e+00, 1.502195e-07, 1.529744e-07
-3.484375e+00, 1.786339e-07, 1.817975e-07
-3.453125e+00, 2.122128e-07, 2.158406e-07
-3.421875e+00, 2.518545e-07, 2.560084e-07
-3.390625e+00, 2.986058e-07, 3.033551e-07
-3.359375e+00, 3.536856e-07, 3.591074e-07
-3.328125e+00, 4.185112e-07, 4.246913e-07
-3.296875e+00, 4.947291e-07, 5.017626e-07
-3.265625e+00, 5.842497e-07, 5.922420e-07
-3.234375e+00, 6.892875e-07, 6.983548e-07
-3.203125e+00, 8.124061e-07, 8.226763e-07
-3.171875e+00, 9.565702e-07, 9.681839e-07
-3.140625e+00, 1.125205e-06, 1.138316e-06
-3.109375e+00, 1.322261e-06, 1.337037e-06
-3.078125e+00, 1.552295e-06, 1.568918e-06
-3.046875e+00, 1.820549e-06, 1.839217e-06
-3.015625e+00, 2.133053e-06, 2.153979e-06
-2.984375e+00, 2.496735e-06, 2.520149e-06
-2.953125e+00, 2.919541e-06, 2.945688e-06
-2.921875e+00, 3.410579e-06, 3.439722e-06
-2.890625e+00, 3.980276e-06, 4.012693e-06
-2.859375e+00, 4.640554e-06, 4.676538e-06
-2.828125e+00, 5.405031e-06, 5.444887e-06
-2.796875e+00, 6.289241e-06, 6.333290e-06
-2.765625e+00, 7.310888e-06, 7.359457e-06
-2.734375e+00, 8.490119e-06, 8.543545e-06
-2.703125e+00, 9.849844e-06, 9.908467e-06
-2.671875e+00, 1.141608e-05, 1.148024e-05
-2.640625e+00, 1.321833e-05, 1.328835e-05
-2.609375e+00, 1.529002e-05, 1.536623e-05
-2.578125e+00, 1.766900e-05, 1.775168e-05
-2.546875e+00, 2.039802e-05, 2.048744e-05
-2.515625e+00, 2.352536e-05, 2.362174e-05
-2.484375e+00, 2.710546e-05, 2.720896e-05
-2.453125e+00, 3.119965e-05, 3.131036e-05
-2.421875e+00, 3.587692e-05, 3.599483e-05
-2.390625e+00, 4.121478e-05, 4.133977e-05
-2.359375e+00, 4.730025e-05, 4.743207e-05
-2.328125e+00, 5.423087e-05, 5.436909e-05
-2.296875e+00, 6.211583e-05, 6.225983e-05
-2.265625e+00, 7.107726e-05, 7.122621e-05
-2.234375e+00, 8.125160e-05, 8.140436e-05
-2.203125e+00, 9.279102e-05, 9.294617e-05
-2.171875e+00, 1.058651e-04, 1.060208e-04
-2.140625e+00, 1.206626e-04, 1.208167e-04
-2.109375e+00, 1.373933e-04, 1.375431e-04
-2.078125e+00, 1.562901e-04, 1.564323e-04
-2.046875e+00, 1.776113e-04, 1.777420e-04
-2.015625e+00, 2.016428e-04, 2.017575e-04
-1.984375e+00, 2.287010e-04, 2.287943e-04
-1.953125e+00, 2.591354e-04, 2.592011e-04
-1.921875e+00, 2.933314e-04, 2.933623e-04
-1.890625e+00, 3.317141e-04, 3.317018e-04
-1.859375e+00, 3.747508e-04, 3.746858e-04
-1.828125e+00, 4.229555e-04, 4.228270e-04
-1.796875e+00, 4.768924e-04, 4.766879e-04
-1.765625e+00, 5.371797e-04, 5.368852e-04
-1.734375e+00, 6.044946e-04, 6.040943e-04
-1.703125e+00, 6.795773e-04, 6.790536e-04
-1.671875e+00, 7.632363e-04, 7.625693e-04
-1.640625e+00, 8.563533e-04, 8.555207e-04
-1.609375e+00, 9.598883e-04, 9.588656e-04
-1.578125e+00, 1.074886e-03, 1.073645e-03
-1.546875e+00, 1.202479e-03, 1.200992e-03
-1.515625e+00, 1.343900e-03, 1.342132e-03
-1.484375e+00, 1.500481e-03, 1.498394e-03
-1.453125e+00, 1.673662e-03, 1.671218e-03
-1.421875e+00, 1.865002e-03, 1.862156e-03
-1.390625e+00, 2.076179e-03, 2.072885e-03
-1.359375e+00, 2.309003e-03, 2.305208e-03
-1.328125e+00, 2.565420e-03, 2.561067e-03
-1.296875e+00, 2.847519e-03, 2.842548e-03
-1.265625e+00, 3.157542e-03, 3.151887e-03
-1.234375e+00, 3.497888e-03, 3.491479e-03
-1.203125e+00, 3.871124e-03, 3.863885e-03
-1.171875e+00, 4.279989e-03, 4.271839e-03
-1.140625e+00, 4.727404e-03, 4.718257e-03
-1.109375e+00, 5.216476e-03, 5.206241e-03
-1.078125e+00, 5.750509e-03, 5.739088e-03
-1.046875e+00, 6.333006e-03, 6.320297e-03
-1.015625e+00, 6.967680e-03, 6.953573e-03
-9.843750e-01, 7.658454e-03, 7.642836e-03
-9.531250e-01, 8.409471e-03, 8.392224e-03
-9.218750e-01, 9.225098e-03, 9.206096e-03
-8.906250e-01, 1.010993e-02, 1.008904e-02
-8.593750e-01, 1.106879e-02, 1.104588e-02
-8.281250e-01, 1.210673e-02, 1.208166e-02
-7.968750e-01, 1.322904e-02, 1.320167e-02
-7.656250e-01, 1.444125e-02, 1.441144e-02
-7.343750e-01, 1.574912e-02, 1.571671e-02
-7.031250e-01, 1.715864e-02, 1.712347e-02
-6.718750e-01, 1.867602e-02, 1.863794e-02
-6.406250e-01, 2.030770e-02, 2.026657e-02
-6.093750e-01, 2.206035e-02, 2.201599e-02
-5.781250e-01, 2.394083e-02, 2.389310e-02
-5.468750e-01, 2.595620e-02, 2.590493e-02
-5.156250e-01, 2.811371e-02, 2.805876e-02
-4.843750e-01, 3.042079e-02, 3.036201e-02
-4.531250e-01, 3.288502e-02, 3.282226e-02
-4.218750e-01, 3.551411e-02, 3.544724e-02
-3.906250e-01, 3.831591e-02, 3.824479e-02
-3.593750e-01, 4.129834e-02, 4.122287e-02
-3.281250e-01, 4.446943e-02, 4.438948e-02
-2.968750e-01, 4.783721e-02, 4.775269e-02
-2.656250e-01, 5.140976e-02, 5.132058e-02
-2.343750e-01, 5.519513e-02, 5.510123e-02
-2.031250e-01, 5.920133e-02, 5.910266e-02
-1.718750e-01, 6.343628e-02, 6.333280e-02
-1.406250e-01, 6.790777e-02, 6.779948e-02
-1.093750e-01, 7.262344e-02, 7.251034e-02
-7.812500e-02, 7.759072e-02, 7.747285e-02
-4.687500e-02, 8.281679e-02, 8.269420e-02
-1.562500e-02, 8.830852e-02, 8.818131e-02
1.562500e-02, 9.407247e-02, 9.394075e-02
4.687500e-02, 1.001148e-01, 9.997869e-02
7.812500e-02, 1.064412e-01, 1.063009e-01
1.093750e-01, 1.130568e-01, 1.129126e-01
1.406250e-01, 1.199664e-01, 1.198184e-01
1.718750e-01, 1.271740e-01, 1.270226e-01
2.031250e-01, 1.346831e-01, 1.345285e-01
2.343750e-01, 1.424962e-01, 1.423388e-01
2.656250e-01, 1.506155e-01, 1.504557e-01
2.968750e-01, 1.590420e-01, 1.588802e-01
3.281250e-01, 1.677761e-01, 1.676127e-01
3.593750e-01, 1.768170e-01, 1.766526e-01
3.906250e-01, 1.861633e-01, 1.859984e-01
4.218750e-01, 1.958124e-01, 1.956474e-01
4.531250e-01, 2.057606e-01, 2.055962e-01
4.843750e-01, 2.160032e-01, 2.158401e-01
5.156250e-01, 2.265345e-01, 2.263732e-01
5.468750e-01, 2.373474e-01, 2.371887e-01
5.781250e-01, 2.484338e-01, 2.482784e-01
6.093750e-01, 2.597844e-01, 2.596329e-01
6.406250e-01, 2.713885e-01, 2.712417e-01
6.718750e-01, 2.832345e-01, 2.830931e-01
7.031250e-01, 2.953091e-01, 2.951740e-01
7.343750e-01, 3.075982e-01, 3.074700e-01
7.656250e-01, 3.200862e-01, 3.199657e-01
7.968750e-01, 3.327562e-01, 3.326443e-01
8.281250e-01, 3.455905e-01, 3.454878e-01
8.593750e-01, 3.585696e-01, 3.584770e-01
8.906250e-01, 3.716734e-01, 3.715915e-01
9.218750e-01, 3.848804e-01, 3.848100e-01
9.531250e-01, 3.981680e-01, 3.981098e-01
9.843750e-01, 4.115127e-01, 4.114672e-01
1.015625e+00, 4.248898e-01, 4.248579e-01
1.046875e+00, 4.382741e-01, 4.382562e-01
1.078125e+00, 4.516391e-01, 4.516359e-01
1.109375e+00, 4.649580e-01, 4.649698e-01
1.140625e+00, 4.782029e-01, 4.782302e-01
1.171875e+00, 4.913455e-01, 4.913888e-01
1.203125e+00, 5.043572e-01, 5.044167e-01
1.234375e+00, 5.172087e-01, 5.172847e-01
1.265625e+00, 5.298705e-01, 5.299633e-01
1.296875e+00, 5.423132e-01, 5.424228e-01
1.328125e+00, 5.545069e-01, 5.546334e-01
1.359375e+00, 5.664221e-01, 5.665654e-01
1.390625e+00, 5.780292e-01, 5.781894e-01
1.421875e+00, 5.892992e-01, 5.894759e-01
1.453125e+00, 6.002033e-01, 6.003963e-01
1.484375e+00, 6.107132e-01, 6.109223e-01
1.515625e+00, 6.208015e-01, 6.210261e-01
1.546875e+00, 6.304412e-01, 6.306809e-01
1.578125e+00, 6.396066e-01, 6.398608e-01
1.609375e+00, 6.482728e-01, 6.485408e-01
1.640625e+00, 6.564159e-01, 6.566970e-01
1.671875e+00, 6.640134e-01, 6.643069e-01
1.703125e+00, 6.710442e-01, 6.713492e-01
1.734375e+00, 6.774884e-01, 6.778040e-01
1.765625e+00, 6.833278e-01, 6.836530e-01
1.796875e+00, 6.885458e-01, 6.888796e-01
1.828125e+00, 6.931274e-01, 6.934687e-01
1.859375e+00, 6.970594e-01, 6.974072e-01
1.890625e+00, 7.003305e-01, 7.006835e-01
1.921875e+00, 7.029312e-01, 7.032883e-01
1.953125e+00, 7.048538e-01, 7.052138e-01
1.984375e+00, 7.060928e-01, 7.064545e-01
2.015625e+00, 7.066446e-01, 7.070067e-01
2.046875e+00, 7.065076e-01, 7.068689e-01
2.078125e+00, 7.056821e-01, 7.060414e-01
2.109375e+00, 7.041706e-01, 7.045266e-01
2.140625e+00, 7.019774e-01, 7.023291e-01
2.171875e+00, 6.991090e-01, 6.994551e-01
2.203125e+00, 6.955737e-01, 6.959131e-01
2.234375e+00, 6.913818e-01, 6.917133e-01
2.265625e+00, 6.865453e-01, 6.868679e-01
2.296875e+00, 6.810781e-01, 6.813908e-01
2.328125e+00, 6.749959e-01, 6.752978e-01
2.359375e+00, 6.683160e-01, 6.686061e-01
2.390625e+00, 6.610572e-01, 6.613346e-01
2.421875e+00, 6.532399e-01, 6.535039e-01
2.453125e+00, 6.448858e-01, 6.451357e-01
2.484375e+00, 6.360180e-01, 6.362532e-01
2.515625e+00, 6.266606e-01, 6.268805e-01
2.546875e+00, 6.168391e-01, 6.170432e-01
2.578125e+00, 6.065796e-01, 6.067676e-01
2.609375e+00, 5.959092e-01, 5.960807e-01
2.640625e+00, 5.848559e-01, 5.850107e-01
2.671875e+00, 5.734480e-01, 5.735859e-01
2.703125e+00, 5.617145e-01, 5.618354e-01
2.734375e+00, 5.496846e-01, 5.497885e-01
2.765625e+00, 5.373880e-01, 5.374750e-01
2.796875e+00, 5.248542e-01, 5.249244e-01
2.828125e+00, 5.121129e-01, 5.121666e-01
2.859375e+00, 4.991938e-01, 4.992312e-01
2.890625e+00, 4.861262e-01, 4.861476e-01
2.921875e+00, 4.729390e-01, 4.729449e-01
2.953125e+00, 4.596609e-01, 4.596518e-01
2.984375e+00, 4.463200e-01, 4.462963e-01
3.015625e+00, 4.329436e-01, 4.329060e-01
3.046875e+00, 4.195587e-01, 4.195076e-01
3.078125e+00, 4.061910e-01, 4.061272e-01
3.109375e+00, 3.928657e-01, 3.927899e-01
3.140625e+00, 3.796070e-01, 3.795198e-01
3.171875e+00, 3.664380e-01, 3.663402e-01
3.203125e+00, 3.533809e-01, 3.532732e-01
3.234375e+00, 3.404566e-01, 3.403398e-01
3.265625e+00, 3.276851e-01, 3.275600e-01
3.296875e+00, 3.150850e-01, 3.149523e-01
3.328125e+00, 3.026738e-01, 3.025344e-01
3.359375e+00, 2.904680e-01, 2.903225e-01
3.390625e+00, 2.784823e-01, 2.783317e-01
3.421875e+00, 2.667308e-01, 2.665757e-01
3.453125e+00, 2.552259e-01, 2.550670e-01
3.484375e+00, 2.439790e-01, 2.438171e-01
3.515625e+00, 2.330001e-01, 2.328359e-01
3.546875e+00, 2.222981e-01, 2.221323e-01
3.578125e+00, 2.118807e-01, 2.117139e-01
3.609375e+00, 2.017545e-01, 2.015872e-01
3.640625e+00, 1.919246e-01, 1.917576e-01
3.671875e+00, 1.823956e-01, 1.822293e-01
3.703125e+00, 1.731704e-01, 1.730055e-01
3.734375e+00, 1.642514e-01, 1.640882e-01
3.765625e+00, 1.556397e-01, 1.554787e-01
3.796875e+00, 1.473355e-01, 1.471772e-01
3.828125e+00, 1.393382e-01, 1.391829e-01
3.859375e+00, 1.316464e-01, 1.314944e-01
3.890625e+00, 1.242577e-01, 1.241094e-01
3.921875e+00, 1.171692e-01, 1.170248e-01
3.953125e+00, 1.103772e-01, 1.102370e-01
3.984375e+00, 1.038774e-01, 1.037415e-01
4.015625e+00, 9.766483e-02, 9.753350e-02
4.046875e+00, 9.173417e-02, 9.160750e-02
4.078125e+00, 8.607948e-02, 8.595759e-02
4.109375e+00, 8.069447e-02, 8.057742e-02
4.140625e+00, 7.557244e-02, 7.546029e-02
4.171875e+00, 7.070638e-02, 7.059916e-02
4.203125e+00, 6.608903e-02, 6.598673e-02
4.234375e+00, 6.171284e-02, 6.161545e-02
4.265625e+00, 5.757013e-02, 5.747760e-02
4.296875e+00, 5.365303e-02, 5.356530e-02
4.328125e+00, 4.995359e-02, 4.987059e-02
4.359375e+00, 4.646378e-02, 4.638540e-02
4.390625e+00, 4.317553e-02, 4.310168e-02
4.421875e+00, 4.008077e-02, 4.001133e-02
4.453125e+00, 3.717147e-02, 3.710631e-02
4.484375e+00, 3.443965e-02, 3.437863e-02
4.515625e+00, 3.187740e-02, 3.182037e-02
4.546875e+00, 2.947692e-02, 2.942375e-02
4.578125e+00, 2.723056e-02, 2.718107e-02
4.609375e+00, 2.513079e-02, 2.508483e-02
4.640625e+00, 2.317025e-02, 2.312767e-02
4.671875e+00, 2.134177e-02, 2.130239e-02
4.703125e+00, 1.963835e-02, 1.960202e-02
4.734375e+00, 1.805322e-02, 1.801978e-02
4.765625e+00, 1.657980e-02, 1.654908e-02
4.796875e+00, 1.521173e-02, 1.518358e-02
4.828125e+00, 1.394289e-02, 1.391716e-02
4.859375e+00, 1.276739e-02, 1.274392e-02
4.890625e+00, 1.167954e-02, 1.165819e-02
4.921875e+00, 1.067393e-02, 1.065456e-02
4.953125e+00, 9.745360e-03, 9.727827e-03
4.984375e+00, 8.888856e-03, 8.873032e-03
5.015625e+00, 8.099692e-03, 8.085451e-03
5.046875e+00, 7.373365e-03, 7.360586e-03
5.078125e+00, 6.705598e-03, 6.694167e-03
5.109375e+00, 6.092336e-03, 6.082143e-03
5.140625e+00, 5.529738e-03, 5.520681e-03
5.171875e+00, 5.014178e-03, 5.006160e-03
5.203125e+00, 4.542232e-03, 4.535161e-03
5.234375e+00, 4.110676e-03, 4.104466e-03
5.265625e+00, 3.716477e-03, 3.711048e-03
5.296875e+00, 3.356789e-03, 3.352065e-03
5.328125e+00, 3.028940e-03, 3.024853e-03
5.359375e+00, 2.730433e-03, 2.726919e-03
5.390625e+00, 2.458933e-03, 2.455930e-03
5.421875e+00, 2.212258e-03, 2.209712e-03
5.453125e+00, 1.988378e-03, 1.986239e-03
5.484375e+00, 1.785402e-03, 1.783623e-03
5.515625e+00, 1.601574e-03, 1.600114e-03
5.546875e+00, 1.435265e-03, 1.434083e-03
5.578125e+00, 1.284964e-03, 1.284027e-03
5.609375e+00, 1.149274e-03, 1.148549e-03
5.640625e+00, 1.026905e-03, 1.026363e-03
5.671875e+00, 9.166643e-04, 9.162808e-04
5.703125e+00, 8.174556e-04, 8.172070e-04
5.734375e+00, 7.282687e-04, 7.281343e-04
5.765625e+00, 6.481756e-04, 6.481371e-04
5.796875e+00, 5.763247e-04, 5.763659e-04
5.828125e+00, 5.119356e-04, 5.120420e-04
5.859375e+00, 4.542938e-04, 4.544529e-04
5.890625e+00, 4.027464e-04, 4.029472e-04
5.921875e+00, 3.566973e-04, 3.569303e-04
5.953125e+00, 3.156031e-04, 3.158600e-04
5.984375e+00, 2.789690e-04, 2.792426e-04
6.015625e+00, 2.463450e-04, 2.466294e-04
6.046875e+00, 2.173226e-04, 2.176126e-04
6.078125e+00, 1.915309e-04, 1.918223e-04
6.109375e+00, 1.686343e-04, 1.689235e-04
6.140625e+00, 1.483290e-04, 1.486131e-04
6.171875e+00, 1.303403e-04, 1.306171e-04
6.203125e+00, 1.144207e-04, 1.146883e-04
6.234375e+00, 1.003467e-04, 1.006037e-04
6.265625e+00, 8.791734e-05, 8.816267e-05
6.296875e+00, 7.695176e-05, 7.718477e-05
6.328125e+00, 6.728762e-05, 6.750787e-05
6.359375e+00, 5.877930e-05, 5.898657e-05
6.390625e+00, 5.129631e-05, 5.149059e-05
6.421875e+00, 4.472190e-05, 4.490334e-05
6.453125e+00, 3.895174e-05, 3.912058e-05
6.484375e+00, 3.389267e-05, 3.404928e-05
6.515625e+00, 2.946165e-05, 2.960646e-05
6.546875e+00, 2.558471e-05, 2.571823e-05
6.578125e+00, 2.219607e-05, 2.231884e-05
6.609375e+00, 1.923729e-05, 1.934987e-05
6.640625e+00, 1.665649e-05, 1.675948e-05
6.671875e+00, 1.440772e-05, 1.450170e-05
6.703125e+00, 1.245028e-05, 1.253584e-05
6.734375e+00, 1.074817e-05, 1.082590e-05
6.765625e+00, 9.269618e-06, 9.340071e-06
6.796875e+00, 7.986581e-06, 8.050308e-06
6.828125e+00, 6.874349e-06, 6.931875e-06
6.859375e+00, 5.911175e-06, 5.963002e-06
6.890625e+00, 5.077940e-06, 5.124544e-06
6.921875e+00, 4.357854e-06, 4.399683e-06
6.953125e+00, 3.736192e-06, 3.773666e-06
6.984375e+00, 3.200050e-06, 3.233565e-06
7.015625e+00, 2.738138e-06, 2.768061e-06
7.046875e+00, 2.340587e-06, 2.367259e-06
7.078125e+00, 1.998779e-06, 2.022515e-06
7.109375e+00, 1.705198e-06, 1.726290e-06
7.140625e+00, 1.453298e-06, 1.472013e-06
7.171875e+00, 1.237382e-06, 1.253965e-06
7.203125e+00, 1.052497e-06, 1.067175e-06
7.234375e+00, 8.943440e-07, 9.073217e-07
7.265625e+00, 7.591948e-07, 7.706605e-07
7.296875e+00, 6.438191e-07, 6.539445e-07
7.328125e+00, 5.454218e-07, 5.543635e-07
7.359375e+00, 4.615866e-07, 4.694879e-07
7.390625e+00, 3.902270e-07, 3.972190e-07
7.421875e+00, 3.295433e-07, 3.357466e-07
7.453125e+00, 2.779844e-07, 2.835106e-07
7.484375e+00, 2.342149e-07, 2.391679e-07
7.515625e+00, 1.970860e-07, 2.015637e-07
7.546875e+00, 1.656103e-07, 1.697063e-07
7.578125e+00, 1.389395e-07, 1.427445e-07
7.609375e+00, 1.163452e-07, 1.199491e-07
7.640625e+00, 9.720192e-08, 1.006956e-07
7.671875e+00, 8.097242e-08, 8.445000e-08
7.703125e+00, 6.719497e-08, 7.075629e-08
7.734375e+00, 5.547198e-08, 5.922517e-08
7.765625e+00, 4.546022e-08, 4.952490e-08
7.796875e+00, 3.686217e-08, 4.137299e-08
7.828125e+00, 2.941842e-08, 3.452917e-08
7.859375e+00, 2.290087e-08, 2.878931e-08
7.890625e+00, 1.710671e-08, 2.398018e-08
7.921875e+00, 1.185291e-08, 1.995490e-08
7.953125e+00, 6.971188e-09, 1.658909e-08
7.984375e+00, 2.303323e-09, 1.377754e-08
8.000000e+00, 2.212630e-16, 1.255126e-08


#At time: 5.001950e+01, nsteps= 1026


-5.000000e+00, 1.498794e-22, 3.698619e-08
-4.984375e+00, 5.325654e-09, 3.980060e-08
-4.953125e+00, 1.609648e-08, 4.606568e-08
-4.921875e+00, 2.721160e-08, 5.328228e-08
-4.890625e+00, 3.888566e-08, 6.158931e-08
-4.859375e+00, 5.134325e-08, 7.114515e-08
-4.828125e+00, 6.482266e-08, 8.213013e-08
-4.796875e+00, 7.957973e-08, 9.474954e-08
-4.765625e+00, 9.589205e-08, 1.092368e-07
-4.734375e+00, 1.140634e-07, 1.258573e-07
-4.703125e+00, 1.344284e-07, 1.449122e-07
-4.671875e+00, 1.573581e-07, 1.667434e-07
-4.640625e+00, 1.832654e-07, 1.917388e-07
-4.609375e+00, 2.126116e-07, 2.203375e-07
-4.578125e+00, 2.459129e-07, 2.530372e-07
-4.546875e+00, 2.837487e-07, 2.904006e-07
-4.515625e+00, 3.267696e-07, 3.330643e-07
-4.484375e+00, 3.757068e-07, 3.817473e-07
-4.453125e+00, 4.313827e-07, 4.372615e-07
-4.421875e+00, 4.947225e-07, 5.005226e-07
-4.390625e+00, 5.667666e-07, 5.725634e-07
-4.359375e+00, 6.486854e-07, 6.545469e-07
-4.328125e+00, 7.417944e-07, 7.477825e-07
-4.296875e+00, 8.475721e-07, 8.537430e-07
-4.265625e+00, 9.676793e-07, 9.740838e-07
-4.234375e+00, 1.103980e-06, 1.110664e-06
-4.203125e+00, 1.258567e-06, 1.265571e-06
-4.171875e+00, 1.433785e-06, 1.441146e-06
-4.140625e+00, 1.632262e-06, 1.640009e-06
-4.109375e+00, 1.856941e-06, 1.865100e-06
-4.078125e+00, 2.111115e-06, 2.119705e-06
-4.046875e+00, 2.398466e-06, 2.407497e-06
-4.015625e+00, 2.723108e-06, 2.732585e-06
-3.984375e+00, 3.089635e-06, 3.099551e-06
-3.953125e+00, 3.503171e-06, 3.513511e-06
-3.921875e+00, 3.969432e-06, 3.980165e-06
-3.890625e+00, 4.494783e-06, 4.505865e-06
-3.859375e+00, 5.086309e-06, 5.097681e-06
-3.828125e+00, 5.751894e-06, 5.763476e-06
-3.796875e+00, 6.500298e-06, 6.511988e-06
-3.765625e+00, 7.341253e-06, 7.352924e-06
-3.734375e+00, 8.285559e-06, 8.297053e-06
-3.703125e+00, 9.345192e-06, 9.356318e-06
-3.671875e+00, 1.053342e-05, 1.054395e-05
-3.640625e+00, 1.186495e-05, 1.187461e-05
-3.609375e+00, 1.335602e-05, 1.336449e-05
-3.578125e+00, 1.502462e-05, 1.503151e-05
-3.546875e+00, 1.689060e-05, 1.689548e-05
-3.515625e+00, 1.897588e-05, 1.897822e-05
-3.484375e+00, 2.130463e-05, 2.130384e-05
-3.453125e+00, 2.390348e-05, 2.389889e-05
-3.421875e+00, 2.680179e-05, 2.679260e-05
-3.390625e+00, 3.003183e-05, 3.001714e-05
-3.359375e+00, 3.362909e-05, 3.360787e-05
-3.328125e+00, 3.763256e-05, 3.760365e-05
-3.296875e+00, 4.208506e-05, 4.204714e-05
-3.265625e+00, 4.703353e-05, 4.698510e-05
-3.234375e+00, 5.252943e-05, 5.246881e-05
-3.203125e+00, 5.862911e-05, 5.855441e-05
-3.171875e+00, 6.539424e-05, 6.530333e-05
-3.140625e+00, 7.289223e-05, 7.278274e-05
-3.109375e+00, 8.119674e-05, 8.106601e-05
-3.078125e+00, 9.038817e-05, 9.023323e-05
-3.046875e+00, 1.005542e-04, 1.003718e-04
-3.015625e+00, 1.117904e-04, 1.115768e-04
-2.984375e+00, 1.242009e-04, 1.239520e-04
-2.953125e+00, 1.378988e-04, 1.376102e-04
-2.921875e+00, 1.530072e-04, 1.526740e-04
-2.890625e+00, 1.696599e-04, 1.692765e-04
-2.859375e+00, 1.880019e-04, 1.875624e-04
-2.828125e+00, 2.081907e-04, 2.076883e-04
-2.796875e+00, 2.303966e-04, 2.298242e-04
-2.765625e+00, 2.548043e-04, 2.541539e-04
-2.734375e+00, 2.816134e-04, 2.808763e-04
-2.703125e+00, 3.110397e-04, 3.102064e-04
-2.671875e+00, 3.433162e-04, 3.423763e-04
-2.640625e+00, 3.786943e-04, 3.776366e-04
-2.609375e+00, 4.174449e-04, 4.162571e-04
-2.578125e+00, 4.598600e-04, 4.585289e-04
-2.546875e+00, 5.062537e-04, 5.047647e-04
-2.515625e+00, 5.569636e-04, 5.553012e-04
-2.484375e+00, 6.123525e-04, 6.104999e-04
-2.453125e+00, 6.728098e-04, 6.707488e-04
-2.421875e+00, 7.387530e-04, 7.364640e-04
-2.390625e+00, 8.106295e-04, 8.080914e-04
-2.359375e+00, 8.889180e-04, 8.861083e-04
-2.328125e+00, 9.741307e-04, 9.710250e-04
-2.296875e+00, 1.066815e-03, 1.063387e-03
-2.265625e+00, 1.167554e-03, 1.163777e-03
-2.234375e+00, 1.276972e-03, 1.272815e-03
-2.203125e+00, 1.395731e-03, 1.391164e-03
-2.171875e+00, 1.524540e-03, 1.519527e-03
-2.140625e+00, 1.664148e-03, 1.658655e-03
-2.109375e+00, 1.815355e-03, 1.809343e-03
-2.078125e+00, 1.979008e-03, 1.972437e-03
-2.046875e+00, 2.156006e-03, 2.148834e-03
-2.015625e+00, 2.347301e-03, 2.339482e-03
-1.984375e+00, 2.553901e-03, 2.545388e-03
-1.953125e+00, 2.776871e-03, 2.767614e-03
-1.921875e+00, 3.017338e-03, 3.007284e-03
-1.890625e+00, 3.276488e-03, 3.265583e-03
-1.859375e+00, 3.555575e-03, 3.543760e-03
-1.828125e+00, 3.855916e-03, 3.843131e-03
-1.796875e+00, 4.178900e-03, 4.165081e-03
-1.765625e+00, 4.525983e-03, 4.511064e-03
-1.734375e+00, 4.898695e-03, 4.882608e-03
-1.703125e+00, 5.298642e-03, 5.281315e-03
-1.671875e+00, 5.727503e-03, 5.708863e-03
-1.640625e+00, 6.187038e-03, 6.167008e-03
-1.609375e+00, 6.679084e-03, 6.657585e-03
-1.578125e+00, 7.205560e-03, 7.182510e-03
-1.546875e+00, 7.768466e-03, 7.743782e-03
-1.515625e+00, 8.369886e-03, 8.343481e-03
-1.484375e+00, 9.011987e-03, 8.983774e-03
-1.453125e+00, 9.697021e-03, 9.666910e-03
-1.421875e+00, 1.042733e-02, 1.039522e-02
-1.390625e+00, 1.120532e-02, 1.117114e-02
-1.359375e+00, 1.203352e-02, 1.199715e-02
-1.328125e+00, 1.291450e-02, 1.287586e-02
-1.296875e+00, 1.385095e-02, 1.380994e-02
-1.265625e+00, 1.484562e-02, 1.480215e-02
-1.234375e+00, 1.590134e-02, 1.585531e-02
-1.203125e+00, 1.702105e-02, 1.697236e-02
-1.171875e+00, 1.820773e-02, 1.815629e-02
-1.140625e+00, 1.946446e-02, 1.941017e-02
-1.109375e+00, 2.079437e-02, 2.073714e-02
-1.078125e+00, 2.220067e-02, 2.214041e-02
-1.046875e+00, 2.368663e-02, 2.362326e-02
-1.015625e+00, 2.525560e-02, 2.518902e-02
-9.843750e-01, 2.691095e-02, 2.684108e-02
-9.531250e-01, 2.865612e-02, 2.858289e-02
-9.218750e-01, 3.049459e-02, 3.041793e-02
-8.906250e-01, 3.242988e-02, 3.234971e-02
-8.593750e-01, 3.446552e-02, 3.438179e-02
-8.281250e-01, 3.660509e-02, 3.651775e-02
-7.968750e-01, 3.885217e-02, 3.876116e-02
-7.656250e-01, 4.121033e-02, 4.111562e-02
-7.343750e-01, 4.368317e-02, 4.358472e-02
-7.031250e-01, 4.627424e-02, 4.617204e-02
-6.718750e-01, 4.898709e-02, 4.888112e-02
-6.406250e-01, 5.182521e-02, 5.171548e-02
-6.093750e-01, 5.479208e-02, 5.467859e-02
-5.781250e-01, 5.789108e-02, 5.777386e-02
-5.468750e-01, 6.112554e-02, 6.100463e-02
-5.156250e-01, 6.449871e-02, 6.437416e-02
-4.843750e-01, 6.801373e-02, 6.788560e-02
-4.531250e-01, 7.167363e-02, 7.154199e-02
-4.218750e-01, 7.548132e-02, 7.534627e-02
-3.906250e-01, 7.943956e-02, 7.930121e-02
-3.593750e-01, 8.355097e-02, 8.340944e-02
-3.281250e-01, 8.781798e-02, 8.767342e-02
-2.968750e-01, 9.224285e-02, 9.209541e-02
-2.656250e-01, 9.682763e-02, 9.667749e-02
-2.343750e-01, 1.015742e-01, 1.014215e-01
-2.031250e-01, 1.064840e-01, 1.063291e-01
-1.718750e-01, 1.115586e-01, 1.114016e-01
-1.406250e-01, 1.167990e-01, 1.166402e-01
-1.093750e-01, 1.222060e-01, 1.220456e-01
-7.812500e-02, 1.277801e-01, 1.276185e-01
-4.687500e-02, 1.335216e-01, 1.333590e-01
-1.562500e-02, 1.394303e-01, 1.392670e-01
1.562500e-02, 1.455057e-01, 1.453422e-01
4.687500e-02, 1.517471e-01, 1.515836e-01
7.812500e-02, 1.581533e-01, 1.579903e-01
1.093750e-01, 1.647228e-01, 1.645605e-01
1.406250e-01, 1.714536e-01, 1.712925e-01
1.718750e-01, 1.783433e-01, 1.781838e-01
2.031250e-01, 1.853892e-01, 1.852318e-01
2.343750e-01, 1.925882e-01, 1.924333e-01
2.656250e-01, 1.999367e-01, 1.997847e-01
2.968750e-01, 2.074306e-01, 2.072820e-01
3.281250e-01, 2.150654e-01, 2.149207e-01
3.593750e-01, 2.228362e-01, 2.226959e-01
3.906250e-01, 2.307378e-01, 2.306023e-01
4.218750e-01, 2.387641e-01, 2.386339e-01
4.531250e-01, 2.469090e-01, 2.467846e-01
4.843750e-01, 2.551658e-01, 2.550477e-01
5.156250e-01, 2.635272e-01, 2.634159e-01
5.468750e-01, 2.719857e-01, 2.718817e-01
5.781250e-01, 2.805332e-01, 2.804370e-01
6.093750e-01, 2.891612e-01, 2.890733e-01
6.406250e-01, 2.978609e-01, 2.977816e-01
6.718750e-01, 3.066228e-01, 3.065527e-01
7.031250e-01, 3.154373e-01, 3.153768e-01
7.343750e-01, 3.242942e-01, 3.242438e-01
7.656250e-01, 3.331831e-01, 3.331432e-01
7.968750e-01, 3.420932e-01, 3.420641e-01
8.281250e-01, 3.510133e-01, 3.509954e-01
8.593750e-01, 3.599318e-01, 3.599256e-01
8.906250e-01, 3.688371e-01, 3.688428e-01
9.218750e-01, 3.777171e-01, 3.777349e-01
9.531250e-01, 3.865595e-01, 3.865898e-01
9.843750e-01, 3.953517e-01, 3.953948e-01
1.015625e+00, 4.040812e-01, 4.041372e-01
1.046875e+00, 4.127350e-01, 4.128042e-01
1.078125e+00, 4.213002e-01, 4.213827e-01
1.109375e+00, 4.297637e-01, 4.298595e-01
1.140625e+00, 4.381123e-01, 4.382216e-01
1.171875e+00, 4.463328e-01, 4.464556e-01
1.203125e+00, 4.544121e-01, 4.545485e-01
1.234375e+00, 4.623370e-01, 4.624869e-01
1.265625e+00, 4.700945e-01, 4.702577e-01
1.296875e+00, 4.776716e-01, 4.778480e-01
1.328125e+00, 4.850553e-01, 4.852449e-01
1.359375e+00, 4.922332e-01, 4.924357e-01
1.390625e+00, 4.991927e-01, 4.994079e-01
1.421875e+00, 5.059217e-01, 5.061492e-01
1.453125e+00, 5.124082e-01, 5.126478e-01
1.484375e+00, 5.186407e-01, 5.188919e-01
1.515625e+00, 5.246079e-01, 5.248704e-01
1.546875e+00, 5.302990e-01, 5.305723e-01
1.578125e+00, 5.357035e-01, 5.359872e-01
1.609375e+00, 5.408115e-01, 5.411051e-01
1.640625e+00, 5.456134e-01, 5.459163e-01
1.671875e+00, 5.501004e-01, 5.504120e-01
1.703125e+00, 5.542639e-01, 5.545836e-01
1.734375e+00, 5.580960e-01, 5.584233e-01
1.765625e+00, 5.615896e-01, 5.619237e-01
1.796875e+00, 5.647379e-01, 5.650781e-01
1.828125e+00, 5.675348e-01, 5.678805e-01
1.859375e+00, 5.699751e-01, 5.703255e-01
1.890625e+00, 5.720539e-01, 5.724083e-01
1.921875e+00, 5.737673e-01, 5.741249e-01
1.953125e+00, 5.751119e-01, 5.754719e-01
1.984375e+00, 5.760852e-01, 5.764468e-01
2.015625e+00, 5.766852e-01, 5.770477e-01
2.046875e+00, 5.769107e-01, 5.772733e-01
2.078125e+00, 5.767614e-01, 5.771233e-01
2.109375e+00, 5.762375e-01, 5.765979e-01
2.140625e+00, 5.753400e-01, 5.756981e-01
2.171875e+00, 5.740707e-01, 5.744257e-01
2.203125e+00, 5.724320e-01, 5.727833e-01
2.234375e+00, 5.704271e-01, 5.707739e-01
2.265625e+00, 5.680600e-01, 5.684014e-01
2.296875e+00, 5.653351e-01, 5.656706e-01
2.328125e+00, 5.622578e-01, 5.625865e-01
2.359375e+00, 5.588339e-01, 5.591553e-01
2.390625e+00, 5.550699e-01, 5.553833e-01
2.421875e+00, 5.509731e-01, 5.512779e-01
2.453125e+00, 5.465512e-01, 5.468467e-01
2.484375e+00, 5.418125e-01, 5.420983e-01
2.515625e+00, 5.367659e-01, 5.370414e-01
2.546875e+00, 5.314208e-01, 5.316855e-01
2.578125e+00, 5.257870e-01, 5.260405e-01
2.609375e+00, 5.198750e-01, 5.201168e-01
2.640625e+00, 5.136954e-01, 5.139252e-01
2.671875e+00, 5.072595e-01, 5.074769e-01
2.703125e+00, 5.005787e-01, 5.007835e-01
2.734375e+00, 4.936649e-01, 4.938568e-01
2.765625e+00, 4.865302e-01, 4.867090e-01
2.796875e+00, 4.791871e-01, 4.793526e-01
2.828125e+00, 4.716481e-01, 4.718002e-01
2.859375e+00, 4.639260e-01, 4.640646e-01
2.890625e+00, 4.560338e-01, 4.561589e-01
2.921875e+00, 4.479846e-01, 4.480961e-01
2.953125e+00, 4.397914e-01, 4.398894e-01
2.984375e+00, 4.314675e-01, 4.315520e-01
3.015625e+00, 4.230261e-01, 4.230972e-01
3.046875e+00, 4.144802e-01, 4.145381e-01
3.078125e+00, 4.058431e-01, 4.058879e-01
3.109375e+00, 3.971277e-01, 3.971597e-01
3.140625e+00, 3.883468e-01, 3.883662e-01
3.171875e+00, 3.795133e-01, 3.795204e-01
3.203125e+00, 3.706397e-01, 3.706347e-01
3.234375e+00, 3.617382e-01, 3.617215e-01
3.265625e+00, 3.528211e-01, 3.527930e-01
3.296875e+00, 3.439001e-01, 3.438610e-01
3.328125e+00, 3.349868e-01, 3.349371e-01
3.359375e+00, 3.260923e-01, 3.260325e-01
3.390625e+00, 3.172277e-01, 3.171581e-01
3.421875e+00, 3.084034e-01, 3.083246e-01
3.453125e+00, 2.996297e-01, 2.995420e-01
3.484375e+00, 2.909164e-01, 2.908203e-01
3.515625e+00, 2.822728e-01, 2.821688e-01
3.546875e+00, 2.737079e-01, 2.735965e-01
3.578125e+00, 2.652304e-01, 2.651121e-01
3.609375e+00, 2.568483e-01, 2.567236e-01
3.640625e+00, 2.485694e-01, 2.484388e-01
3.671875e+00, 2.404010e-01, 2.402649e-01
3.703125e+00, 2.323498e-01, 2.322087e-01
3.734375e+00, 2.244222e-01, 2.242767e-01
3.765625e+00, 2.166241e-01, 2.164746e-01
3.796875e+00, 2.089610e-01, 2.088081e-01
3.828125e+00, 2.014379e-01, 2.012820e-01
3.859375e+00, 1.940594e-01, 1.939009e-01
3.890625e+00, 1.868295e-01, 1.866689e-01
3.921875e+00, 1.797521e-01, 1.795897e-01
3.953125e+00, 1.728302e-01, 1.726666e-01
3.984375e+00, 1.660668e-01, 1.659024e-01
4.015625e+00, 1.594643e-01, 1.592994e-01
4.046875e+00, 1.530247e-01, 1.528597e-01
4.078125e+00, 1.467496e-01, 1.465849e-01
4.109375e+00, 1.406403e-01, 1.404762e-01
4.140625e+00, 1.346976e-01, 1.345345e-01
4.171875e+00, 1.289221e-01, 1.287603e-01
4.203125e+00, 1.233140e-01, 1.231537e-01
4.234375e+00, 1.178731e-01, 1.177146e-01
4.265625e+00, 1.125989e-01, 1.124425e-01
4.296875e+00, 1.074907e-01, 1.073366e-01
4.328125e+00, 1.025475e-01, 1.023960e-01
4.359375e+00, 9.776800e-02, 9.761915e-02
4.390625e+00, 9.315057e-02, 9.300462e-02
4.421875e+00, 8.869345e-02, 8.855057e-02
4.453125e+00, 8.439464e-02, 8.425497e-02
4.484375e+00, 8.025192e-02, 8.011558e-02
4.515625e+00, 7.626288e-02, 7.613000e-02
4.546875e+00, 7.242495e-02, 7.229562e-02
4.578125e+00, 6.873539e-02, 6.860969e-02
4.609375e+00, 6.519132e-02, 6.506932e-02
4.640625e+00, 6.178974e-02, 6.167149e-02
4.671875e+00, 5.852752e-02, 5.841305e-02
4.703125e+00, 5.540143e-02, 5.529078e-02
4.734375e+00, 5.240818e-02, 5.230134e-02
4.765625e+00, 4.954436e-02, 4.944135e-02
4.796875e+00, 4.680653e-02, 4.670733e-02
4.828125e+00, 4.419121e-02, 4.409580e-02
4.859375e+00, 4.169484e-02, 4.160319e-02
4.890625e+00, 3.931387e-02, 3.922595e-02
4.921875e+00, 3.704473e-02, 3.696048e-02
4.953125e+00, 3.488382e-02, 3.480318e-02
4.984375e+00, 3.282756e-02, 3.275049e-02
5.015625e+00, 3.087239e-02, 3.079880e-02
5.046875e+00, 2.901475e-02, 2.894458e-02
5.078125e+00, 2.725113e-02, 2.718429e-02
5.109375e+00, 2.557803e-02, 2.551445e-02
5.140625e+00, 2.399201e-02, 2.393159e-02
5.171875e+00, 2.248967e-02, 2.243233e-02
5.203125e+00, 2.106766e-02, 2.101331e-02
5.234375e+00, 1.972271e-02, 1.967124e-02
5.265625e+00, 1.845159e-02, 1.840291e-02
5.296875e+00, 1.725114e-02, 1.720515e-02
5.328125e+00, 1.611827e-02, 1.607489e-02
5.359375e+00, 1.504999e-02, 1.500910e-02
5.390625e+00, 1.404335e-02, 1.400486e-02
5.421875e+00, 1.309549e-02, 1.305931e-02
5.453125e+00, 1.220366e-02, 1.216967e-02
5.484375e+00, 1.136514e-02, 1.133326e-02
5.515625e+00, 1.057733e-02, 1.054747e-02
5.546875e+00, 9.837721e-03, 9.809774e-03
5.578125e+00, 9.143858e-03, 9.117736e-03
5.609375e+00, 8.493391e-03, 8.469005e-03
5.640625e+00, 7.884051e-03, 7.861313e-03
5.671875e+00, 7.313653e-03, 7.292478e-03
5.703125e+00, 6.780098e-03, 6.760401e-03
5.734375e+00, 6.281367e-03, 6.263068e-03
5.765625e+00, 5.815525e-03, 5.798547e-03
5.796875e+00, 5.380719e-03, 5.364985e-03
5.828125e+00, 4.975173e-03, 4.960611e-03
5.859375e+00, 4.597192e-03, 4.583731e-03
5.890625e+00, 4.245156e-03, 4.232729e-03
5.921875e+00, 3.917519e-03, 3.906062e-03
5.953125e+00, 3.612809e-03, 3.602261e-03
5.984375e+00, 3.329625e-03, 3.319927e-03
6.015625e+00, 3.066636e-03, 3.057730e-03
6.046875e+00, 2.822574e-03, 2.814408e-03
6.078125e+00, 2.596241e-03, 2.588764e-03
6.109375e+00, 2.386497e-03, 2.379661e-03
6.140625e+00, 2.192266e-03, 2.186024e-03
6.171875e+00, 2.012528e-03, 2.006838e-03
6.203125e+00, 1.846319e-03, 1.841141e-03
6.234375e+00, 1.692731e-03, 1.688025e-03
6.265625e+00, 1.550906e-03, 1.546636e-03
6.296875e+00, 1.420035e-03, 1.416168e-03
6.328125e+00, 1.299358e-03, 1.295862e-03
6.359375e+00, 1.188160e-03, 1.185005e-03
6.390625e+00, 1.085768e-03, 1.082926e-03
6.421875e+00, 9.915512e-04, 9.889961e-04
6.453125e+00, 9.049183e-04, 9.026260e-04
6.484375e+00, 8.253148e-04, 8.232627e-04
6.515625e+00, 7.522216e-04, 7.503888e-04
6.546875e+00, 6.851535e-04, 6.835206e-04
6.578125e+00, 6.236569e-04, 6.222060e-04
6.609375e+00, 5.673085e-04, 5.660230e-04
6.640625e+00, 5.157135e-04, 5.145782e-04
6.671875e+00, 4.685039e-04, 4.675046e-04
6.703125e+00, 4.253370e-04, 4.244610e-04
6.734375e+00, 3.858942e-04, 3.851297e-04
6.765625e+00, 3.498792e-04, 3.492156e-04
6.796875e+00, 3.170171e-04, 3.164445e-04
6.828125e+00, 2.870524e-04, 2.865621e-04
6.859375e+00, 2.597487e-04, 2.593327e-04
6.890625e+00, 2.348868e-04, 2.345380e-04
6.921875e+00, 2.122637e-04, 2.119758e-04
6.953125e+00, 1.916920e-04, 1.914595e-04
6.984375e+00, 1.729984e-04, 1.728163e-04
7.015625e+00, 1.560227e-04, 1.558870e-04
7.046875e+00, 1.406175e-04, 1.405247e-04
7.078125e+00, 1.266466e-04, 1.265938e-04
7.109375e+00, 1.139848e-04, 1.139697e-04
7.140625e+00, 1.025166e-04, 1.025378e-04
7.171875e+00, 9.213613e-05, 9.219257e-05
7.203125e+00, 8.274578e-05, 8.283714e-05
7.234375e+00, 7.425604e-05, 7.438265e-05
7.265625e+00, 6.658474e-05, 6.674757e-05
7.296875e+00, 5.965650e-05, 5.985723e-05
7.328125e+00, 5.340222e-05, 5.364325e-05
7.359375e+00, 4.775857e-05, 4.804309e-05
7.390625e+00, 4.266753e-05, 4.299957e-05
7.421875e+00, 3.807598e-05, 3.846047e-05
7.453125e+00, 3.393529e-05, 3.437814e-05
7.484375e+00, 3.020091e-05, 3.070913e-05
7.515625e+00, 2.683206e-05, 2.741385e-05
7.546875e+00, 2.379137e-05, 2.445625e-05
7.578125e+00, 2.104458e-05, 2.180354e-05
7.609375e+00, 1.856024e-05, 1.942591e-05
7.640625e+00, 1.630947e-05, 1.729630e-05
7.671875e+00, 1.426564e-05, 1.539013e-05
7.703125e+00, 1.240420e-05, 1.368513e-05
7.734375e+00, 1.070240e-05, 1.216109e-05
7.765625e+00, 9.139100e-06, 1.079975e-05
7.796875e+00, 7.694556e-06, 9.584559e-06
7.828125e+00, 6.350227e-06, 8.500567e-06
7.859375e+00, 5.088587e-06, 7.534267e-06
7.890625e+00, 3.892945e-06, 6.673466e-06
7.921875e+00, 2.747268e-06, 5.907166e-06
7.953125e+00, 1.636014e-06, 5.225457e-06
7.984375e+00, 5.439604e-07, 4.619412e-06
8.000000e+00, 2.434296e-16, 4.342221e-06


#At time: 7.502925e+01, nsteps= 1539


-5.000000e+00, 9.116854e-23, 1.843870e-06
-4.984375e+00, 2.016542e-07, 1.948507e-06
-4.953125e+00, 6.077000e-07, 2.175134e-06
-4.921875e+00, 1.021361e-06, 2.426934e-06
-4.890625e+00, 1.446965e-06, 2.706563e-06
-4.859375e+00, 1.888958e-06, 3.016937e-06
-4.828125e+00, 2.351935e-06, 3.361261e-06
-4.796875e+00, 2.840686e-06, 3.743056e-06
-4.765625e+00, 3.360226e-06, 4.166184e-06
-4.734375e+00, 3.915846e-06, 4.634880e-06
-4.703125e+00, 4.513149e-06, 5.153789e-06
-4.671875e+00, 5.158095e-06, 5.727996e-06
-4.640625e+00, 5.857053e-06, 6.363072e-06
-4.609375e+00, 6.616844e-06, 7.065110e-06
-4.578125e+00, 7.444797e-06, 7.840776e-06
-4.546875e+00, 8.348807e-06, 8.697354e-06
-4.515625e+00, 9.337387e-06, 9.642803e-06
-4.484375e+00, 1.041973e-05, 1.068581e-05
-4.453125e+00, 1.160580e-05, 1.183585e-05
-4.421875e+00, 1.290635e-05, 1.310327e-05
-4.390625e+00, 1.433305e-05, 1.449933e-05
-4.359375e+00, 1.589855e-05, 1.603629e-05
-4.328125e+00, 1.761654e-05, 1.772752e-05
-4.296875e+00, 1.950188e-05, 1.958755e-05
-4.265625e+00, 2.157068e-05, 2.163218e-05
-4.234375e+00, 2.384039e-05, 2.387858e-05
-4.203125e+00, 2.632995e-05, 2.634539e-05
-4.171875e+00, 2.905984e-05, 2.905286e-05
-4.140625e+00, 3.205228e-05, 3.202293e-05
-4.109375e+00, 3.533133e-05, 3.527940e-05
-4.078125e+00, 3.892300e-05, 3.884806e-05
-4.046875e+00, 4.285547e-05, 4.275684e-05
-4.015625e+00, 4.715918e-05, 4.703593e-05
-3.984375e+00, 5.186708e-05, 5.171803e-05
-3.953125e+00, 5.701471e-05, 5.683844e-05
-3.921875e+00, 6.264049e-05, 6.243532e-05
-3.890625e+00, 6.878585e-05, 6.854985e-05
-3.859375e+00, 7.549552e-05, 7.522648e-05
-3.828125e+00, 8.281767e-05, 8.251311e-05
-3.796875e+00, 9.080422e-05, 9.046137e-05
-3.765625e+00, 9.951109e-05, 9.912687e-05
-3.734375e+00, 1.089984e-04, 1.085694e-04
-3.703125e+00, 1.193309e-04, 1.188535e-04
-3.671875e+00, 1.305781e-04, 1.300481e-04
-3.640625e+00, 1.428147e-04, 1.422277e-04
-3.609375e+00, 1.561209e-04, 1.554721e-04
-3.578125e+00, 1.705827e-04, 1.698669e-04
-3.546875e+00, 1.862924e-04, 1.855039e-04
-3.515625e+00, 2.033488e-04, 2.024815e-04
-3.484375e+00, 2.218577e-04, 2.209050e-04
-3.453125e+00, 2.419324e-04, 2.408872e-04
-3.421875e+00, 2.636941e-04, 2.625488e-04
-3.390625e+00, 2.872722e-04, 2.860186e-04
-3.359375e+00, 3.128051e-04, 3.114344e-04
-3.328125e+00, 3.404403e-04, 3.389432e-04
-3.296875e+00, 3.703353e-04, 3.687017e-04
-3.265625e+00, 4.026581e-04, 4.008773e-04
-3.234375e+00, 4.375875e-04, 4.356480e-04
-3.203125e+00, 4.753140e-04, 4.732036e-04
-3.171875e+00, 5.160401e-04, 5.137459e-04
-3.140625e+00, 5.599813e-04, 5.574894e-04
-3.109375e+00, 6.073666e-04, 6.046624e-04
-3.078125e+00, 6.584391e-04, 6.555069e-04
-3.046875e+00, 7.134566e-04, 7.102800e-04
-3.015625e+00, 7.726928e-04, 7.692542e-04
-2.984375e+00, 8.364376e-04, 8.327185e-04
-2.953125e+00, 9.049978e-04, 9.009787e-04
-2.921875e+00, 9.786985e-04, 9.743587e-04
-2.890625e+00, 1.057883e-03, 1.053201e-03
-2.859375e+00, 1.142915e-03, 1.137867e-03
-2.828125e+00, 1.234177e-03, 1.228740e-03
-2.796875e+00, 1.332074e-03, 1.326222e-03
-2.765625e+00, 1.437034e-03, 1.430740e-03
-2.734375e+00, 1.549505e-03, 1.542741e-03
-2.703125e+00, 1.669961e-03, 1.662698e-03
-2.671875e+00, 1.798900e-03, 1.791108e-03
-2.640625e+00, 1.936848e-03, 1.928493e-03
-2.609375e+00, 2.084353e-03, 2.075403e-03
-2.578125e+00, 2.241995e-03, 2.232414e-03
-2.546875e+00, 2.410381e-03, 2.400132e-03
-2.515625e+00, 2.590145e-03, 2.579191e-03
-2.484375e+00, 2.781954e-03, 2.770256e-03
-2.453125e+00, 2.986507e-03, 2.974023e-03
-2.421875e+00, 3.204532e-03, 3.191220e-03
-2.390625e+00, 3.436793e-03, 3.422608e-03
-2.359375e+00, 3.684085e-03, 3.668982e-03
-2.328125e+00, 3.947240e-03, 3.931171e-03
-2.296875e+00, 4.227124e-03, 4.210041e-03
-2.265625e+00, 4.524641e-03, 4.506494e-03
-2.234375e+00, 4.840730e-03, 4.821467e-03
-2.203125e+00, 5.176369e-03, 5.155937e-03
-2.171875e+00, 5.532575e-03, 5.510920e-03
-2.140625e+00, 5.910402e-03, 5.887467e-03
-2.109375e+00, 6.310945e-03, 6.286674e-03
-2.078125e+00, 6.735339e-03, 6.709674e-03
-2.046875e+00, 7.184759e-03, 7.157640e-03
-2.015625e+00, 7.660422e-03, 7.631788e-03
-1.984375e+00, 8.163584e-03, 8.133374e-03
-1.953125e+00, 8.695544e-03, 8.663696e-03
-1.921875e+00, 9.257642e-03, 9.224093e-03
-1.890625e+00, 9.851259e-03, 9.815946e-03
-1.859375e+00, 1.047782e-02, 1.044068e-02
-1.828125e+00, 1.113878e-02, 1.109975e-02
-1.796875e+00, 1.183566e-02, 1.179466e-02
-1.765625e+00, 1.256999e-02, 1.252697e-02
-1.734375e+00, 1.334336e-02, 1.329825e-02
-1.703125e+00, 1.415739e-02, 1.411013e-02
-1.671875e+00, 1.501374e-02, 1.496427e-02
-1.640625e+00, 1.591412e-02, 1.586237e-02
-1.609375e+00, 1.686025e-02, 1.680616e-02
-1.578125e+00, 1.785391e-02, 1.779742e-02
-1.546875e+00, 1.889689e-02, 1.883795e-02
-1.515625e+00, 1.999104e-02, 1.992958e-02
-1.484375e+00, 2.113821e-02, 2.107418e-02
-1.453125e+00, 2.234030e-02, 2.227364e-02
-1.421875e+00, 2.359921e-02, 2.352988e-02
-1.390625e+00, 2.491690e-02, 2.484484e-02
-1.359375e+00, 2.629531e-02, 2.622049e-02
-1.328125e+00, 2.773643e-02, 2.765880e-02
-1.296875e+00, 2.924225e-02, 2.916177e-02
-1.265625e+00, 3.081476e-02, 3.073140e-02
-1.234375e+00, 3.245599e-02, 3.236972e-02
-1.203125e+00, 3.416794e-02, 3.407874e-02
-1.171875e+00, 3.595262e-02, 3.586048e-02
-1.140625e+00, 3.781207e-02, 3.771696e-02
-1.109375e+00, 3.974827e-02, 3.965018e-02
-1.078125e+00, 4.176321e-02, 4.166216e-02
-1.046875e+00, 4.385889e-02, 4.375487e-02
-1.015625e+00, 4.603724e-02, 4.593026e-02
-9.843750e-01, 4.830020e-02, 4.819029e-02
-9.531250e-01, 5.064967e-02, 5.053685e-02
-9.218750e-01, 5.308750e-02, 5.297180e-02
-8.906250e-01, 5.561551e-02, 5.549698e-02
-8.593750e-01, 5.823547e-02, 5.811416e-02
-8.281250e-01, 6.094909e-02, 6.082506e-02
-7.968750e-01, 6.375804e-02, 6.363135e-02
-7.656250e-01, 6.666390e-02, 6.653464e-02
-7.343750e-01, 6.966818e-02, 6.953643e-02
-7.031250e-01, 7.277234e-02, 7.263819e-02
-6.718750e-01, 7.597771e-02, 7.584128e-02
-6.406250e-01, 7.928557e-02, 7.914697e-02
-6.093750e-01, 8.269707e-02, 8.255644e-02
-5.781250e-01, 8.621329e-02, 8.607075e-02
-5.468750e-01, 8.983517e-02, 8.969087e-02
-5.156250e-01, 9.356353e-02, 9.341764e-02
-4.843750e-01, 9.739910e-02, 9.725177e-02
-4.531250e-01, 1.013424e-01, 1.011939e-01
-4.218750e-01, 1.053940e-01, 1.052444e-01
-3.906250e-01, 1.095541e-01, 1.094036e-01
-3.593750e-01, 1.138228e-01, 1.136717e-01
-3.281250e-01, 1.182002e-01, 1.180486e-01
-2.968750e-01, 1.226860e-01, 1.225343e-01
-2.656250e-01, 1.272800e-01, 1.271283e-01
-2.343750e-01, 1.319816e-01, 1.318302e-01
-2.031250e-01, 1.367902e-01, 1.366393e-01
-1.718750e-01, 1.417048e-01, 1.415547e-01
-1.406250e-01, 1.467243e-01, 1.465754e-01
-1.093750e-01, 1.518476e-01, 1.517001e-01
-7.812500e-02, 1.570732e-01, 1.569273e-01
-4.687500e-02, 1.623993e-01, 1.622554e-01
-1.562500e-02, 1.678242e-01, 1.676825e-01
1.562500e-02, 1.733457e-01, 1.732067e-01
4.687500e-02, 1.789615e-01, 1.788254e-01
7.812500e-02, 1.846693e-01, 1.845364e-01
1.093750e-01, 1.904661e-01, 1.903368e-01
1.406250e-01, 1.963491e-01, 1.962237e-01
1.718750e-01, 2.023152e-01, 2.021940e-01
2.031250e-01, 2.083609e-01, 2.082442e-01
2.343750e-01, 2.144826e-01, 2.143709e-01
2.656250e-01, 2.206765e-01, 2.205700e-01
2.968750e-01, 2.269386e-01, 2.268377e-01
3.281250e-01, 2.332647e-01, 2.331697e-01
3.593750e-01, 2.396502e-01, 2.395614e-01
3.906250e-01, 2.460905e-01, 2.460082e-01
4.218750e-01, 2.525806e-01, 2.525052e-01
4.531250e-01, 2.591155e-01, 2.590473e-01
4.843750e-01, 2.656900e-01, 2.656293e-01
5.156250e-01, 2.722984e-01, 2.722455e-01
5.468750e-01, 2.789352e-01, 2.788904e-01
5.781250e-01, 2.855944e-01, 2.855580e-01
6.093750e-01, 2.922701e-01, 2.922423e-01
6.406250e-01, 2.989561e-01, 2.989372e-01
6.718750e-01, 3.056459e-01, 3.056361e-01
7.031250e-01, 3.123332e-01, 3.123328e-01
7.343750e-01, 3.190112e-01, 3.190203e-01
7.656250e-01, 3.256731e-01, 3.256921e-01
7.968750e-01, 3.323121e-01, 3.323411e-01
8.281250e-01, 3.389212e-01, 3.389603e-01
8.593750e-01, 3.454933e-01, 3.455427e-01
8.906250e-01, 3.520211e-01, 3.520809e-01
9.218750e-01, 3.584975e-01, 3.585678e-01
9.531250e-01, 3.649151e-01, 3.649961e-01
9.843750e-01, 3.712666e-01, 3.713582e-01
1.015625e+00, 3.775445e-01, 3.776469e-01
1.046875e+00, 3.837414e-01, 3.838546e-01
1.078125e+00, 3.898500e-01, 3.899740e-01
1.109375e+00, 3.958629e-01, 3.959975e-01
1.140625e+00, 4.017725e-01, 4.019179e-01
1.171875e+00, 4.075717e-01, 4.077277e-01
1.203125e+00, 4.132531e-01, 4.134197e-01
1.234375e+00, 4.188095e-01, 4.189865e-01
1.265625e+00, 4.242337e-01, 4.244210e-01
1.296875e+00, 4.295188e-01, 4.297163e-01
1.328125e+00, 4.346578e-01, 4.348652e-01
1.359375e+00, 4.396440e-01, 4.398611e-01
1.390625e+00, 4.444706e-01, 4.446973e-01
1.421875e+00, 4.491313e-01, 4.493672e-01
1.453125e+00, 4.536197e-01, 4.538646e-01
1.484375e+00, 4.579297e-01, 4.581833e-01
1.515625e+00, 4.620554e-01, 4.623173e-01
1.546875e+00, 4.659911e-01, 4.662610e-01
1.578125e+00, 4.697313e-01, 4.700088e-01
1.609375e+00, 4.732707e-01, 4.735556e-01
1.640625e+00, 4.766045e-01, 4.768962e-01
1.671875e+00, 4.797279e-01, 4.800261e-01
1.703125e+00, 4.826365e-01, 4.829407e-01
1.734375e+00, 4.853261e-01, 4.856358e-01
1.765625e+00, 4.877929e-01, 4.881077e-01
1.796875e+00, 4.900334e-01, 4.903528e-01
1.828125e+00, 4.920442e-01, 4.923677e-01
1.859375e+00, 4.938226e-01, 4.941497e-01
1.890625e+00, 4.953659e-01, 4.956961e-01
1.921875e+00, 4.966718e-01, 4.970047e-01
1.953125e+00, 4.977386e-01, 4.980736e-01
1.984375e+00, 4.985646e-01, 4.989011e-01
2.015625e+00, 4.991487e-01, 4.994862e-01
2.046875e+00, 4.994899e-01, 4.998279e-01
2.078125e+00, 4.995878e-01, 4.999257e-01
2.109375e+00, 4.994422e-01, 4.997795e-01
2.140625e+00, 4.990534e-01, 4.993896e-01
2.171875e+00, 4.984219e-01, 4.987564e-01
2.203125e+00, 4.975486e-01, 4.978809e-01
2.234375e+00, 4.964349e-01, 4.967644e-01
2.265625e+00, 4.950823e-01, 4.954086e-01
2.296875e+00, 4.934928e-01, 4.938153e-01
2.328125e+00, 4.916687e-01, 4.919869e-01
2.359375e+00, 4.896126e-01, 4.899261e-01
2.390625e+00, 4.873276e-01, 4.876359e-01
2.421875e+00, 4.848168e-01, 4.851195e-01
2.453125e+00, 4.820840e-01, 4.823805e-01
2.484375e+00, 4.791330e-01, 4.794229e-01
2.515625e+00, 4.759680e-01, 4.762509e-01
2.546875e+00, 4.725935e-01, 4.728691e-01
2.578125e+00, 4.690143e-01, 4.692821e-01
2.609375e+00, 4.652353e-01, 4.654950e-01
2.640625e+00, 4.612619e-01, 4.615132e-01
2.671875e+00, 4.570996e-01, 4.573421e-01
2.703125e+00, 4.527541e-01, 4.529875e-01
2.734375e+00, 4.482314e-01, 4.484555e-01
2.765625e+00, 4.435376e-01, 4.437521e-01
2.796875e+00, 4.386791e-01, 4.388838e-01
2.828125e+00, 4.336624e-01, 4.338570e-01
2.859375e+00, 4.284941e-01, 4.286785e-01
2.890625e+00, 4.231811e-01, 4.233551e-01
2.921875e+00, 4.177302e-01, 4.178938e-01
2.953125e+00, 4.121487e-01, 4.123016e-01
2.984375e+00, 4.064435e-01, 4.065858e-01
3.015625e+00, 4.006219e-01, 4.007535e-01
3.046875e+00, 3.946913e-01, 3.948121e-01
3.078125e+00, 3.886590e-01, 3.887689e-01
3.109375e+00, 3.825323e-01, 3.826315e-01
3.140625e+00, 3.763187e-01, 3.764071e-01
3.171875e+00, 3.700256e-01, 3.701033e-01
3.203125e+00, 3.636604e-01, 3.637275e-01
3.234375e+00, 3.572305e-01, 3.572870e-01
3.265625e+00, 3.507433e-01, 3.507894e-01
3.296875e+00, 3.442060e-01, 3.442418e-01
3.328125e+00, 3.376259e-01, 3.376515e-01
3.359375e+00, 3.310102e-01, 3.310258e-01
3.390625e+00, 3.243659e-01, 3.243718e-01
3.421875e+00, 3.177000e-01, 3.176964e-01
3.453125e+00, 3.110195e-01, 3.110065e-01
3.484375e+00, 3.043310e-01, 3.043089e-01
3.515625e+00, 2.976412e-01, 2.976102e-01
3.546875e+00, 2.909565e-01, 2.909169e-01
3.578125e+00, 2.842833e-01, 2.842354e-01
3.609375e+00, 2.776278e-01, 2.775718e-01
3.640625e+00, 2.709958e-01, 2.709322e-01
3.671875e+00, 2.643934e-01, 2.643223e-01
3.703125e+00, 2.578260e-01, 2.577478e-01
3.734375e+00, 2.512993e-01, 2.512142e-01
3.765625e+00, 2.448183e-01, 2.447268e-01
3.796875e+00, 2.383881e-01, 2.382905e-01
3.828125e+00, 2.320137e-01, 2.319102e-01
3.859375e+00, 2.256996e-01, 2.255907e-01
3.890625e+00, 2.194504e-01, 2.193362e-01
3.921875e+00, 2.132701e-01, 2.131511e-01
3.953125e+00, 2.071628e-01, 2.070393e-01
3.984375e+00, 2.011322e-01, 2.010047e-01
4.015625e+00, 1.951820e-01, 1.950506e-01
4.046875e+00, 1.893155e-01, 1.891806e-01
4.078125e+00, 1.835357e-01, 1.833977e-01
4.109375e+00, 1.778456e-01, 1.777048e-01
4.140625e+00, 1.722479e-01, 1.721046e-01
4.171875e+00, 1.667450e-01, 1.665995e-01
4.203125e+00, 1.613392e-01, 1.611918e-01
4.234375e+00, 1.560325e-01, 1.558835e-01
4.265625e+00, 1.508268e-01, 1.506765e-01
4.296875e+00, 1.457236e-01, 1.455723e-01
4.328125e+00, 1.407245e-01, 1.405724e-01
4.359375e+00, 1.358305e-01, 1.356780e-01
4.390625e+00, 1.310428e-01, 1.308901e-01
4.421875e+00, 1.263622e-01, 1.262095e-01
4.453125e+00, 1.217893e-01, 1.216369e-01
4.484375e+00, 1.173246e-01, 1.171728e-01
4.515625e+00, 1.129685e-01, 1.128174e-01
4.546875e+00, 1.087210e-01, 1.085709e-01
4.578125e+00, 1.045823e-01, 1.044332e-01
4.609375e+00, 1.005519e-01, 1.004042e-01
4.640625e+00, 9.662976e-02, 9.648357e-02
4.671875e+00, 9.281527e-02, 9.267075e-02
4.703125e+00, 8.910786e-02, 8.896517e-02
4.734375e+00, 8.550680e-02, 8.536609e-02
4.765625e+00, 8.201122e-02, 8.187263e-02
4.796875e+00, 7.862017e-02, 7.848381e-02
4.828125e+00, 7.533255e-02, 7.519855e-02
4.859375e+00, 7.214719e-02, 7.201564e-02
4.890625e+00, 6.906279e-02, 6.893380e-02
4.921875e+00, 6.607800e-02, 6.595164e-02
4.953125e+00, 6.319135e-02, 6.306769e-02
4.984375e+00, 6.040130e-02, 6.028043e-02
5.015625e+00, 5.770627e-02, 5.758823e-02
5.046875e+00, 5.510458e-02, 5.498942e-02
5.078125e+00, 5.259450e-02, 5.248226e-02
5.109375e+00, 5.017425e-02, 5.006496e-02
5.140625e+00, 4.784201e-02, 4.773570e-02
5.171875e+00, 4.559591e-02, 4.549260e-02
5.203125e+00, 4.343405e-02, 4.333374e-02
5.234375e+00, 4.135449e-02, 4.125718e-02
5.265625e+00, 3.935527e-02, 3.926097e-02
5.296875e+00, 3.743442e-02, 3.734310e-02
5.328125e+00, 3.558993e-02, 3.550159e-02
5.359375e+00, 3.381980e-02, 3.373442e-02
5.390625e+00, 3.212202e-02, 3.203957e-02
5.421875e+00, 3.049458e-02, 3.041502e-02
5.453125e+00, 2.893545e-02, 2.885875e-02
5.484375e+00, 2.744263e-02, 2.736875e-02
5.515625e+00, 2.601411e-02, 2.594302e-02
5.546875e+00, 2.464791e-02, 2.457955e-02
5.578125e+00, 2.334205e-02, 2.327638e-02
5.609375e+00, 2.209458e-02, 2.203154e-02
5.640625e+00, 2.090357e-02, 2.084310e-02
5.671875e+00, 1.976709e-02, 1.970915e-02
5.703125e+00, 1.868327e-02, 1.862779e-02
5.734375e+00, 1.765025e-02, 1.759717e-02
5.765625e+00, 1.666620e-02, 1.661546e-02
5.796875e+00, 1.572933e-02, 1.568086e-02
5.828125e+00, 1.483786e-02, 1.479160e-02
5.859375e+00, 1.399008e-02, 1.394597e-02
5.890625e+00, 1.318429e-02, 1.314227e-02
5.921875e+00, 1.241884e-02, 1.237883e-02
5.953125e+00, 1.169212e-02, 1.165406e-02
5.984375e+00, 1.100254e-02, 1.096637e-02
6.015625e+00, 1.034856e-02, 1.031422e-02
6.046875e+00, 9.728704e-03, 9.696117e-03
6.078125e+00, 9.141499e-03, 9.110608e-03
6.109375e+00, 8.585536e-03, 8.556278e-03
6.140625e+00, 8.059440e-03, 8.031755e-03
6.171875e+00, 7.561880e-03, 7.535707e-03
6.203125e+00, 7.091565e-03, 7.066844e-03
6.234375e+00, 6.647245e-03, 6.623920e-03
6.265625e+00, 6.227713e-03, 6.205727e-03
6.296875e+00, 5.831801e-03, 5.811098e-03
6.328125e+00, 5.458381e-03, 5.438909e-03
6.359375e+00, 5.106366e-03, 5.088073e-03
6.390625e+00, 4.774708e-03, 4.757545e-03
6.421875e+00, 4.462398e-03, 4.446318e-03
6.453125e+00, 4.168466e-03, 4.153422e-03
6.484375e+00, 3.891978e-03, 3.877927e-03
6.515625e+00, 3.632037e-03, 3.618939e-03
6.546875e+00, 3.387785e-03, 3.375599e-03
6.578125e+00, 3.158395e-03, 3.147085e-03
6.609375e+00, 2.943077e-03, 2.932608e-03
6.640625e+00, 2.741074e-03, 2.731415e-03
6.671875e+00, 2.551661e-03, 2.542783e-03
6.703125e+00, 2.374147e-03, 2.366022e-03
6.734375e+00, 2.207870e-03, 2.200475e-03
6.765625e+00, 2.052199e-03, 2.045512e-03
6.796875e+00, 1.906530e-03, 1.900534e-03
6.828125e+00, 1.770289e-03, 1.764970e-03
6.859375e+00, 1.642930e-03, 1.638276e-03
6.890625e+00, 1.523931e-03, 1.519934e-03
6.921875e+00, 1.412796e-03, 1.409452e-03
6.953125e+00, 1.309055e-03, 1.306363e-03
6.984375e+00, 1.212259e-03, 1.210223e-03
7.015625e+00, 1.121982e-03, 1.120612e-03
7.046875e+00, 1.037822e-03, 1.037129e-03
7.078125e+00, 9.593951e-04, 9.593973e-04
7.109375e+00, 8.863376e-04, 8.870583e-04
7.140625e+00, 8.183055e-04, 8.197734e-04
7.171875e+00, 7.549723e-04, 7.572225e-04
7.203125e+00, 6.960291e-04, 6.991030e-04
7.234375e+00, 6.411832e-04, 6.451295e-04
7.265625e+00, 5.901575e-04, 5.950323e-04
7.296875e+00, 5.426899e-04, 5.485576e-04
7.328125e+00, 4.985319e-04, 5.054660e-04
7.359375e+00, 4.574487e-04, 4.655321e-04
7.390625e+00, 4.192177e-04, 4.285439e-04
7.421875e+00, 3.836282e-04, 3.943021e-04
7.453125e+00, 3.504806e-04, 3.626192e-04
7.484375e+00, 3.195857e-04, 3.333193e-04
7.515625e+00, 2.907638e-04, 3.062374e-04
7.546875e+00, 2.638443e-04, 2.812185e-04
7.578125e+00, 2.386651e-04, 2.581176e-04
7.609375e+00, 2.150717e-04, 2.367987e-04
7.640625e+00, 1.929167e-04, 2.171347e-04
7.671875e+00, 1.720593e-04, 1.990063e-04
7.703125e+00, 1.523644e-04, 1.823025e-04
7.734375e+00, 1.337024e-04, 1.669192e-04
7.765625e+00, 1.159482e-04, 1.527595e-04
7.796875e+00, 9.898090e-05, 1.397326e-04
7.828125e+00, 8.268319e-05, 1.277543e-04
7.859375e+00, 6.694069e-05, 1.167458e-04
7.890625e+00, 5.164147e-05, 1.066339e-04
7.921875e+00, 3.667542e-05, 9.735022e-05
7.953125e+00, 2.193377e-05, 8.883145e-05
7.984375e+00, 7.308440e-06, 8.101856e-05
8.000000e+00, 2.837121e-16, 7.735955e-05


#At time: 1.000390e+02, nsteps= 2052


-5.000000e+00, 5.720341e-23, 1.875892e-05
-4.984375e+00, 1.647086e-06, 1.960887e-05
-4.953125e+00, 4.957006e-06, 2.141977e-05
-4.921875e+00, 8.309161e-06, 2.338878e-05
-4.890625e+00, 1.172519e-05, 2.552881e-05
-4.859375e+00, 1.522711e-05, 2.785377e-05
-4.828125e+00, 1.883744e-05, 3.037861e-05
-4.796875e+00, 2.257930e-05, 3.311938e-05
-4.765625e+00, 2.647649e-05, 3.609332e-05
-4.734375e+00, 3.055365e-05, 3.931895e-05
-4.703125e+00, 3.483634e-05, 4.281613e-05
-4.671875e+00, 3.935118e-05, 4.660615e-05
-4.640625e+00, 4.412593e-05, 5.071186e-05
-4.609375e+00, 4.918966e-05, 5.515771e-05
-4.578125e+00, 5.457286e-05, 5.996991e-05
-4.546875e+00, 6.030754e-05, 6.517648e-05
-4.515625e+00, 6.642743e-05, 7.080743e-05
-4.484375e+00, 7.296807e-05, 7.689483e-05
-4.453125e+00, 7.996697e-05, 8.347297e-05
-4.421875e+00, 8.746377e-05, 9.057848e-05
-4.390625e+00, 9.550038e-05, 9.825046e-05
-4.359375e+00, 1.041212e-04, 1.065306e-04
-4.328125e+00, 1.133731e-04, 1.154635e-04
-4.296875e+00, 1.233059e-04, 1.250966e-04
-4.265625e+00, 1.339724e-04, 1.354805e-04
-4.234375e+00, 1.454284e-04, 1.466690e-04
-4.203125e+00, 1.577332e-04, 1.587195e-04
-4.171875e+00, 1.709495e-04, 1.716931e-04
-4.140625e+00, 1.851441e-04, 1.856546e-04
-4.109375e+00, 2.003874e-04, 2.006729e-04
-4.078125e+00, 2.167542e-04, 2.168216e-04
-4.046875e+00, 2.343239e-04, 2.341782e-04
-4.015625e+00, 2.531803e-04, 2.528255e-04
-3.984375e+00, 2.734125e-04, 2.728511e-04
-3.953125e+00, 2.951145e-04, 2.943479e-04
-3.921875e+00, 3.183861e-04, 3.174144e-04
-3.890625e+00, 3.433327e-04, 3.421548e-04
-3.859375e+00, 3.700658e-04, 3.686796e-04
-3.828125e+00, 3.987033e-04, 3.971056e-04
-3.796875e+00, 4.293697e-04, 4.275563e-04
-3.765625e+00, 4.621968e-04, 4.601622e-04
-3.734375e+00, 4.973234e-04, 4.950614e-04
-3.703125e+00, 5.348962e-04, 5.323994e-04
-3.671875e+00, 5.750698e-04, 5.723300e-04
-3.640625e+00, 6.180072e-04, 6.150151e-04
-3.609375e+00, 6.638804e-04, 6.606258e-04
-3.578125e+00, 7.128704e-04, 7.093419e-04
-3.546875e+00, 7.651675e-04, 7.613532e-04
-3.515625e+00, 8.209723e-04, 8.168590e-04
-3.484375e+00, 8.804956e-04, 8.760692e-04
-3.453125e+00, 9.439590e-04, 9.392045e-04
-3.421875e+00, 1.011595e-03, 1.006497e-03
-3.390625e+00, 1.083648e-03, 1.078189e-03
-3.359375e+00, 1.160375e-03, 1.154537e-03
-3.328125e+00, 1.242045e-03, 1.235809e-03
-3.296875e+00, 1.328939e-03, 1.322285e-03
-3.265625e+00, 1.421352e-03, 1.414260e-03
-3.234375e+00, 1.519594e-03, 1.512042e-03
-3.203125e+00, 1.623989e-03, 1.615953e-03
-3.171875e+00, 1.734874e-03, 1.726332e-03
-3.140625e+00, 1.852604e-03, 1.843529e-03
-3.109375e+00, 1.977547e-03, 1.967915e-03
-3.078125e+00, 2.110090e-03, 2.099872e-03
-3.046875e+00, 2.250633e-03, 2.239804e-03
-3.015625e+00, 2.399598e-03, 2.388127e-03
-2.984375e+00, 2.557421e-03, 2.545278e-03
-2.953125e+00, 2.724557e-03, 2.711711e-03
-2.921875e+00, 2.901480e-03, 2.887900e-03
-2.890625e+00, 3.088683e-03, 3.074335e-03
-2.859375e+00, 3.286678e-03, 3.271528e-03
-2.828125e+00, 3.495997e-03, 3.480011e-03
-2.796875e+00, 3.717193e-03, 3.700333e-03
-2.765625e+00, 3.950838e-03, 3.933069e-03
-2.734375e+00, 4.197528e-03, 4.178810e-03
-2.703125e+00, 4.457876e-03, 4.438172e-03
-2.671875e+00, 4.732522e-03, 4.711792e-03
-2.640625e+00, 5.022124e-03, 5.000327e-03
-2.609375e+00, 5.327365e-03, 5.304459e-03
-2.578125e+00, 5.648949e-03, 5.624893e-03
-2.546875e+00, 5.987604e-03, 5.962355e-03
-2.515625e+00, 6.344081e-03, 6.317595e-03
-2.484375e+00, 6.719154e-03, 6.691386e-03
-2.453125e+00, 7.113621e-03, 7.084527e-03
-2.421875e+00, 7.528303e-03, 7.497838e-03
-2.390625e+00, 7.964045e-03, 7.932163e-03
-2.359375e+00, 8.421716e-03, 8.388370e-03
-2.328125e+00, 8.902208e-03, 8.867353e-03
-2.296875e+00, 9.406437e-03, 9.370026e-03
-2.265625e+00, 9.935343e-03, 9.897328e-03
-2.234375e+00, 1.048989e-02, 1.045022e-02
-2.203125e+00, 1.107106e-02, 1.102970e-02
-2.171875e+00, 1.167986e-02, 1.163676e-02
-2.140625e+00, 1.231733e-02, 1.227244e-02
-2.109375e+00, 1.298452e-02, 1.293779e-02
-2.078125e+00, 1.368250e-02, 1.363389e-02
-2.046875e+00, 1.441236e-02, 1.436183e-02
-2.015625e+00, 1.517523e-02, 1.512273e-02
-1.984375e+00, 1.597224e-02, 1.591773e-02
-1.953125e+00, 1.680455e-02, 1.674798e-02
-1.921875e+00, 1.767331e-02, 1.761465e-02
-1.890625e+00, 1.857974e-02, 1.851894e-02
-1.859375e+00, 1.952502e-02, 1.946205e-02
-1.828125e+00, 2.051038e-02, 2.044521e-02
-1.796875e+00, 2.153705e-02, 2.146964e-02
-1.765625e+00, 2.260629e-02, 2.253661e-02
-1.734375e+00, 2.371934e-02, 2.364736e-02
-1.703125e+00, 2.487748e-02, 2.480317e-02
-1.671875e+00, 2.608198e-02, 2.600531e-02
-1.640625e+00, 2.733412e-02, 2.725508e-02
-1.609375e+00, 2.863519e-02, 2.855375e-02
-1.578125e+00, 2.998647e-02, 2.990262e-02
-1.546875e+00, 3.138926e-02, 3.130299e-02
-1.515625e+00, 3.284484e-02, 3.275615e-02
-1.484375e+00, 3.435451e-02, 3.426338e-02
-1.453125e+00, 3.591954e-02, 3.582597e-02
-1.421875e+00, 3.754120e-02, 3.744520e-02
-1.390625e+00, 3.922075e-02, 3.912233e-02
-1.359375e+00, 4.095946e-02, 4.085862e-02
-1.328125e+00, 4.275854e-02, 4.265531e-02
-1.296875e+00, 4.461922e-02, 4.451362e-02
-1.265625e+00, 4.654270e-02, 4.643475e-02
-1.234375e+00, 4.853014e-02, 4.841989e-02
-1.203125e+00, 5.058271e-02, 5.047017e-02
-1.171875e+00, 5.270150e-02, 5.258674e-02
-1.140625e+00, 5.488762e-02, 5.477067e-02
-1.109375e+00, 5.714211e-02, 5.702303e-02
-1.078125e+00, 5.946598e-02, 5.934484e-02
-1.046875e+00, 6.186021e-02, 6.173707e-02
-1.015625e+00, 6.432572e-02, 6.420066e-02
-9.843750e-01, 6.686340e-02, 6.673649e-02
-9.531250e-01, 6.947406e-02, 6.934540e-02
-9.218750e-01, 7.215849e-02, 7.202816e-02
-8.906250e-01, 7.491739e-02, 7.478550e-02
-8.593750e-01, 7.775143e-02, 7.761808e-02
-8.281250e-01, 8.066119e-02, 8.052650e-02
-7.968750e-01, 8.364719e-02, 8.351128e-02
-7.656250e-01, 8.670989e-02, 8.657288e-02
-7.343750e-01, 8.984965e-02, 8.971168e-02
-7.031250e-01, 9.306677e-02, 9.292799e-02
-6.718750e-01, 9.636148e-02, 9.622202e-02
-6.406250e-01, 9.973390e-02, 9.959392e-02
-6.093750e-01, 1.031841e-01, 1.030437e-01
-5.781250e-01, 1.067119e-01, 1.065714e-01
-5.468750e-01, 1.103174e-01, 1.101768e-01
-5.156250e-01, 1.140001e-01, 1.138598e-01
-4.843750e-01, 1.177599e-01, 1.176199e-01
-4.531250e-01, 1.215962e-01, 1.214567e-01
-4.218750e-01, 1.255085e-01, 1.253697e-01
-3.906250e-01, 1.294961e-01, 1.293583e-01
-3.593750e-01, 1.335583e-01, 1.334216e-01
-3.281250e-01, 1.376942e-01, 1.375589e-01
-2.968750e-01, 1.419028e-01, 1.417691e-01
-2.656250e-01, 1.461829e-01, 1.460511e-01
-2.343750e-01, 1.505335e-01, 1.504036e-01
-2.031250e-01, 1.549530e-01, 1.548255e-01
-1.718750e-01, 1.594401e-01, 1.593151e-01
-1.406250e-01, 1.639932e-01, 1.638708e-01
-1.093750e-01, 1.686105e-01, 1.684911e-01
-7.812500e-02, 1.732901e-01, 1.731740e-01
-4.687500e-02, 1.780302e-01, 1.779175e-01
-1.562500e-02, 1.828286e-01, 1.827196e-01
1.562500e-02, 1.876831e-01, 1.875781e-01
4.687500e-02, 1.925914e-01, 1.924905e-01
7.812500e-02, 1.975509e-01, 1.974545e-01
1.093750e-01, 2.025592e-01, 2.024674e-01
1.406250e-01, 2.076134e-01, 2.075265e-01
1.718750e-01, 2.127107e-01, 2.126290e-01
2.031250e-01, 2.178482e-01, 2.177719e-01
2.343750e-01, 2.230228e-01, 2.229521e-01
2.656250e-01, 2.282312e-01, 2.281664e-01
2.968750e-01, 2.334702e-01, 2.334115e-01
3.281250e-01, 2.387364e-01, 2.386840e-01
3.593750e-01, 2.440261e-01, 2.439802e-01
3.906250e-01, 2.493358e-01, 2.492966e-01
4.218750e-01, 2.546616e-01, 2.546294e-01
4.531250e-01, 2.599998e-01, 2.599747e-01
4.843750e-01, 2.653464e-01, 2.653286e-01
5.156250e-01, 2.706973e-01, 2.706871e-01
5.468750e-01, 2.760485e-01, 2.760459e-01
5.781250e-01, 2.813956e-01, 2.814009e-01
6.093750e-01, 2.867346e-01, 2.867478e-01
6.406250e-01, 2.920608e-01, 2.920822e-01
6.718750e-01, 2.973701e-01, 2.973997e-01
7.031250e-01, 3.026578e-01, 3.026958e-01
7.343750e-01, 3.079194e-01, 3.079659e-01
7.656250e-01, 3.131503e-01, 3.132054e-01
7.968750e-01, 3.183460e-01, 3.184097e-01
8.281250e-01, 3.235016e-01, 3.235741e-01
8.593750e-01, 3.286126e-01, 3.286939e-01
8.906250e-01, 3.336742e-01, 3.337643e-01
9.218750e-01, 3.386817e-01, 3.387807e-01
9.531250e-01, 3.436303e-01, 3.437381e-01
9.843750e-01, 3.485152e-01, 3.486319e-01
1.015625e+00, 3.533318e-01, 3.534574e-01
1.046875e+00, 3.580753e-01, 3.582097e-01
1.078125e+00, 3.627411e-01, 3.628842e-01
1.109375e+00, 3.673243e-01, 3.674762e-01
1.140625e+00, 3.718205e-01, 3.719810e-01
1.171875e+00, 3.762249e-01, 3.763940e-01
1.203125e+00, 3.805332e-01, 3.807106e-01
1.234375e+00, 3.847407e-01, 3.849264e-01
1.265625e+00, 3.888431e-01, 3.890370e-01
1.296875e+00, 3.928360e-01, 3.930379e-01
1.328125e+00, 3.967152e-01, 3.969250e-01
1.359375e+00, 4.004765e-01, 4.006940e-01
1.390625e+00, 4.041159e-01, 4.043408e-01
1.421875e+00, 4.076294e-01, 4.078615e-01
1.453125e+00, 4.110132e-01, 4.112523e-01
1.484375e+00, 4.142635e-01, 4.145094e-01
1.515625e+00, 4.173767e-01, 4.176291e-01
1.546875e+00, 4.203494e-01, 4.206080e-01
1.578125e+00, 4.231783e-01, 4.234428e-01
1.609375e+00, 4.258600e-01, 4.261303e-01
1.640625e+00, 4.283918e-01, 4.286674e-01
1.671875e+00, 4.307706e-01, 4.310512e-01
1.703125e+00, 4.329937e-01, 4.332791e-01
1.734375e+00, 4.350587e-01, 4.353484e-01
1.765625e+00, 4.369631e-01, 4.372568e-01
1.796875e+00, 4.387047e-01, 4.390022e-01
1.828125e+00, 4.402816e-01, 4.405824e-01
1.859375e+00, 4.416920e-01, 4.419957e-01
1.890625e+00, 4.429341e-01, 4.432404e-01
1.921875e+00, 4.440065e-01, 4.443150e-01
1.953125e+00, 4.449081e-01, 4.452184e-01
1.984375e+00, 4.456377e-01, 4.459494e-01
2.015625e+00, 4.461944e-01, 4.465073e-01
2.046875e+00, 4.465778e-01, 4.468912e-01
2.078125e+00, 4.467872e-01, 4.471009e-01
2.109375e+00, 4.468225e-01, 4.471361e-01
2.140625e+00, 4.466836e-01, 4.469966e-01
2.171875e+00, 4.463706e-01, 4.466827e-01
2.203125e+00, 4.458840e-01, 4.461948e-01
2.234375e+00, 4.452243e-01, 4.455334e-01
2.265625e+00, 4.443923e-01, 4.446993e-01
2.296875e+00, 4.433889e-01, 4.436934e-01
2.328125e+00, 4.422153e-01, 4.425170e-01
2.359375e+00, 4.408729e-01, 4.411714e-01
2.390625e+00, 4.393633e-01, 4.396582e-01
2.421875e+00, 4.376881e-01, 4.379791e-01
2.453125e+00, 4.358493e-01, 4.361360e-01
2.484375e+00, 4.338491e-01, 4.341312e-01
2.515625e+00, 4.316897e-01, 4.319668e-01
2.546875e+00, 4.293736e-01, 4.296454e-01
2.578125e+00, 4.269034e-01, 4.271697e-01
2.609375e+00, 4.242820e-01, 4.245424e-01
2.640625e+00, 4.215123e-01, 4.217665e-01
2.671875e+00, 4.185974e-01, 4.188452e-01
2.703125e+00, 4.155407e-01, 4.157818e-01
2.734375e+00, 4.123454e-01, 4.125795e-01
2.765625e+00, 4.090152e-01, 4.092421e-01
2.796875e+00, 4.055537e-01, 4.057733e-01
2.828125e+00, 4.019647e-01, 4.021767e-01
2.859375e+00, 3.982522e-01, 3.984564e-01
2.890625e+00, 3.944202e-01, 3.946164e-01
2.921875e+00, 3.904727e-01, 3.906608e-01
2.953125e+00, 3.864140e-01, 3.865938e-01
2.984375e+00, 3.822485e-01, 3.824199e-01
3.015625e+00, 3.779804e-01, 3.781433e-01
3.046875e+00, 3.736142e-01, 3.737685e-01
3.078125e+00, 3.691546e-01, 3.693001e-01
3.109375e+00, 3.646059e-01, 3.647427e-01
3.140625e+00, 3.599729e-01, 3.601008e-01
3.171875e+00, 3.552602e-01, 3.553792e-01
3.203125e+00, 3.504725e-01, 3.505827e-01
3.234375e+00, 3.456145e-01, 3.457158e-01
3.265625e+00, 3.406909e-01, 3.407834e-01
3.296875e+00, 3.357066e-01, 3.357902e-01
3.328125e+00, 3.306662e-01, 3.307409e-01
3.359375e+00, 3.255745e-01, 3.256404e-01
3.390625e+00, 3.204362e-01, 3.204934e-01
3.421875e+00, 3.152560e-01, 3.153046e-01
3.453125e+00, 3.100386e-01, 3.100787e-01
3.484375e+00, 3.047887e-01, 3.048204e-01
3.515625e+00, 2.995109e-01, 2.995342e-01
3.546875e+00, 2.942097e-01, 2.942248e-01
3.578125e+00, 2.888896e-01, 2.888966e-01
3.609375e+00, 2.835551e-01, 2.835542e-01
3.640625e+00, 2.782105e-01, 2.782020e-01
3.671875e+00, 2.728603e-01, 2.728442e-01
3.703125e+00, 2.675086e-01, 2.674851e-01
3.734375e+00, 2.621596e-01, 2.621288e-01
3.765625e+00, 2.568173e-01, 2.567796e-01
3.796875e+00, 2.514859e-01, 2.514413e-01
3.828125e+00, 2.461690e-01, 2.461178e-01
3.859375e+00, 2.408706e-01, 2.408130e-01
3.890625e+00, 2.355943e-01, 2.355306e-01
3.921875e+00, 2.303437e-01, 2.302740e-01
3.953125e+00, 2.251223e-01, 2.250469e-01
3.984375e+00, 2.199335e-01, 2.198526e-01
4.015625e+00, 2.147804e-01, 2.146943e-01
4.046875e+00, 2.096663e-01, 2.095752e-01
4.078125e+00, 2.045941e-01, 2.044983e-01
4.109375e+00, 1.995668e-01, 1.994664e-01
4.140625e+00, 1.945871e-01, 1.944824e-01
4.171875e+00, 1.896576e-01, 1.895489e-01
4.203125e+00, 1.847809e-01, 1.846685e-01
4.234375e+00, 1.799594e-01, 1.798434e-01
4.265625e+00, 1.751953e-01, 1.750760e-01
4.296875e+00, 1.704908e-01, 1.703685e-01
4.328125e+00, 1.658479e-01, 1.657228e-01
4.359375e+00, 1.612685e-01, 1.611409e-01
4.390625e+00, 1.567544e-01, 1.566244e-01
4.421875e+00, 1.523072e-01, 1.521752e-01
4.453125e+00, 1.479285e-01, 1.477945e-01
4.484375e+00, 1.436196e-01, 1.434840e-01
4.515625e+00, 1.393818e-01, 1.392448e-01
4.546875e+00, 1.352162e-01, 1.350780e-01
4.578125e+00, 1.311240e-01, 1.309848e-01
4.609375e+00, 1.271060e-01, 1.269660e-01
4.640625e+00, 1.231631e-01, 1.230225e-01
4.671875e+00, 1.192959e-01, 1.191550e-01
4.703125e+00, 1.155051e-01, 1.153639e-01
4.734375e+00, 1.117911e-01, 1.116499e-01
4.765625e+00, 1.081543e-01, 1.080132e-01
4.796875e+00, 1.045949e-01, 1.044542e-01
4.828125e+00, 1.011133e-01, 1.009731e-01
4.859375e+00, 9.770938e-02, 9.756983e-02
4.890625e+00, 9.438321e-02, 9.424446e-02
4.921875e+00, 9.113470e-02, 9.099690e-02
4.953125e+00, 8.796365e-02, 8.782693e-02
4.984375e+00, 8.486981e-02, 8.473430e-02
5.015625e+00, 8.185283e-02, 8.171865e-02
5.046875e+00, 7.891228e-02, 7.877956e-02
5.078125e+00, 7.604768e-02, 7.591652e-02
5.109375e+00, 7.325847e-02, 7.312897e-02
5.140625e+00, 7.054401e-02, 7.041628e-02
5.171875e+00, 6.790361e-02, 6.777773e-02
5.203125e+00, 6.533653e-02, 6.521259e-02
5.234375e+00, 6.284195e-02, 6.272002e-02
5.265625e+00, 6.041903e-02, 6.029918e-02
5.296875e+00, 5.806684e-02, 5.794914e-02
5.328125e+00, 5.578444e-02, 5.566895e-02
5.359375e+00, 5.357084e-02, 5.345760e-02
5.390625e+00, 5.142498e-02, 5.131405e-02
5.421875e+00, 4.934580e-02, 4.923722e-02
5.453125e+00, 4.733220e-02, 4.722600e-02
5.484375e+00, 4.538304e-02, 4.527925e-02
5.515625e+00, 4.349715e-02, 4.339580e-02
5.546875e+00, 4.167334e-02, 4.157445e-02
5.578125e+00, 3.991041e-02, 3.981400e-02
5.609375e+00, 3.820713e-02, 3.811320e-02
5.640625e+00, 3.656225e-02, 3.647082e-02
5.671875e+00, 3.497451e-02, 3.488559e-02
5.703125e+00, 3.344265e-02, 3.335623e-02
5.734375e+00, 3.196538e-02, 3.188146e-02
5.765625e+00, 3.054142e-02, 3.046000e-02
5.796875e+00, 2.916949e-02, 2.909056e-02
5.828125e+00, 2.784829e-02, 2.777183e-02
5.859375e+00, 2.657654e-02, 2.650254e-02
5.890625e+00, 2.535293e-02, 2.528138e-02
5.921875e+00, 2.417619e-02, 2.410708e-02
5.953125e+00, 2.304505e-02, 2.297834e-02
5.984375e+00, 2.195822e-02, 2.189391e-02
6.015625e+00, 2.091445e-02, 2.085250e-02
6.046875e+00, 1.991247e-02, 1.985288e-02
6.078125e+00, 1.895106e-02, 1.889380e-02
6.109375e+00, 1.802899e-02, 1.797403e-02
6.140625e+00, 1.714503e-02, 1.709236e-02
6.171875e+00, 1.629800e-02, 1.624760e-02
6.203125e+00, 1.548671e-02, 1.543855e-02
6.234375e+00, 1.471000e-02, 1.466406e-02
6.265625e+00, 1.396672e-02, 1.392299e-02
6.296875e+00, 1.325574e-02, 1.321421e-02
6.328125e+00, 1.257596e-02, 1.253661e-02
6.359375e+00, 1.192630e-02, 1.188912e-02
6.390625e+00, 1.130568e-02, 1.127066e-02
6.421875e+00, 1.071306e-02, 1.068021e-02
6.453125e+00, 1.014743e-02, 1.011673e-02
6.484375e+00, 9.607779e-03, 9.579248e-03
6.515625e+00, 9.093132e-03, 9.066776e-03
6.546875e+00, 8.602535e-03, 8.578369e-03
6.578125e+00, 8.135059e-03, 8.113104e-03
6.609375e+00, 7.689793e-03, 7.670077e-03
6.640625e+00, 7.265855e-03, 7.248411e-03
6.671875e+00, 6.862381e-03, 6.847252e-03
6.703125e+00, 6.478533e-03, 6.465769e-03
6.734375e+00, 6.113495e-03, 6.103157e-03
6.765625e+00, 5.766475e-03, 5.758631e-03
6.796875e+00, 5.436702e-03, 5.431432e-03
6.828125e+00, 5.123428e-03, 5.120824e-03
6.859375e+00, 4.825929e-03, 4.826095e-03
6.890625e+00, 4.543500e-03, 4.546552e-03
6.921875e+00, 4.275459e-03, 4.281529e-03
6.953125e+00, 4.021146e-03, 4.030381e-03
6.984375e+00, 3.779921e-03, 3.792483e-03
7.015625e+00, 3.551163e-03, 3.567234e-03
7.046875e+00, 3.334273e-03, 3.354054e-03
7.078125e+00, 3.128670e-03, 3.152382e-03
7.109375e+00, 2.933794e-03, 2.961679e-03
7.140625e+00, 2.749102e-03, 2.781426e-03
7.171875e+00, 2.574068e-03, 2.611125e-03
7.203125e+00, 2.408185e-03, 2.450293e-03
7.234375e+00, 2.250962e-03, 2.298470e-03
7.265625e+00, 2.101924e-03, 2.155212e-03
7.296875e+00, 1.960613e-03, 2.020094e-03
7.328125e+00, 1.826584e-03, 1.892708e-03
7.359375e+00, 1.699408e-03, 1.772663e-03
7.390625e+00, 1.578669e-03, 1.659583e-03
7.421875e+00, 1.463963e-03, 1.553110e-03
7.453125e+00, 1.354901e-03, 1.452901e-03
7.484375e+00, 1.251103e-03, 1.358626e-03
7.515625e+00, 1.152203e-03, 1.269973e-03
7.546875e+00, 1.057842e-03, 1.186641e-03
7.578125e+00, 9.676736e-04, 1.108344e-03
7.609375e+00, 8.813587e-04, 1.034809e-03
7.640625e+00, 7.985673e-04, 9.657761e-04
7.671875e+00, 7.189768e-04, 9.009962e-04
7.703125e+00, 6.422713e-04, 8.402333e-04
7.734375e+00, 5.681414e-04, 7.832623e-04
7.765625e+00, 4.962827e-04, 7.298690e-04
7.796875e+00, 4.263959e-04, 6.798500e-04
7.828125e+00, 3.581854e-04, 6.330115e-04
7.859375e+00, 2.913588e-04, 5.891699e-04
7.890625e+00, 2.256264e-04, 5.481506e-04
7.921875e+00, 1.607000e-04, 5.097881e-04
7.953125e+00, 9.629223e-05, 4.739253e-04
7.984375e+00, 3.211610e-05, 4.404133e-04
8.000000e+00, 3.410800e-16, 4.244946e-04


