#At time: 0.000000e+00, nsteps= 0


0.000000e+00, 2.124177e-20, 2.124177e-20
7.812500e-03, 2.901634e-20, 2.901634e-20
2.343750e-02, 5.394562e-20, 5.394562e-20
3.906250e-02, 9.980425e-20, 9.980425e-20
5.468750e-02, 1.837475e-19, 1.837475e-19
7.031250e-02, 3.366457e-19, 3.366457e-19
8.593750e-02, 6.137680e-19, 6.137680e-19
1.015625e-01, 1.113563e-18, 1.113563e-18
1.171875e-01, 2.010504e-18, 2.010504e-18
1.328125e-01, 3.612221e-18, 3.612221e-18
1.484375e-01, 6.458373e-18, 6.458373e-18
1.640625e-01, 1.149083e-17, 1.149083e-17
1.796875e-01, 2.034506e-17, 2.034506e-17
1.953125e-01, 3.584645e-17, 3.584645e-17
2.109375e-01, 6.285107e-17, 6.285107e-17
2.265625e-01, 1.096626e-16, 1.096626e-16
2.421875e-01, 1.904075e-16, 1.904075e-16
2.578125e-01, 3.289946e-16, 3.289946e-16
2.734375e-01, 5.656829e-16, 5.656829e-16
2.890625e-01, 9.679138e-16, 9.679138e-16
3.046875e-01, 1.648085e-15, 1.648085e-15
3.203125e-01, 2.792558e-15, 2.792558e-15
3.359375e-01, 4.708734e-15, 4.708734e-15
3.515625e-01, 7.901061e-15, 7.901061e-15
3.671875e-01, 1.319308e-14, 1.319308e-14
3.828125e-01, 2.192231e-14, 2.192231e-14
3.984375e-01, 3.624983e-14, 3.624983e-14
4.140625e-01, 5.964924e-14, 5.964924e-14
4.296875e-01, 9.767499e-14, 9.767499e-14
4.453125e-01, 1.591627e-13, 1.591627e-13
4.609375e-01, 2.580944e-13, 2.580944e-13
4.765625e-01, 4.164810e-13, 4.164810e-13
4.921875e-01, 6.687924e-13, 6.687924e-13
5.078125e-01, 1.068727e-12, 1.068727e-12
5.234375e-01, 1.699503e-12, 1.699503e-12
5.390625e-01, 2.689405e-12, 2.689405e-12
5.546875e-01, 4.235162e-12, 4.235162e-12
5.703125e-01, 6.636869e-12, 6.636869e-12
5.859375e-01, 1.034989e-11, 1.034989e-11
6.015625e-01, 1.606157e-11, 1.606157e-11
6.171875e-01, 2.480387e-11, 2.480387e-11
6.328125e-01, 3.811802e-11, 3.811802e-11
6.484375e-01, 5.829357e-11, 5.829357e-11
6.640625e-01, 8.871364e-11, 8.871364e-11
6.796875e-01, 1.343506e-10, 1.343506e-10
6.953125e-01, 2.024735e-10, 2.024735e-10
7.109375e-01, 3.036520e-10, 3.036520e-10
7.265625e-01, 4.531726e-10, 4.531726e-10
7.421875e-01, 6.730239e-10, 6.730239e-10
7.578125e-01, 9.946649e-10, 9.946649e-10
7.734375e-01, 1.462859e-09, 1.462859e-09
7.890625e-01, 2.140955e-09, 2.140955e-09
8.046875e-01, 3.118115e-09, 3.118115e-09
8.203125e-01, 4.519144e-09, 4.519144e-09
8.359375e-01, 6.517777e-09, 6.517777e-09
8.515625e-01, 9.354538e-09, 9.354538e-09
8.671875e-01, 1.336056e-08, 1.336056e-08
8.828125e-01, 1.898918e-08, 1.898918e-08
8.984375e-01, 2.685761e-08, 2.685761e-08
9.140625e-01, 3.780139e-08, 3.780139e-08
9.296875e-01, 5.294534e-08, 5.294534e-08
9.453125e-01, 7.379502e-08, 7.379502e-08
9.609375e-01, 1.023542e-07, 1.023542e-07
9.765625e-01, 1.412746e-07, 1.412746e-07
9.921875e-01, 1.940446e-07, 1.940446e-07
1.007813e+00, 2.652275e-07, 2.652275e-07
1.023438e+00, 3.607573e-07, 3.607573e-07
1.039063e+00, 4.883047e-07, 4.883047e-07
1.054688e+00, 6.577278e-07, 6.577278e-07
1.070313e+00, 8.816190e-07, 8.816190e-07
1.085938e+00, 1.175967e-06, 1.175967e-06
1.101563e+00, 1.560949e-06, 1.560949e-06
1.117188e+00, 2.061872e-06, 2.061872e-06
1.132813e+00, 2.710279e-06, 2.710279e-06
1.148438e+00, 3.545241e-06, 3.545241e-06
1.164063e+00, 4.614844e-06, 4.614844e-06
1.179688e+00, 5.977887e-06, 5.977887e-06
1.195313e+00, 7.705801e-06, 7.705801e-06
1.210938e+00, 9.884787e-06, 9.884787e-06
1.226563e+00, 1.261817e-05, 1.261817e-05
1.242188e+00, 1.602893e-05, 1.602893e-05
1.257813e+00, 2.026247e-05, 2.026247e-05
1.273438e+00, 2.548940e-05, 2.548940e-05
1.289063e+00, 3.190848e-05, 3.190848e-05
1.304688e+00, 3.974955e-05, 3.974955e-05
1.320313e+00, 4.927625e-05, 4.927625e-05
1.335938e+00, 6.078865e-05, 6.078865e-05
1.351563e+00, 7.462543e-05, 7.462543e-05
1.367188e+00, 9.116550e-05, 9.116550e-05
1.382813e+00, 1.108291e-04, 1.108291e-04
1.398438e+00, 1.340776e-04, 1.340776e-04
1.414063e+00, 1.614129e-04, 1.614129e-04
1.429688e+00, 1.933747e-04, 1.933747e-04
1.445313e+00, 2.305369e-04, 2.305369e-04
1.460938e+00, 2.735021e-04, 2.735021e-04
1.476563e+00, 3.228943e-04, 3.228943e-04
1.492188e+00, 3.793495e-04, 3.793495e-04
1.507813e+00, 4.435045e-04, 4.435045e-04
1.523438e+00, 5.159836e-04, 5.159836e-04
1.539063e+00, 5.973836e-04, 5.973836e-04
1.554688e+00, 6.882561e-04, 6.882561e-04
1.570313e+00, 7.890895e-04, 7.890895e-04
1.585938e+00, 9.002888e-04, 9.002888e-04
1.601563e+00, 1.022155e-03, 1.022155e-03
1.617188e+00, 1.154865e-03, 1.154865e-03
1.632813e+00, 1.298450e-03, 1.298450e-03
1.648438e+00, 1.452776e-03, 1.452776e-03
1.664063e+00, 1.617526e-03, 1.617526e-03
1.679688e+00, 1.792187e-03, 1.792187e-03
1.695313e+00, 1.976037e-03, 1.976037e-03
1.710938e+00, 2.168133e-03, 2.168133e-03
1.726563e+00, 2.367317e-03, 2.367317e-03
1.742188e+00, 2.572209e-03, 2.572209e-03
1.757813e+00, 2.781221e-03, 2.781221e-03
1.773438e+00, 2.992569e-03, 2.992569e-03
1.789063e+00, 3.204293e-03, 3.204293e-03
1.804688e+00, 3.414285e-03, 3.414285e-03
1.820313e+00, 3.620318e-03, 3.620318e-03
1.835938e+00, 3.820086e-03, 3.820086e-03
1.851563e+00, 4.011242e-03, 4.011242e-03
1.867188e+00, 4.191448e-03, 4.191448e-03
1.882813e+00, 4.358417e-03, 4.358417e-03
1.898438e+00, 4.509961e-03, 4.509961e-03
1.914063e+00, 4.644043e-03, 4.644043e-03
1.929688e+00, 4.758819e-03, 4.758819e-03
1.945313e+00, 4.852678e-03, 4.852678e-03
1.960938e+00, 4.924285e-03, 4.924285e-03
1.976563e+00, 4.972609e-03, 4.972609e-03
1.992188e+00, 4.996949e-03, 4.996949e-03
2.007813e+00, 4.996949e-03, 4.996949e-03
2.023438e+00, 4.972609e-03, 4.972609e-03
2.039063e+00, 4.924285e-03, 4.924285e-03
2.054688e+00, 4.852678e-03, 4.852678e-03
2.070313e+00, 4.758819e-03, 4.758819e-03
2.085938e+00, 4.644043e-03, 4.644043e-03
2.101563e+00, 4.509961e-03, 4.509961e-03
2.117188e+00, 4.358417e-03, 4.358417e-03
2.132813e+00, 4.191448e-03, 4.191448e-03
2.148438e+00, 4.011242e-03, 4.011242e-03
2.164063e+00, 3.820086e-03, 3.820086e-03
2.179688e+00, 3.620318e-03, 3.620318e-03
2.195313e+00, 3.414285e-03, 3.414285e-03
2.210938e+00, 3.204293e-03, 3.204293e-03
2.226563e+00, 2.992569e-03, 2.992569e-03
2.242188e+00, 2.781221e-03, 2.781221e-03
2.257813e+00, 2.572209e-03, 2.572209e-03
2.273438e+00, 2.367317e-03, 2.367317e-03
2.289063e+00, 2.168133e-03, 2.168133e-03
2.304688e+00, 1.976037e-03, 1.976037e-03
2.320313e+00, 1.792187e-03, 1.792187e-03
2.335938e+00, 1.617526e-03, 1.617526e-03
2.351563e+00, 1.452776e-03, 1.452776e-03
2.367188e+00, 1.298450e-03, 1.298450e-03
2.382813e+00, 1.154865e-03, 1.154865e-03
2.398438e+00, 1.022155e-03, 1.022155e-03
2.414063e+00, 9.002888e-04, 9.002888e-04
2.429688e+00, 7.890895e-04, 7.890895e-04
2.445313e+00, 6.882561e-04, 6.882561e-04
2.460938e+00, 5.973836e-04, 5.973836e-04
2.476563e+00, 5.159836e-04, 5.159836e-04
2.492188e+00, 4.435045e-04, 4.435045e-04
2.507813e+00, 3.793495e-04, 3.793495e-04
2.523438e+00, 3.228943e-04, 3.228943e-04
2.539063e+00, 2.735021e-04, 2.735021e-04
2.554688e+00, 2.305369e-04, 2.305369e-04
2.570313e+00, 1.933747e-04, 1.933747e-04
2.585938e+00, 1.614129e-04, 1.614129e-04
2.601563e+00, 1.340776e-04, 1.340776e-04
2.617188e+00, 1.108291e-04, 1.108291e-04
2.632813e+00, 9.116550e-05, 9.116550e-05
2.648438e+00, 7.462543e-05, 7.462543e-05
2.664063e+00, 6.078865e-05, 6.078865e-05
2.679688e+00, 4.927625e-05, 4.927625e-05
2.695313e+00, 3.974955e-05, 3.974955e-05
2.710938e+00, 3.190848e-05, 3.190848e-05
2.726563e+00, 2.548940e-05, 2.548940e-05
2.742188e+00, 2.026247e-05, 2.026247e-05
2.757813e+00, 1.602893e-05, 1.602893e-05
2.773438e+00, 1.261817e-05, 1.261817e-05
2.789063e+00, 9.884787e-06, 9.884787e-06
2.804688e+00, 7.705801e-06, 7.705801e-06
2.820313e+00, 5.977887e-06, 5.977887e-06
2.835938e+00, 4.614844e-06, 4.614844e-06
2.851563e+00, 3.545241e-06, 3.545241e-06
2.867188e+00, 2.710279e-06, 2.710279e-06
2.882813e+00, 2.061872e-06, 2.061872e-06
2.898438e+00, 1.560949e-06, 1.560949e-06
2.914063e+00, 1.175967e-06, 1.175967e-06
2.929688e+00, 8.816190e-07, 8.816190e-07
2.945313e+00, 6.577278e-07, 6.577278e-07
2.960938e+00, 4.883047e-07, 4.883047e-07
2.976563e+00, 3.607573e-07, 3.607573e-07
2.992188e+00, 2.652275e-07, 2.652275e-07
3.007813e+00, 1.940446e-07, 1.940446e-07
3.023438e+00, 1.412746e-07, 1.412746e-07
3.039063e+00, 1.023542e-07, 1.023542e-07
3.054688e+00, 7.379502e-08, 7.379502e-08
3.070313e+00, 5.294534e-08, 5.294534e-08
3.085938e+00, 3.780139e-08, 3.780139e-08
3.101563e+00, 2.685761e-08, 2.685761e-08
3.117188e+00, 1.898918e-08, 1.898918e-08
3.132813e+00, 1.336056e-08, 1.336056e-08
3.148438e+00, 9.354538e-09, 9.354538e-09
3.164063e+00, 6.517777e-09, 6.517777e-09
3.179688e+00, 4.519144e-09, 4.519144e-09
3.195313e+00, 3.118115e-09, 3.118115e-09
3.210938e+00, 2.140955e-09, 2.140955e-09
3.226563e+00, 1.462859e-09, 1.462859e-09
3.242188e+00, 9.946649e-10, 9.946649e-10
3.257813e+00, 6.730239e-10, 6.730239e-10
3.273438e+00, 4.531726e-10, 4.531726e-10
3.289063e+00, 3.036520e-10, 3.036520e-10
3.304688e+00, 2.024735e-10, 2.024735e-10
3.320313e+00, 1.343506e-10, 1.343506e-10
3.335938e+00, 8.871364e-11, 8.871364e-11
3.351563e+00, 5.829357e-11, 5.829357e-11
3.367188e+00, 3.811802e-11, 3.811802e-11
3.382813e+00, 2.480387e-11, 2.480387e-11
3.398438e+00, 1.606157e-11, 1.606157e-11
3.414063e+00, 1.034989e-11, 1.034989e-11
3.429688e+00, 6.636869e-12, 6.636869e-12
3.445313e+00, 4.235162e-12, 4.235162e-12
3.460938e+00, 2.689405e-12, 2.689405e-12
3.476563e+00, 1.699503e-12, 1.699503e-12
3.492188e+00, 1.068727e-12, 1.068727e-12
3.507813e+00, 6.687924e-13, 6.687924e-13
3.523438e+00, 4.164810e-13, 4.164810e-13
3.539063e+00, 2.580944e-13, 2.580944e-13
3.554688e+00, 1.591627e-13, 1.591627e-13
3.570313e+00, 9.767499e-14, 9.767499e-14
3.585938e+00, 5.964924e-14, 5.964924e-14
3.601563e+00, 3.624983e-14, 3.624983e-14
3.617188e+00, 2.192231e-14, 2.192231e-14
3.632813e+00, 1.319308e-14, 1.319308e-14
3.648438e+00, 7.901061e-15, 7.901061e-15
3.664063e+00, 4.708734e-15, 4.708734e-15
3.679688e+00, 2.792558e-15, 2.792558e-15
3.695313e+00, 1.648085e-15, 1.648085e-15
3.710938e+00, 9.679138e-16, 9.679138e-16
3.726563e+00, 5.656829e-16, 5.656829e-16
3.742188e+00, 3.289946e-16, 3.289946e-16
3.757813e+00, 1.904075e-16, 1.904075e-16
3.773438e+00, 1.096626e-16, 1.096626e-16
3.789063e+00, 6.285107e-17, 6.285107e-17
3.804688e+00, 3.584645e-17, 3.584645e-17
3.820313e+00, 2.034506e-17, 2.034506e-17
3.835938e+00, 1.149083e-17, 1.149083e-17
3.851563e+00, 6.458373e-18, 6.458373e-18
3.867188e+00, 3.612221e-18, 3.612221e-18
3.882813e+00, 2.010504e-18, 2.010504e-18
3.898438e+00, 1.113563e-18, 1.113563e-18
3.914063e+00, 6.137680e-19, 6.137680e-19
3.929688e+00, 3.366457e-19, 3.366457e-19
3.945313e+00, 1.837475e-19, 1.837475e-19
3.960938e+00, 9.980425e-20, 9.980425e-20
3.976563e+00, 5.394562e-20, 5.394562e-20
3.992188e+00, 2.901634e-20, 2.901634e-20
4.007813e+00, 1.553133e-20, 1.553133e-20
4.023438e+00, 8.272828e-21, 8.272828e-21
4.039063e+00, 4.385093e-21, 4.385093e-21
4.054688e+00, 2.313039e-21, 2.313039e-21
4.070313e+00, 1.214134e-21, 1.214134e-21
4.085938e+00, 6.342051e-22, 6.342051e-22
4.101563e+00, 3.296645e-22, 3.296645e-22
4.117188e+00, 1.705274e-22, 1.705274e-22
4.132813e+00, 8.777996e-23, 8.777996e-23
4.148438e+00, 4.496516e-23, 4.496516e-23
4.164063e+00, 2.292114e-23, 2.292114e-23
4.179688e+00, 1.162722e-23, 1.162722e-23
4.195313e+00, 5.869416e-24, 5.869416e-24
4.210938e+00, 2.948447e-24, 2.948447e-24
4.226563e+00, 1.473911e-24, 1.473911e-24
4.242188e+00, 7.332101e-25, 7.332101e-25
4.257813e+00, 3.629653e-25, 3.629653e-25
4.273438e+00, 1.788057e-25, 1.788057e-25
4.289063e+00, 8.765502e-26, 8.765502e-26
4.304688e+00, 4.276138e-26, 4.276138e-26
4.320313e+00, 2.075899e-26, 2.075899e-26
4.335938e+00, 1.002859e-26, 1.002859e-26
4.351563e+00, 4.821178e-27, 4.821178e-27
4.367188e+00, 2.306459e-27, 2.306459e-27
4.382813e+00, 1.098039e-27, 1.098039e-27
4.398438e+00, 5.201988e-28, 5.201988e-28
4.414063e+00, 2.452450e-28, 2.452450e-28
4.429688e+00, 1.150563e-28, 1.150563e-28
4.445313e+00, 5.371559e-29, 5.371559e-29
4.460938e+00, 2.495568e-29, 2.495568e-29
4.476563e+00, 1.153767e-29, 1.153767e-29
4.492188e+00, 5.308186e-30, 5.308186e-30
4.507813e+00, 2.430264e-30, 2.430264e-30
4.523438e+00, 1.107236e-30, 1.107236e-30
4.539063e+00, 5.020034e-31, 5.020034e-31
4.554688e+00, 2.264917e-31, 2.264917e-31
4.570313e+00, 1.016898e-31, 1.016898e-31
4.585938e+00, 4.543411e-32, 4.543411e-32
4.601563e+00, 2.020068e-32, 2.020068e-32
4.617188e+00, 8.937774e-33, 8.937774e-33
4.632813e+00, 3.935249e-33, 3.935249e-33
4.648438e+00, 1.724227e-33, 1.724227e-33
4.664063e+00, 7.517892e-34, 7.517892e-34
4.679688e+00, 3.261949e-34, 3.261949e-34
4.695313e+00, 1.408438e-34, 1.408438e-34
4.710938e+00, 6.051702e-35, 6.051702e-35
4.726563e+00, 2.587598e-35, 2.587598e-35
4.742188e+00, 1.101021e-35, 1.101021e-35
4.757813e+00, 4.662017e-36, 4.662017e-36
4.773438e+00, 1.964407e-36, 1.964407e-36
4.789063e+00, 8.236988e-37, 8.236988e-37
4.804688e+00, 3.437042e-37, 3.437042e-37
4.820313e+00, 1.427187e-37, 1.427187e-37
4.835938e+00, 5.897338e-38, 5.897338e-38
4.851563e+00, 2.424994e-38, 2.424994e-38
4.867188e+00, 9.923043e-39, 9.923043e-39
4.882813e+00, 4.040717e-39, 4.040717e-39
4.898438e+00, 1.637387e-39, 1.637387e-39
4.914063e+00, 6.602734e-40, 6.602734e-40
4.929688e+00, 2.649571e-40, 2.649571e-40
4.945313e+00, 1.058052e-40, 1.058052e-40
4.960938e+00, 4.204531e-41, 4.204531e-41
4.976563e+00, 1.662676e-41, 1.662676e-41
4.992188e+00, 6.543003e-42, 6.543003e-42
5.000000e+00, 4.097006e-42, 4.097006e-42


#At time: 2.502264e+01, nsteps= 221


0.000000e+00, 3.612208e-25, 3.614450e-14
7.812500e-03, 2.434674e-14, 4.307484e-14
2.343750e-02, 7.841252e-14, 6.106492e-14
3.906250e-02, 1.459574e-13, 8.635750e-14
5.468750e-02, 2.333536e-13, 1.218284e-13
7.031250e-02, 3.491154e-13, 1.714499e-13
8.593750e-02, 5.046834e-13, 2.406944e-13
1.015625e-01, 7.154705e-13, 3.370816e-13
1.171875e-01, 1.002258e-12, 4.709169e-13
1.328125e-01, 1.393051e-12, 6.562869e-13
1.484375e-01, 1.925542e-12, 9.123959e-13
1.640625e-01, 2.650372e-12, 1.265357e-12
1.796875e-01, 3.635437e-12, 1.750585e-12
1.953125e-01, 4.971558e-12, 2.415980e-12
2.109375e-01, 6.779936e-12, 3.326164e-12
2.265625e-01, 9.221902e-12, 4.568086e-12
2.421875e-01, 1.251168e-11, 6.258424e-12
2.578125e-01, 1.693296e-11, 8.553344e-12
2.734375e-01, 2.286052e-11, 1.166130e-11
2.890625e-01, 3.078812e-11, 1.585983e-11
3.046875e-01, 4.136461e-11, 2.151741e-11
3.203125e-01, 5.544043e-11, 2.912203e-11
3.359375e-01, 7.412730e-11, 3.931819e-11
3.515625e-01, 9.887467e-11, 5.295484e-11
3.671875e-01, 1.315674e-10, 7.114722e-11
3.828125e-01, 1.746501e-10, 9.535652e-11
3.984375e-01, 2.312848e-10, 1.274920e-10
4.140625e-01, 3.055511e-10, 1.700419e-10
4.296875e-01, 4.026984e-10, 2.262398e-10
4.453125e-01, 5.294628e-10, 3.002771e-10
4.609375e-01, 6.944664e-10, 3.975718e-10
4.765625e-01, 9.087150e-10, 5.251087e-10
4.921875e-01, 1.186220e-09, 6.918677e-10
5.078125e-01, 1.544773e-09, 9.093625e-10
5.234375e-01, 2.006902e-09, 1.192316e-09
5.390625e-01, 2.601059e-09, 1.559501e-09
5.546875e-01, 3.363082e-09, 2.034793e-09
5.703125e-01, 4.337986e-09, 2.648469e-09
5.859375e-01, 5.582169e-09, 3.438824e-09
6.015625e-01, 7.166090e-09, 4.454152e-09
6.171875e-01, 9.177543e-09, 5.755199e-09
6.328125e-01, 1.172562e-08, 7.418155e-09
6.484375e-01, 1.494553e-08, 9.538314e-09
6.640625e-01, 1.900434e-08, 1.223454e-08
6.796875e-01, 2.410799e-08, 1.565466e-08
6.953125e-01, 3.050958e-08, 1.998204e-08
7.109375e-01, 3.851935e-08, 2.544347e-08
7.265625e-01, 4.851650e-08, 3.231864e-08
7.421875e-01, 6.096327e-08, 4.095151e-08
7.578125e-01, 7.642153e-08, 5.176390e-08
7.734375e-01, 9.557233e-08, 6.527159e-08
7.890625e-01, 1.192389e-07, 8.210349e-08
8.046875e-01, 1.484136e-07, 1.030242e-07
8.203125e-01, 1.842891e-07, 1.289606e-07
8.359375e-01, 2.282947e-07, 1.610331e-07
8.515625e-01, 2.821390e-07, 2.005918e-07
8.671875e-01, 3.478576e-07, 2.492595e-07
8.828125e-01, 4.278696e-07, 3.089799e-07
8.984375e-01, 5.250411e-07, 3.820753e-07
9.140625e-01, 6.427578e-07, 4.713114e-07
9.296875e-01, 7.850078e-07, 5.799721e-07
9.453125e-01, 9.564745e-07, 7.119450e-07
9.609375e-01, 1.162642e-06, 8.718183e-07
9.765625e-01, 1.409913e-06, 1.064990e-06
9.921875e-01, 1.705737e-06, 1.297794e-06
1.007813e+00, 2.058762e-06, 1.577632e-06
1.023438e+00, 2.478988e-06, 1.913137e-06
1.039063e+00, 2.977950e-06, 2.314336e-06
1.054688e+00, 3.568908e-06, 2.792847e-06
1.070313e+00, 4.267057e-06, 3.362080e-06
1.085938e+00, 5.089757e-06, 4.037468e-06
1.101563e+00, 6.056773e-06, 4.836713e-06
1.117188e+00, 7.190541e-06, 5.780052e-06
1.132813e+00, 8.516440e-06, 6.890542e-06
1.148438e+00, 1.006308e-05, 8.194363e-06
1.164063e+00, 1.186262e-05, 9.721140e-06
1.179688e+00, 1.395106e-05, 1.150428e-05
1.195313e+00, 1.636858e-05, 1.358131e-05
1.210938e+00, 1.915985e-05, 1.599427e-05
1.226563e+00, 2.237437e-05, 1.879002e-05
1.242188e+00, 2.606677e-05, 2.202065e-05
1.257813e+00, 3.029714e-05, 2.574384e-05
1.273438e+00, 3.513130e-05, 3.002317e-05
1.289063e+00, 4.064108e-05, 3.492852e-05
1.304688e+00, 4.690453e-05, 4.053628e-05
1.320313e+00, 5.400613e-05, 4.692970e-05
1.335938e+00, 6.203692e-05, 5.419908e-05
1.351563e+00, 7.109457e-05, 6.244191e-05
1.367188e+00, 8.128340e-05, 7.176301e-05
1.382813e+00, 9.271429e-05, 8.227452e-05
1.398438e+00, 1.055045e-04, 9.409580e-05
1.414063e+00, 1.197774e-04, 1.073533e-04
1.429688e+00, 1.356622e-04, 1.221801e-04
1.445313e+00, 1.532931e-04, 1.387158e-04
1.460938e+00, 1.728090e-04, 1.571056e-04
1.476563e+00, 1.943526e-04, 1.774996e-04
1.492188e+00, 2.180693e-04, 2.000523e-04
1.507813e+00, 2.441064e-04, 2.249208e-04
1.523438e+00, 2.726115e-04, 2.522644e-04
1.539063e+00, 3.037315e-04, 2.822426e-04
1.554688e+00, 3.376107e-04, 3.150137e-04
1.570313e+00, 3.743892e-04, 3.507328e-04
1.585938e+00, 4.142011e-04, 3.895503e-04
1.601563e+00, 4.571725e-04, 4.316094e-04
1.617188e+00, 5.034193e-04, 4.770440e-04
1.632813e+00, 5.530453e-04, 5.259763e-04
1.648438e+00, 6.061395e-04, 5.785143e-04
1.664063e+00, 6.627742e-04, 6.347492e-04
1.679688e+00, 7.230024e-04, 6.947531e-04
1.695313e+00, 7.868558e-04, 7.585758e-04
1.710938e+00, 8.543420e-04, 8.262428e-04
1.726563e+00, 9.254429e-04, 8.977523e-04
1.742188e+00, 1.000112e-03, 9.730734e-04
1.757813e+00, 1.078274e-03, 1.052143e-03
1.773438e+00, 1.159821e-03, 1.134865e-03
1.789063e+00, 1.244612e-03, 1.221108e-03
1.804688e+00, 1.332473e-03, 1.310701e-03
1.820313e+00, 1.423193e-03, 1.403440e-03
1.835938e+00, 1.516529e-03, 1.499077e-03
1.851563e+00, 1.612200e-03, 1.597329e-03
1.867188e+00, 1.709890e-03, 1.697872e-03
1.882813e+00, 1.809250e-03, 1.800345e-03
1.898438e+00, 1.909898e-03, 1.904350e-03
1.914063e+00, 2.011421e-03, 2.009453e-03
1.929688e+00, 2.113376e-03, 2.115189e-03
1.945313e+00, 2.215294e-03, 2.221063e-03
1.960938e+00, 2.316685e-03, 2.326551e-03
1.976563e+00, 2.417038e-03, 2.431109e-03
1.992188e+00, 2.515827e-03, 2.534175e-03
2.007813e+00, 2.612515e-03, 2.635172e-03
2.023438e+00, 2.706558e-03, 2.733515e-03
2.039063e+00, 2.797412e-03, 2.828617e-03
2.054688e+00, 2.884536e-03, 2.919893e-03
2.070313e+00, 2.967397e-03, 3.006769e-03
2.085938e+00, 3.045480e-03, 3.088683e-03
2.101563e+00, 3.118285e-03, 3.165095e-03
2.117188e+00, 3.185340e-03, 3.235493e-03
2.132813e+00, 3.246203e-03, 3.299394e-03
2.148438e+00, 3.300466e-03, 3.356358e-03
2.164063e+00, 3.347761e-03, 3.405983e-03
2.179688e+00, 3.387762e-03, 3.447918e-03
2.195313e+00, 3.420194e-03, 3.481861e-03
2.210938e+00, 3.444829e-03, 3.507569e-03
2.226563e+00, 3.461493e-03, 3.524855e-03
2.242188e+00, 3.470069e-03, 3.533592e-03
2.257813e+00, 3.470494e-03, 3.533717e-03
2.273438e+00, 3.462765e-03, 3.525229e-03
2.289063e+00, 3.446933e-03, 3.508190e-03
2.304688e+00, 3.423109e-03, 3.482724e-03
2.320313e+00, 3.391458e-03, 3.449015e-03
2.335938e+00, 3.352200e-03, 3.407308e-03
2.351563e+00, 3.305603e-03, 3.357901e-03
2.367188e+00, 3.251986e-03, 3.301145e-03
2.382813e+00, 3.191712e-03, 3.237438e-03
2.398438e+00, 3.125183e-03, 3.167223e-03
2.414063e+00, 3.052838e-03, 3.090978e-03
2.429688e+00, 2.975146e-03, 3.009216e-03
2.445313e+00, 2.892604e-03, 2.922476e-03
2.460938e+00, 2.805726e-03, 2.831319e-03
2.476563e+00, 2.715046e-03, 2.736320e-03
2.492188e+00, 2.621105e-03, 2.638062e-03
2.507813e+00, 2.524449e-03, 2.537134e-03
2.523438e+00, 2.425624e-03, 2.434120e-03
2.539063e+00, 2.325171e-03, 2.329597e-03
2.554688e+00, 2.223619e-03, 2.224128e-03
2.570313e+00, 2.121484e-03, 2.118259e-03
2.585938e+00, 2.019262e-03, 2.012512e-03
2.601563e+00, 1.917427e-03, 1.907383e-03
2.617188e+00, 1.816427e-03, 1.803340e-03
2.632813e+00, 1.716682e-03, 1.700817e-03
2.648438e+00, 1.618579e-03, 1.600213e-03
2.664063e+00, 1.522474e-03, 1.501890e-03
2.679688e+00, 1.428689e-03, 1.406172e-03
2.695313e+00, 1.337509e-03, 1.313346e-03
2.710938e+00, 1.249184e-03, 1.223658e-03
2.726563e+00, 1.163931e-03, 1.137316e-03
2.742188e+00, 1.081927e-03, 1.054490e-03
2.757813e+00, 1.003318e-03, 9.753129e-04
2.773438e+00, 9.282153e-04, 8.998821e-04
2.789063e+00, 8.566986e-04, 8.282615e-04
2.804688e+00, 7.888167e-04, 7.604830e-04
2.820313e+00, 7.245903e-04, 6.965491e-04
2.835938e+00, 6.640135e-04, 6.364352e-04
2.851563e+00, 6.070562e-04, 5.800919e-04
2.867188e+00, 5.536662e-04, 5.274479e-04
2.882813e+00, 5.037718e-04, 4.784125e-04
2.898438e+00, 4.572841e-04, 4.328782e-04
2.914063e+00, 4.140990e-04, 3.907231e-04
2.929688e+00, 3.741000e-04, 3.518136e-04
2.945313e+00, 3.371602e-04, 3.160068e-04
2.960938e+00, 3.031444e-04, 2.831525e-04
2.976563e+00, 2.719111e-04, 2.530955e-04
2.992188e+00, 2.433145e-04, 2.256778e-04
3.007813e+00, 2.172062e-04, 2.007397e-04
3.023438e+00, 1.934369e-04, 1.781222e-04
3.039063e+00, 1.718575e-04, 1.576678e-04
3.054688e+00, 1.523210e-04, 1.392220e-04
3.070313e+00, 1.346828e-04, 1.226347e-04
3.085938e+00, 1.188024e-04, 1.077603e-04
3.101563e+00, 1.045440e-04, 9.445923e-05
3.117188e+00, 9.177669e-05, 8.259814e-05
3.132813e+00, 8.037577e-05, 7.205038e-05
3.148438e+00, 7.022257e-05, 6.269639e-05
3.164063e+00, 6.120495e-05, 5.442381e-05
3.179688e+00, 5.321746e-05, 4.712763e-05
3.195313e+00, 4.616140e-05, 4.071012e-05
3.210938e+00, 3.994481e-05, 3.508079e-05
3.226563e+00, 3.448244e-05, 3.015620e-05
3.242188e+00, 2.969554e-05, 2.585973e-05
3.257813e+00, 2.551170e-05, 2.212134e-05
3.273438e+00, 2.186463e-05, 1.887727e-05
3.289063e+00, 1.869385e-05, 1.606968e-05
3.304688e+00, 1.594441e-05, 1.364631e-05
3.320313e+00, 1.356660e-05, 1.156016e-05
3.335938e+00, 1.151558e-05, 9.769047e-06
3.351563e+00, 9.751065e-06, 8.235328e-06
3.367188e+00, 8.237003e-06, 6.925479e-06
3.382813e+00, 6.941235e-06, 5.809769e-06
3.398438e+00, 5.835176e-06, 4.861924e-06
3.414063e+00, 4.893507e-06, 4.058800e-06
3.429688e+00, 4.093879e-06, 3.380083e-06
3.445313e+00, 3.416627e-06, 2.808000e-06
3.460938e+00, 2.844509e-06, 2.327058e-06
3.476563e+00, 2.362456e-06, 1.923789e-06
3.492188e+00, 1.957338e-06, 1.586528e-06
3.507813e+00, 1.617757e-06, 1.305204e-06
3.523438e+00, 1.333845e-06, 1.071148e-06
3.539063e+00, 1.097087e-06, 8.769206e-07
3.554688e+00, 9.001613e-07, 7.161623e-07
3.570313e+00, 7.367871e-07, 5.834489e-07
3.585938e+00, 6.015968e-07, 4.741704e-07
3.601563e+00, 4.900158e-07, 3.844202e-07
3.617188e+00, 3.981578e-07, 3.108982e-07
3.632813e+00, 3.227305e-07, 2.508247e-07
3.648438e+00, 2.609539e-07, 2.018657e-07
3.664063e+00, 2.104873e-07, 1.620672e-07
3.679688e+00, 1.693658e-07, 1.297980e-07
3.695313e+00, 1.359447e-07, 1.037005e-07
3.710938e+00, 1.088516e-07, 8.264829e-08
3.726563e+00, 8.694464e-08, 6.570935e-08
3.742188e+00, 6.927641e-08, 5.211475e-08
3.757813e+00, 5.506324e-08, 4.123199e-08
3.773438e+00, 4.365874e-08, 3.254229e-08
3.789063e+00, 3.453130e-08, 2.562136e-08
3.804688e+00, 2.724496e-08, 2.012317e-08
3.820313e+00, 2.144323e-08, 1.576634e-08
3.835938e+00, 1.683543e-08, 1.232269e-08
3.851563e+00, 1.318522e-08, 9.607720e-09
3.867188e+00, 1.030098e-08, 7.472662e-09
3.882813e+00, 8.027819e-09, 5.797897e-09
3.898438e+00, 6.240842e-09, 4.487515e-09
3.914063e+00, 4.839658e-09, 3.464826e-09
3.929688e+00, 3.743788e-09, 2.668685e-09
3.945313e+00, 2.888896e-09, 2.050469e-09
3.960938e+00, 2.223699e-09, 1.571627e-09
3.976563e+00, 1.707429e-09, 1.201671e-09
3.992188e+00, 1.307769e-09, 9.165628e-10
4.007813e+00, 9.991716e-10, 6.973952e-10
4.023438e+00, 7.614985e-10, 5.293414e-10
4.039063e+00, 5.789181e-10, 4.008048e-10
4.054688e+00, 4.390190e-10, 3.027403e-10
4.070313e+00, 3.320984e-10, 2.281118e-10
4.085938e+00, 2.505917e-10, 1.714610e-10
4.101563e+00, 1.886175e-10, 1.285652e-10
4.117188e+00, 1.416159e-10, 9.616595e-11
4.132813e+00, 1.060609e-10, 7.175622e-11
4.148438e+00, 7.923402e-11, 5.341190e-11
4.164063e+00, 5.904454e-11, 3.966036e-11
4.179688e+00, 4.388930e-11, 2.937754e-11
4.195313e+00, 3.254225e-11, 2.170773e-11
4.210938e+00, 2.406830e-11, 1.600124e-11
4.226563e+00, 1.775625e-11, 1.176611e-11
4.242188e+00, 1.306664e-11, 8.630832e-12
4.257813e+00, 9.591421e-12, 6.315568e-12
4.273438e+00, 7.022747e-12, 4.610122e-12
4.289063e+00, 5.129029e-12, 3.357009e-12
4.304688e+00, 3.736513e-12, 2.438557e-12
4.320313e+00, 2.715188e-12, 1.767069e-12
4.335938e+00, 1.968043e-12, 1.277362e-12
4.351563e+00, 1.422883e-12, 9.211175e-13
4.367188e+00, 1.026132e-12, 6.626072e-13
4.382813e+00, 7.381335e-13, 4.754857e-13
4.398438e+00, 5.296194e-13, 3.403760e-13
4.414063e+00, 3.790433e-13, 2.430640e-13
4.429688e+00, 2.705882e-13, 1.731500e-13
4.445313e+00, 1.926738e-13, 1.230452e-13
4.460938e+00, 1.368452e-13, 8.722617e-14
4.476563e+00, 9.694558e-14, 6.168353e-14
4.492188e+00, 6.850422e-14, 4.351429e-14
4.507813e+00, 4.828322e-14, 3.062208e-14
4.523438e+00, 3.394406e-14, 2.149699e-14
4.539063e+00, 2.380229e-14, 1.505431e-14
4.554688e+00, 1.664793e-14, 1.051682e-14
4.570313e+00, 1.161414e-14, 7.329054e-15
4.585938e+00, 8.081608e-15, 5.095088e-15
4.601563e+00, 5.609081e-15, 3.533423e-15
4.617188e+00, 3.883002e-15, 2.444442e-15
4.632813e+00, 2.681169e-15, 1.686958e-15
4.648438e+00, 1.846548e-15, 1.161365e-15
4.664063e+00, 1.268456e-15, 7.975785e-16
4.679688e+00, 8.690957e-16, 5.464096e-16
4.695313e+00, 5.939310e-16, 3.734251e-16
4.710938e+00, 4.048363e-16, 2.545826e-16
4.726563e+00, 2.752306e-16, 1.731387e-16
4.742188e+00, 1.866323e-16, 1.174627e-16
4.757813e+00, 1.262258e-16, 7.949610e-17
4.773438e+00, 8.514907e-17, 5.367004e-17
4.789063e+00, 5.729022e-17, 3.614583e-17
4.804688e+00, 3.844576e-17, 2.428424e-17
4.820313e+00, 2.573248e-17, 1.627538e-17
4.835938e+00, 1.717813e-17, 1.088123e-17
4.851563e+00, 1.143728e-17, 7.257133e-18
4.867188e+00, 7.594532e-18, 4.828278e-18
4.882813e+00, 5.028670e-18, 3.204496e-18
4.898438e+00, 3.319130e-18, 2.121618e-18
4.914063e+00, 2.181671e-18, 1.401248e-18
4.929688e+00, 1.424202e-18, 9.232154e-19
4.945313e+00, 9.163526e-19, 6.067799e-19
4.960938e+00, 5.682750e-19, 3.978319e-19
4.976563e+00, 3.153916e-19, 2.602005e-19
4.992188e+00, 1.065612e-19, 1.697684e-19
5.000000e+00, 5.131511e-36, 1.370042e-19


#At time: 5.004529e+01, nsteps= 442


0.000000e+00, 2.027859e-30, 2.598127e-12
7.812500e-03, 1.291678e-12, 2.958673e-12
2.343750e-02, 4.106033e-12, 3.832131e-12
3.906250e-02, 7.452603e-12, 4.955382e-12
5.468750e-02, 1.148896e-11, 6.397461e-12
7.031250e-02, 1.641112e-11, 8.245778e-12
8.593750e-02, 2.246281e-11, 1.061083e-11
1.015625e-01, 2.994691e-11, 1.363202e-11
1.171875e-01, 3.923941e-11, 1.748498e-11
1.328125e-01, 5.080660e-11, 2.239048e-11
1.484375e-01, 6.522598e-11, 2.862564e-11
1.640625e-01, 8.321187e-11, 3.653765e-11
1.796875e-01, 1.056466e-10, 4.656071e-11
1.953125e-01, 1.336181e-10, 5.923688e-11
2.109375e-01, 1.684661e-10, 7.524164e-11
2.265625e-01, 2.118378e-10, 9.541528e-11
2.421875e-01, 2.657543e-10, 1.208012e-10
2.578125e-01, 3.326927e-10, 1.526926e-10
2.734375e-01, 4.156825e-10, 1.926897e-10
2.890625e-01, 5.184236e-10, 2.427685e-10
3.046875e-01, 6.454262e-10, 3.053654e-10
3.203125e-01, 8.021793e-10, 3.834784e-10
3.359375e-01, 9.953511e-10, 4.807902e-10
3.515625e-01, 1.233029e-09, 6.018161e-10
3.671875e-01, 1.525003e-09, 7.520827e-10
3.828125e-01, 1.883105e-09, 9.383416e-10
3.984375e-01, 2.321611e-09, 1.168826e-09
4.140625e-01, 2.857711e-09, 1.453558e-09
4.296875e-01, 3.512071e-09, 1.804714e-09
4.453125e-01, 4.309491e-09, 2.237062e-09
4.609375e-01, 5.279682e-09, 2.768479e-09
4.765625e-01, 6.458168e-09, 3.420566e-09
4.921875e-01, 7.887357e-09, 4.219377e-09
5.078125e-01, 9.617778e-09, 5.196276e-09
5.234375e-01, 1.170953e-08, 6.388952e-09
5.390625e-01, 1.423397e-08, 7.842611e-09
5.546875e-01, 1.727567e-08, 9.611369e-09
5.703125e-01, 2.093466e-08, 1.175989e-08
5.859375e-01, 2.532910e-08, 1.436531e-08
6.015625e-01, 3.059823e-08, 1.751945e-08
6.171875e-01, 3.690592e-08, 2.133140e-08
6.328125e-01, 4.444459e-08, 2.593055e-08
6.484375e-01, 5.343986e-08, 3.147007e-08
6.640625e-01, 6.415569e-08, 3.813092e-08
6.796875e-01, 7.690044e-08, 4.612649e-08
6.953125e-01, 9.203360e-08, 5.570794e-08
7.109375e-01, 1.099735e-07, 6.717031e-08
7.265625e-01, 1.312060e-07, 8.085953e-08
7.421875e-01, 1.562946e-07, 9.718038e-08
7.578125e-01, 1.858912e-07, 1.166056e-07
7.734375e-01, 2.207487e-07, 1.396864e-07
7.890625e-01, 2.617353e-07, 1.670637e-07
8.046875e-01, 3.098500e-07, 1.994821e-07
8.203125e-01, 3.662399e-07, 2.378040e-07
8.359375e-01, 4.322202e-07, 2.830270e-07
8.515625e-01, 5.092955e-07, 3.363026e-07
8.671875e-01, 5.991838e-07, 3.989571e-07
8.828125e-01, 7.038431e-07, 4.725151e-07
8.984375e-01, 8.255007e-07, 5.587258e-07
9.140625e-01, 9.666847e-07, 6.595920e-07
9.296875e-01, 1.130260e-06, 7.774019e-07
9.453125e-01, 1.319465e-06, 9.147646e-07
9.609375e-01, 1.537954e-06, 1.074649e-06
9.765625e-01, 1.789845e-06, 1.260427e-06
9.921875e-01, 2.079764e-06, 1.475917e-06
1.007813e+00, 2.412899e-06, 1.725441e-06
1.023438e+00, 2.795058e-06, 2.013871e-06
1.039063e+00, 3.232728e-06, 2.346696e-06
1.054688e+00, 3.733142e-06, 2.730081e-06
1.070313e+00, 4.304343e-06, 3.170939e-06
1.085938e+00, 4.955258e-06, 3.677001e-06
1.101563e+00, 5.695775e-06, 4.256898e-06
1.117188e+00, 6.536821e-06, 4.920239e-06
1.132813e+00, 7.490448e-06, 5.677705e-06
1.148438e+00, 8.569912e-06, 6.541132e-06
1.164063e+00, 9.789771e-06, 7.523616e-06
1.179688e+00, 1.116597e-05, 8.639606e-06
1.195313e+00, 1.271592e-05, 9.905006e-06
1.210938e+00, 1.445863e-05, 1.133729e-05
1.226563e+00, 1.641475e-05, 1.295559e-05
1.242188e+00, 1.860669e-05, 1.478083e-05
1.257813e+00, 2.105874e-05, 1.683580e-05
1.273438e+00, 2.379707e-05, 1.914531e-05
1.289063e+00, 2.684991e-05, 2.173625e-05
1.304688e+00, 3.024756e-05, 2.463772e-05
1.320313e+00, 3.402250e-05, 2.788110e-05
1.335938e+00, 3.820942e-05, 3.150017e-05
1.351563e+00, 4.284529e-05, 3.553116e-05
1.367188e+00, 4.796939e-05, 4.001285e-05
1.382813e+00, 5.362334e-05, 4.498659e-05
1.398438e+00, 5.985110e-05, 5.049639e-05
1.414063e+00, 6.669896e-05, 5.658888e-05
1.429688e+00, 7.421550e-05, 6.331337e-05
1.445313e+00, 8.245158e-05, 7.072181e-05
1.460938e+00, 9.146019e-05, 7.886873e-05
1.476563e+00, 1.012964e-04, 8.781119e-05
1.492188e+00, 1.120173e-04, 9.760869e-05
1.507813e+00, 1.236815e-04, 1.083230e-04
1.523438e+00, 1.363495e-04, 1.200180e-04
1.539063e+00, 1.500829e-04, 1.327595e-04
1.554688e+00, 1.649445e-04, 1.466151e-04
1.570313e+00, 1.809979e-04, 1.616535e-04
1.585938e+00, 1.983072e-04, 1.779447e-04
1.601563e+00, 2.169364e-04, 1.955594e-04
1.617188e+00, 2.369494e-04, 2.145684e-04
1.632813e+00, 2.584092e-04, 2.350426e-04
1.648438e+00, 2.813775e-04, 2.570519e-04
1.664063e+00, 3.059145e-04, 2.806653e-04
1.679688e+00, 3.320778e-04, 3.059498e-04
1.695313e+00, 3.599225e-04, 3.329700e-04
1.710938e+00, 3.894998e-04, 3.617876e-04
1.726563e+00, 4.208573e-04, 3.924603e-04
1.742188e+00, 4.540374e-04, 4.250416e-04
1.757813e+00, 4.890775e-04, 4.595796e-04
1.773438e+00, 5.260088e-04, 4.961164e-04
1.789063e+00, 5.648558e-04, 5.346874e-04
1.804688e+00, 6.056357e-04, 5.753206e-04
1.820313e+00, 6.483575e-04, 6.180355e-04
1.835938e+00, 6.930218e-04, 6.628428e-04
1.851563e+00, 7.396197e-04, 7.097431e-04
1.867188e+00, 7.881325e-04, 7.587268e-04
1.882813e+00, 8.385313e-04, 8.097728e-04
1.898438e+00, 8.907759e-04, 8.628485e-04
1.914063e+00, 9.448152e-04, 9.179087e-04
1.929688e+00, 1.000586e-03, 9.748953e-04
1.945313e+00, 1.058013e-03, 1.033737e-03
1.960938e+00, 1.117010e-03, 1.094349e-03
1.976563e+00, 1.177475e-03, 1.156631e-03
1.992188e+00, 1.239298e-03, 1.220471e-03
2.007813e+00, 1.302353e-03, 1.285742e-03
2.023438e+00, 1.366504e-03, 1.352303e-03
2.039063e+00, 1.431600e-03, 1.419997e-03
2.054688e+00, 1.497482e-03, 1.488656e-03
2.070313e+00, 1.563977e-03, 1.558099e-03
2.085938e+00, 1.630903e-03, 1.628130e-03
2.101563e+00, 1.698066e-03, 1.698544e-03
2.117188e+00, 1.765264e-03, 1.769123e-03
2.132813e+00, 1.832288e-03, 1.839641e-03
2.148438e+00, 1.898918e-03, 1.909860e-03
2.164063e+00, 1.964931e-03, 1.979536e-03
2.179688e+00, 2.030098e-03, 2.048420e-03
2.195313e+00, 2.094186e-03, 2.116256e-03
2.210938e+00, 2.156959e-03, 2.182784e-03
2.226563e+00, 2.218181e-03, 2.247745e-03
2.242188e+00, 2.277615e-03, 2.310878e-03
2.257813e+00, 2.335027e-03, 2.371922e-03
2.273438e+00, 2.390186e-03, 2.430621e-03
2.289063e+00, 2.442866e-03, 2.486726e-03
2.304688e+00, 2.492846e-03, 2.539990e-03
2.320313e+00, 2.539916e-03, 2.590178e-03
2.335938e+00, 2.583873e-03, 2.637065e-03
2.351563e+00, 2.624525e-03, 2.680437e-03
2.367188e+00, 2.661694e-03, 2.720095e-03
2.382813e+00, 2.695213e-03, 2.755853e-03
2.398438e+00, 2.724931e-03, 2.787543e-03
2.414063e+00, 2.750714e-03, 2.815014e-03
2.429688e+00, 2.772444e-03, 2.838136e-03
2.445313e+00, 2.790021e-03, 2.856797e-03
2.460938e+00, 2.803363e-03, 2.870907e-03
2.476563e+00, 2.812408e-03, 2.880398e-03
2.492188e+00, 2.817113e-03, 2.885223e-03
2.507813e+00, 2.817455e-03, 2.885359e-03
2.523438e+00, 2.813433e-03, 2.880806e-03
2.539063e+00, 2.805065e-03, 2.871584e-03
2.554688e+00, 2.792389e-03, 2.857740e-03
2.570313e+00, 2.775462e-03, 2.839341e-03
2.585938e+00, 2.754362e-03, 2.816474e-03
2.601563e+00, 2.729185e-03, 2.789252e-03
2.617188e+00, 2.700045e-03, 2.757802e-03
2.632813e+00, 2.667074e-03, 2.722276e-03
2.648438e+00, 2.630420e-03, 2.682840e-03
2.664063e+00, 2.590245e-03, 2.639678e-03
2.679688e+00, 2.546726e-03, 2.592989e-03
2.695313e+00, 2.500053e-03, 2.542985e-03
2.710938e+00, 2.450426e-03, 2.489893e-03
2.726563e+00, 2.398055e-03, 2.433947e-03
2.742188e+00, 2.343159e-03, 2.375391e-03
2.757813e+00, 2.285964e-03, 2.314476e-03
2.773438e+00, 2.226701e-03, 2.251458e-03
2.789063e+00, 2.165604e-03, 2.186596e-03
2.804688e+00, 2.102910e-03, 2.120151e-03
2.820313e+00, 2.038858e-03, 2.052384e-03
2.835938e+00, 1.973683e-03, 1.983554e-03
2.851563e+00, 1.907620e-03, 1.913916e-03
2.867188e+00, 1.840900e-03, 1.843722e-03
2.882813e+00, 1.773751e-03, 1.773215e-03
2.898438e+00, 1.706391e-03, 1.702633e-03
2.914063e+00, 1.639034e-03, 1.632204e-03
2.929688e+00, 1.571885e-03, 1.562144e-03
2.945313e+00, 1.505139e-03, 1.492662e-03
2.960938e+00, 1.438982e-03, 1.423952e-03
2.976563e+00, 1.373590e-03, 1.356197e-03
2.992188e+00, 1.309126e-03, 1.289567e-03
3.007813e+00, 1.245743e-03, 1.224218e-03
3.023438e+00, 1.183580e-03, 1.160291e-03
3.039063e+00, 1.122765e-03, 1.097915e-03
3.054688e+00, 1.063414e-03, 1.037203e-03
3.070313e+00, 1.005628e-03, 9.782565e-04
3.085938e+00, 9.494975e-04, 9.211603e-04
3.101563e+00, 8.951005e-04, 8.659867e-04
3.117188e+00, 8.425022e-04, 8.127946e-04
3.132813e+00, 7.917558e-04, 7.616299e-04
3.148438e+00, 7.429034e-04, 7.125260e-04
3.164063e+00, 6.959756e-04, 6.655045e-04
3.179688e+00, 6.509927e-04, 6.205758e-04
3.195313e+00, 6.079649e-04, 5.777398e-04
3.210938e+00, 5.668927e-04, 5.369864e-04
3.226563e+00, 5.277680e-04, 4.982965e-04
3.242188e+00, 4.905744e-04, 4.616427e-04
3.257813e+00, 4.552879e-04, 4.269900e-04
3.273438e+00, 4.218776e-04, 3.942965e-04
3.289063e+00, 3.903066e-04, 3.635145e-04
3.304688e+00, 3.605322e-04, 3.345909e-04
3.320313e+00, 3.325069e-04, 3.074681e-04
3.335938e+00, 3.061792e-04, 2.820848e-04
3.351563e+00, 2.814938e-04, 2.583764e-04
3.367188e+00, 2.583924e-04, 2.362759e-04
3.382813e+00, 2.368146e-04, 2.157147e-04
3.398438e+00, 2.166978e-04, 1.966226e-04
3.414063e+00, 1.979783e-04, 1.789290e-04
3.429688e+00, 1.805917e-04, 1.625630e-04
3.445313e+00, 1.644730e-04, 1.474539e-04
3.460938e+00, 1.495574e-04, 1.335317e-04
3.476563e+00, 1.357805e-04, 1.207274e-04
3.492188e+00, 1.230787e-04, 1.089736e-04
3.507813e+00, 1.113895e-04, 9.820417e-05
3.523438e+00, 1.006517e-04, 8.835523e-05
3.539063e+00, 9.080567e-05, 7.936485e-05
3.554688e+00, 8.179370e-05, 7.117339e-05
3.570313e+00, 7.355997e-05, 6.372366e-05
3.585938e+00, 6.605073e-05, 5.696096e-05
3.601563e+00, 5.921448e-05, 5.083320e-05
3.617188e+00, 5.300198e-05, 4.529093e-05
3.632813e+00, 4.736636e-05, 4.028733e-05
3.648438e+00, 4.226310e-05, 3.577827e-05
3.664063e+00, 3.765006e-05, 3.172224e-05
3.679688e+00, 3.348752e-05, 2.808031e-05
3.695313e+00, 2.973807e-05, 2.481609e-05
3.710938e+00, 2.636665e-05, 2.189569e-05
3.726563e+00, 2.334044e-05, 1.928756e-05
3.742188e+00, 2.062885e-05, 1.696249e-05
3.757813e+00, 1.820339e-05, 1.489345e-05
3.773438e+00, 1.603765e-05, 1.305554e-05
3.789063e+00, 1.410718e-05, 1.142583e-05
3.804688e+00, 1.238939e-05, 9.983304e-06
3.820313e+00, 1.086351e-05, 8.708722e-06
3.835938e+00, 9.510436e-06, 7.584520e-06
3.851563e+00, 8.312665e-06, 6.594705e-06
3.867188e+00, 7.254200e-06, 5.724745e-06
3.882813e+00, 6.320447e-06, 4.961472e-06
3.898438e+00, 5.498129e-06, 4.292976e-06
3.914063e+00, 4.775187e-06, 3.708515e-06
3.929688e+00, 4.140703e-06, 3.198417e-06
3.945313e+00, 3.584805e-06, 2.753999e-06
3.960938e+00, 3.098593e-06, 2.367478e-06
3.976563e+00, 2.674058e-06, 2.031897e-06
3.992188e+00, 2.304007e-06, 1.741049e-06
4.007813e+00, 1.981999e-06, 1.489409e-06
4.023438e+00, 1.702273e-06, 1.272068e-06
4.039063e+00, 1.459691e-06, 1.084677e-06
4.054688e+00, 1.249678e-06, 9.233878e-07
4.070313e+00, 1.068170e-06, 7.848042e-07
4.085938e+00, 9.115654e-07, 6.659354e-07
4.101563e+00, 7.766757e-07, 5.641523e-07
4.117188e+00, 6.606870e-07, 4.771493e-07
4.132813e+00, 5.611198e-07, 4.029078e-07
4.148438e+00, 4.757941e-07, 3.396650e-07
4.164063e+00, 4.027964e-07, 2.858837e-07
4.179688e+00, 3.404512e-07, 2.402268e-07
4.195313e+00, 2.872941e-07, 2.015335e-07
4.210938e+00, 2.420474e-07, 1.687977e-07
4.226563e+00, 2.035992e-07, 1.411495e-07
4.242188e+00, 1.709830e-07, 1.178381e-07
4.257813e+00, 1.433610e-07, 9.821680e-08
4.273438e+00, 1.200078e-07, 8.172959e-08
4.289063e+00, 1.002971e-07, 6.789948e-08
4.304688e+00, 8.368872e-08, 5.631799e-08
4.320313e+00, 6.971802e-08, 4.663601e-08
4.335938e+00, 5.798590e-08, 3.855576e-08
4.351563e+00, 4.815023e-08, 3.182370e-08
4.367188e+00, 3.991837e-08, 2.622440e-08
4.382813e+00, 3.304039e-08, 2.157516e-08
4.398438e+00, 2.730330e-08, 1.772132e-08
4.414063e+00, 2.252590e-08, 1.453222e-08
4.429688e+00, 1.855437e-08, 1.189765e-08
4.445313e+00, 1.525831e-08, 9.724872e-09
4.460938e+00, 1.252745e-08, 7.935974e-09
4.476563e+00, 1.026868e-08, 6.465620e-09
4.492188e+00, 8.403532e-09, 5.259127e-09
4.507813e+00, 6.865999e-09, 4.270815e-09
4.523438e+00, 5.600671e-09, 3.462592e-09
4.539063e+00, 4.561107e-09, 2.802758e-09
4.554688e+00, 3.708464e-09, 2.264974e-09
4.570313e+00, 3.010308e-09, 1.827404e-09
4.585938e+00, 2.439611e-09, 1.471972e-09
4.601563e+00, 1.973887e-09, 1.183745e-09
4.617188e+00, 1.594469e-09, 9.504079e-10
4.632813e+00, 1.285882e-09, 7.618257e-10
4.648438e+00, 1.035326e-09, 6.096700e-10
4.664063e+00, 8.322308e-10, 4.871106e-10
4.679688e+00, 6.678829e-10, 3.885562e-10
4.695313e+00, 5.351139e-10, 3.094380e-10
4.710938e+00, 4.280365e-10, 2.460295e-10
4.726563e+00, 3.418245e-10, 1.952964e-10
4.742188e+00, 2.725285e-10, 1.547728e-10
4.757813e+00, 2.169225e-10, 1.224585e-10
4.773438e+00, 1.723761e-10, 9.673342e-11
4.789063e+00, 1.367484e-10, 7.628828e-11
4.804688e+00, 1.082995e-10, 6.006655e-11
4.820313e+00, 8.561756e-11, 4.721729e-11
4.835938e+00, 6.755885e-11, 3.705638e-11
4.851563e+00, 5.319720e-11, 2.903478e-11
4.867188e+00, 4.178286e-11, 2.271264e-11
4.882813e+00, 3.270801e-11, 1.773823e-11
4.898438e+00, 2.547789e-11, 1.383078e-11
4.914063e+00, 1.968622e-11, 1.076655e-11
4.929688e+00, 1.499362e-11, 8.367578e-12
4.945313e+00, 1.110802e-11, 6.492571e-12
4.960938e+00, 7.765452e-12, 5.029528e-12
4.976563e+00, 4.709846e-12, 3.889836e-12
4.992188e+00, 1.669868e-12, 3.003509e-12
5.000000e+00, 2.121812e-30, 2.637624e-12


#At time: 7.506793e+01, nsteps= 663


0.000000e+00, 3.451782e-36, 1.543236e-11
7.812500e-03, 5.844715e-12, 1.717903e-11
2.343750e-02, 1.849990e-11, 2.126836e-11
3.906250e-02, 3.329822e-11, 2.629902e-11
5.468750e-02, 5.070543e-11, 3.247995e-11
7.031250e-02, 7.128039e-11, 4.006465e-11
8.593750e-02, 9.569277e-11, 4.936027e-11
1.015625e-01, 1.247438e-10, 6.073849e-11
1.171875e-01, 1.593909e-10, 7.464842e-11
1.328125e-01, 2.007765e-10, 9.163207e-11
1.484375e-01, 2.502621e-10, 1.123426e-10
1.640625e-01, 3.094679e-10, 1.375662e-10
1.796875e-01, 3.803200e-10, 1.682478e-10
1.953125e-01, 4.651043e-10, 2.055214e-10
2.109375e-01, 5.665314e-10, 2.507466e-10
2.265625e-01, 6.878102e-10, 3.055507e-10
2.421875e-01, 8.327352e-10, 3.718790e-10
2.578125e-01, 1.005788e-09, 4.520539e-10
2.734375e-01, 1.212253e-09, 5.488441e-10
2.890625e-01, 1.458356e-09, 6.655459e-10
3.046875e-01, 1.751420e-09, 8.060784e-10
3.203125e-01, 2.100048e-09, 9.750945e-10
3.359375e-01, 2.514336e-09, 1.178111e-09
3.515625e-01, 3.006111e-09, 1.421662e-09
3.671875e-01, 3.589215e-09, 1.713469e-09
3.828125e-01, 4.279826e-09, 2.062655e-09
3.984375e-01, 5.096824e-09, 2.479974e-09
4.140625e-01, 6.062218e-09, 2.978091e-09
4.296875e-01, 7.201626e-09, 3.571897e-09
4.453125e-01, 8.544831e-09, 4.278880e-09
4.609375e-01, 1.012641e-08, 5.119546e-09
4.765625e-01, 1.198646e-08, 6.117910e-09
4.921875e-01, 1.417139e-08, 7.302051e-09
5.078125e-01, 1.673489e-08, 8.704762e-09
5.234375e-01, 1.973894e-08, 1.036428e-08
5.390625e-01, 2.325503e-08, 1.232513e-08
5.546875e-01, 2.736550e-08, 1.463910e-08
5.703125e-01, 3.216503e-08, 1.736630e-08
5.859375e-01, 3.776238e-08, 2.057644e-08
6.015625e-01, 4.428231e-08, 2.435026e-08
6.171875e-01, 5.186771e-08, 2.878109e-08
6.328125e-01, 6.068203e-08, 3.397668e-08
6.484375e-01, 7.091200e-08, 4.006129e-08
6.640625e-01, 8.277061e-08, 4.717795e-08
6.796875e-01, 9.650051e-08, 5.549112e-08
6.953125e-01, 1.123777e-07, 6.518957e-08
7.109375e-01, 1.307158e-07, 7.648970e-08
7.265625e-01, 1.518705e-07, 8.963920e-08
7.421875e-01, 1.762449e-07, 1.049212e-07
7.578125e-01, 2.042947e-07, 1.226588e-07
7.734375e-01, 2.365351e-07, 1.432203e-07
7.890625e-01, 2.735469e-07, 1.670246e-07
8.046875e-01, 3.159847e-07, 1.945479e-07
8.203125e-01, 3.645846e-07, 2.263304e-07
8.359375e-01, 4.201735e-07, 2.629840e-07
8.515625e-01, 4.836788e-07, 3.052011e-07
8.671875e-01, 5.561395e-07, 3.537636e-07
8.828125e-01, 6.387174e-07, 4.095532e-07
8.984375e-01, 7.327099e-07, 4.735630e-07
9.140625e-01, 8.395639e-07, 5.469094e-07
9.296875e-01, 9.608906e-07, 6.308458e-07
9.453125e-01, 1.098481e-06, 7.267772e-07
9.609375e-01, 1.254325e-06, 8.362758e-07
9.765625e-01, 1.430625e-06, 9.610988e-07
9.921875e-01, 1.629823e-06, 1.103206e-06
1.007813e+00, 1.854615e-06, 1.264782e-06
1.023438e+00, 2.107977e-06, 1.448254e-06
1.039063e+00, 2.393188e-06, 1.656320e-06
1.054688e+00, 2.713855e-06, 1.891968e-06
1.070313e+00, 3.073939e-06, 2.158507e-06
1.085938e+00, 3.477787e-06, 2.459595e-06
1.101563e+00, 3.930156e-06, 2.799263e-06
1.117188e+00, 4.436245e-06, 3.181956e-06
1.132813e+00, 5.001732e-06, 3.612558e-06
1.148438e+00, 5.632802e-06, 4.096431e-06
1.164063e+00, 6.336183e-06, 4.639453e-06
1.179688e+00, 7.119184e-06, 5.248051e-06
1.195313e+00, 7.989727e-06, 5.929247e-06
1.210938e+00, 8.956390e-06, 6.690695e-06
1.226563e+00, 1.002844e-05, 7.540727e-06
1.242188e+00, 1.121587e-05, 8.488391e-06
1.257813e+00, 1.252946e-05, 9.543501e-06
1.273438e+00, 1.398076e-05, 1.071668e-05
1.289063e+00, 1.558221e-05, 1.201941e-05
1.304688e+00, 1.734709e-05, 1.346406e-05
1.320313e+00, 1.928962e-05, 1.506397e-05
1.335938e+00, 2.142498e-05, 1.683344e-05
1.351563e+00, 2.376932e-05, 1.878782e-05
1.367188e+00, 2.633981e-05, 2.094355e-05
1.382813e+00, 2.915468e-05, 2.331817e-05
1.398438e+00, 3.223321e-05, 2.593037e-05
1.414063e+00, 3.559578e-05, 2.880005e-05
1.429688e+00, 3.926388e-05, 3.194832e-05
1.445313e+00, 4.326012e-05, 3.539753e-05
1.460938e+00, 4.760821e-05, 3.917131e-05
1.476563e+00, 5.233303e-05, 4.329457e-05
1.492188e+00, 5.746054e-05, 4.779353e-05
1.507813e+00, 6.301782e-05, 5.269566e-05
1.523438e+00, 6.903302e-05, 5.802978e-05
1.539063e+00, 7.553534e-05, 6.382593e-05
1.554688e+00, 8.255501e-05, 7.011543e-05
1.570313e+00, 9.012319e-05, 7.693081e-05
1.585938e+00, 9.827195e-05, 8.430574e-05
1.601563e+00, 1.070342e-04, 9.227505e-05
1.617188e+00, 1.164435e-04, 1.008745e-04
1.632813e+00, 1.265343e-04, 1.101410e-04
1.648438e+00, 1.373412e-04, 1.201121e-04
1.664063e+00, 1.488997e-04, 1.308262e-04
1.679688e+00, 1.612450e-04, 1.423223e-04
1.695313e+00, 1.744131e-04, 1.546398e-04
1.710938e+00, 1.884394e-04, 1.678186e-04
1.726563e+00, 2.033594e-04, 1.818984e-04
1.742188e+00, 2.192082e-04, 1.969191e-04
1.757813e+00, 2.360203e-04, 2.129203e-04
1.773438e+00, 2.538294e-04, 2.299411e-04
1.789063e+00, 2.726682e-04, 2.480198e-04
1.804688e+00, 2.925681e-04, 2.671937e-04
1.820313e+00, 3.135592e-04, 2.874990e-04
1.835938e+00, 3.356696e-04, 3.089702e-04
1.851563e+00, 3.589256e-04, 3.316402e-04
1.867188e+00, 3.833513e-04, 3.555396e-04
1.882813e+00, 4.089680e-04, 3.806966e-04
1.898438e+00, 4.357944e-04, 4.071366e-04
1.914063e+00, 4.638462e-04, 4.348821e-04
1.929688e+00, 4.931355e-04, 4.639521e-04
1.945313e+00, 5.236709e-04, 4.943619e-04
1.960938e+00, 5.554571e-04, 5.261227e-04
1.976563e+00, 5.884947e-04, 5.592414e-04
1.992188e+00, 6.227797e-04, 5.937202e-04
2.007813e+00, 6.583036e-04, 6.295562e-04
2.023438e+00, 6.950530e-04, 6.667414e-04
2.039063e+00, 7.330092e-04, 7.052621e-04
2.054688e+00, 7.721484e-04, 7.450989e-04
2.070313e+00, 8.124411e-04, 7.862261e-04
2.085938e+00, 8.538525e-04, 8.286121e-04
2.101563e+00, 8.963417e-04, 8.722184e-04
2.117188e+00, 9.398619e-04, 9.170003e-04
2.132813e+00, 9.843607e-04, 9.629060e-04
2.148438e+00, 1.029779e-03, 1.009877e-03
2.164063e+00, 1.076053e-03, 1.057848e-03
2.179688e+00, 1.123112e-03, 1.106747e-03
2.195313e+00, 1.170879e-03, 1.156495e-03
2.210938e+00, 1.219272e-03, 1.207005e-03
2.226563e+00, 1.268202e-03, 1.258186e-03
2.242188e+00, 1.317578e-03, 1.309938e-03
2.257813e+00, 1.367298e-03, 1.362157e-03
2.273438e+00, 1.417261e-03, 1.414729e-03
2.289063e+00, 1.467358e-03, 1.467540e-03
2.304688e+00, 1.517475e-03, 1.520466e-03
2.320313e+00, 1.567496e-03, 1.573380e-03
2.335938e+00, 1.617300e-03, 1.626151e-03
2.351563e+00, 1.666765e-03, 1.678643e-03
2.367188e+00, 1.715762e-03, 1.730717e-03
2.382813e+00, 1.764165e-03, 1.782231e-03
2.398438e+00, 1.811843e-03, 1.833040e-03
2.414063e+00, 1.858664e-03, 1.883000e-03
2.429688e+00, 1.904498e-03, 1.931963e-03
2.445313e+00, 1.949212e-03, 1.979783e-03
2.460938e+00, 1.992676e-03, 2.026313e-03
2.476563e+00, 2.034761e-03, 2.071408e-03
2.492188e+00, 2.075339e-03, 2.114925e-03
2.507813e+00, 2.114285e-03, 2.156724e-03
2.523438e+00, 2.151478e-03, 2.196668e-03
2.539063e+00, 2.186799e-03, 2.234624e-03
2.554688e+00, 2.220137e-03, 2.270464e-03
2.570313e+00, 2.251383e-03, 2.304067e-03
2.585938e+00, 2.280434e-03, 2.335317e-03
2.601563e+00, 2.307196e-03, 2.364105e-03
2.617188e+00, 2.331577e-03, 2.390330e-03
2.632813e+00, 2.353497e-03, 2.413899e-03
2.648438e+00, 2.372880e-03, 2.434729e-03
2.664063e+00, 2.389662e-03, 2.452745e-03
2.679688e+00, 2.403784e-03, 2.467882e-03
2.695313e+00, 2.415197e-03, 2.480085e-03
2.710938e+00, 2.423863e-03, 2.489309e-03
2.726563e+00, 2.429750e-03, 2.495522e-03
2.742188e+00, 2.432838e-03, 2.498701e-03
2.757813e+00, 2.433116e-03, 2.498834e-03
2.773438e+00, 2.430582e-03, 2.495920e-03
2.789063e+00, 2.425246e-03, 2.489970e-03
2.804688e+00, 2.417124e-03, 2.481006e-03
2.820313e+00, 2.406246e-03, 2.469060e-03
2.835938e+00, 2.392647e-03, 2.454176e-03
2.851563e+00, 2.376375e-03, 2.436408e-03
2.867188e+00, 2.357484e-03, 2.415820e-03
2.882813e+00, 2.336038e-03, 2.392486e-03
2.898438e+00, 2.312111e-03, 2.366488e-03
2.914063e+00, 2.285781e-03, 2.337919e-03
2.929688e+00, 2.257137e-03, 2.306880e-03
2.945313e+00, 2.226272e-03, 2.273477e-03
2.960938e+00, 2.193289e-03, 2.237826e-03
2.976563e+00, 2.158292e-03, 2.200049e-03
2.992188e+00, 2.121396e-03, 2.160273e-03
3.007813e+00, 2.082716e-03, 2.118630e-03
3.023438e+00, 2.042373e-03, 2.075257e-03
3.039063e+00, 2.000492e-03, 2.030293e-03
3.054688e+00, 1.957200e-03, 1.983882e-03
3.070313e+00, 1.912627e-03, 1.936169e-03
3.085938e+00, 1.866902e-03, 1.887299e-03
3.101563e+00, 1.820159e-03, 1.837420e-03
3.117188e+00, 1.772529e-03, 1.786679e-03
3.132813e+00, 1.724144e-03, 1.735221e-03
3.148438e+00, 1.675135e-03, 1.683190e-03
3.164063e+00, 1.625631e-03, 1.630729e-03
3.179688e+00, 1.575760e-03, 1.577977e-03
3.195313e+00, 1.525647e-03, 1.525070e-03
3.210938e+00, 1.475414e-03, 1.472140e-03
3.226563e+00, 1.425178e-03, 1.419314e-03
3.242188e+00, 1.375055e-03, 1.366716e-03
3.257813e+00, 1.325154e-03, 1.314462e-03
3.273438e+00, 1.275581e-03, 1.262665e-03
3.289063e+00, 1.226436e-03, 1.211431e-03
3.304688e+00, 1.177815e-03, 1.160858e-03
3.320313e+00, 1.129807e-03, 1.111041e-03
3.335938e+00, 1.082496e-03, 1.062065e-03
3.351563e+00, 1.035960e-03, 1.014010e-03
3.367188e+00, 9.902724e-04, 9.669490e-04
3.382813e+00, 9.454986e-04, 9.209482e-04
3.398438e+00, 9.016991e-04, 8.760665e-04
3.414063e+00, 8.589281e-04, 8.323561e-04
3.429688e+00, 8.172338e-04, 7.898624e-04
3.445313e+00, 7.766583e-04, 7.486244e-04
3.460938e+00, 7.372381e-04, 7.086743e-04
3.476563e+00, 6.990037e-04, 6.700383e-04
3.492188e+00, 6.619804e-04, 6.327363e-04
3.507813e+00, 6.261876e-04, 5.967826e-04
3.523438e+00, 5.916399e-04, 5.621856e-04
3.539063e+00, 5.583467e-04, 5.289487e-04
3.554688e+00, 5.263127e-04, 4.970700e-04
3.570313e+00, 4.955381e-04, 4.665431e-04
3.585938e+00, 4.660188e-04, 4.373571e-04
3.601563e+00, 4.377467e-04, 4.094971e-04
3.617188e+00, 4.107099e-04, 3.829444e-04
3.632813e+00, 3.848933e-04, 3.576768e-04
3.648438e+00, 3.602783e-04, 3.336692e-04
3.664063e+00, 3.368438e-04, 3.108935e-04
3.679688e+00, 3.145657e-04, 2.893193e-04
3.695313e+00, 2.934178e-04, 2.689140e-04
3.710938e+00, 2.733718e-04, 2.496431e-04
3.726563e+00, 2.543976e-04, 2.314706e-04
3.742188e+00, 2.364636e-04, 2.143594e-04
3.757813e+00, 2.195368e-04, 1.982710e-04
3.773438e+00, 2.035832e-04, 1.831666e-04
3.789063e+00, 1.885681e-04, 1.690066e-04
3.804688e+00, 1.744560e-04, 1.557511e-04
3.820313e+00, 1.612110e-04, 1.433602e-04
3.835938e+00, 1.487971e-04, 1.317943e-04
3.851563e+00, 1.371783e-04, 1.210137e-04
3.867188e+00, 1.263186e-04, 1.109796e-04
3.882813e+00, 1.161822e-04, 1.016533e-04
3.898438e+00, 1.067340e-04, 9.299729e-05
3.914063e+00, 9.793913e-05, 8.497462e-05
3.929688e+00, 8.976354e-05, 7.754940e-05
3.945313e+00, 8.217388e-05, 7.068672e-05
3.960938e+00, 7.513766e-05, 6.435280e-05
3.976563e+00, 6.862326e-05, 5.851501e-05
3.992188e+00, 6.260005e-05, 5.314193e-05
4.007813e+00, 5.703843e-05, 4.820339e-05
4.023438e+00, 5.190986e-05, 4.367049e-05
4.039063e+00, 4.718689e-05, 3.951561e-05
4.054688e+00, 4.284321e-05, 3.571245e-05
4.070313e+00, 3.885363e-05, 3.223597e-05
4.085938e+00, 3.519410e-05, 2.906244e-05
4.101563e+00, 3.184175e-05, 2.616939e-05
4.117188e+00, 2.877480e-05, 2.353561e-05
4.132813e+00, 2.597264e-05, 2.114109e-05
4.148438e+00, 2.341574e-05, 1.896704e-05
4.164063e+00, 2.108569e-05, 1.699581e-05
4.179688e+00, 1.896512e-05, 1.521089e-05
4.195313e+00, 1.703770e-05, 1.359682e-05
4.210938e+00, 1.528811e-05, 1.213921e-05
4.226563e+00, 1.370201e-05, 1.082465e-05
4.242188e+00, 1.226596e-05, 9.640670e-06
4.257813e+00, 1.096746e-05, 8.575727e-06
4.273438e+00, 9.794839e-06, 7.619121e-06
4.289063e+00, 8.737259e-06, 6.760970e-06
4.304688e+00, 7.784661e-06, 5.992159e-06
4.320313e+00, 6.927723e-06, 5.304298e-06
4.335938e+00, 6.157826e-06, 4.689674e-06
4.351563e+00, 5.467016e-06, 4.141214e-06
4.367188e+00, 4.847961e-06, 3.652438e-06
4.382813e+00, 4.293916e-06, 3.217424e-06
4.398438e+00, 3.798686e-06, 2.830766e-06
4.414063e+00, 3.356591e-06, 2.487538e-06
4.429688e+00, 2.962434e-06, 2.183262e-06
4.445313e+00, 2.611463e-06, 1.913869e-06
4.460938e+00, 2.299343e-06, 1.675671e-06
4.476563e+00, 2.022126e-06, 1.465330e-06
4.492188e+00, 1.776221e-06, 1.279830e-06
4.507813e+00, 1.558368e-06, 1.116450e-06
4.523438e+00, 1.365611e-06, 9.727400e-07
4.539063e+00, 1.195274e-06, 8.464949e-07
4.554688e+00, 1.044941e-06, 7.357362e-07
4.570313e+00, 9.124299e-07, 6.386901e-07
4.585938e+00, 7.957749e-07, 5.537687e-07
4.601563e+00, 6.932082e-07, 4.795532e-07
4.617188e+00, 6.031419e-07, 4.147778e-07
4.632813e+00, 5.241521e-07, 3.583145e-07
4.648438e+00, 4.549633e-07, 3.091601e-07
4.664063e+00, 3.944353e-07, 2.664236e-07
4.679688e+00, 3.415499e-07, 2.293149e-07
4.695313e+00, 2.953992e-07, 1.971342e-07
4.710938e+00, 2.551748e-07, 1.692629e-07
4.726563e+00, 2.201580e-07, 1.451550e-07
4.742188e+00, 1.897101e-07, 1.243290e-07
4.757813e+00, 1.632648e-07, 1.063612e-07
4.773438e+00, 1.403195e-07, 9.087906e-08
4.789063e+00, 1.204292e-07, 7.755590e-08
4.804688e+00, 1.031988e-07, 6.610527e-08
4.820313e+00, 8.827820e-08, 5.627656e-08
4.835938e+00, 7.535530e-08, 4.785080e-08
4.851563e+00, 6.415120e-08, 4.063695e-08
4.867188e+00, 5.441441e-08, 3.446856e-08
4.882813e+00, 4.591536e-08, 2.920085e-08
4.898438e+00, 3.844053e-08, 2.470802e-08
4.914063e+00, 3.178608e-08, 2.088097e-08
4.929688e+00, 2.575058e-08, 1.762519e-08
4.945313e+00, 2.012632e-08, 1.485891e-08
4.960938e+00, 1.468879e-08, 1.251153e-08
4.976563e+00, 9.183327e-09, 1.052214e-08
4.992188e+00, 3.308107e-09, 8.838279e-09
5.000000e+00, 2.660168e-25, 8.096568e-09


#At time: 1.000906e+02, nsteps= 884


0.000000e+00, 1.734674e-42, 3.411692e-11
7.812500e-03, 1.042917e-11, 3.746405e-11
2.343750e-02, 3.294846e-11, 4.514261e-11
3.906250e-02, 5.908519e-11, 5.434191e-11
5.468750e-02, 8.948146e-11, 6.535206e-11
7.031250e-02, 1.248899e-10, 7.851631e-11
8.593750e-02, 1.661914e-10, 9.424030e-11
1.015625e-01, 2.144161e-10, 1.130029e-10
1.171875e-01, 2.707667e-10, 1.353689e-10
1.328125e-01, 3.366463e-10, 1.620034e-10
1.484375e-01, 4.136894e-10, 1.936893e-10
1.640625e-01, 5.037983e-10, 2.313468e-10
1.796875e-01, 6.091842e-10, 2.760561e-10
1.953125e-01, 7.324148e-10, 3.290845e-10
2.109375e-01, 8.764685e-10, 3.919167e-10
2.265625e-01, 1.044796e-09, 4.662902e-10
2.421875e-01, 1.241392e-09, 5.542363e-10
2.578125e-01, 1.470874e-09, 6.581272e-10
2.734375e-01, 1.738576e-09, 7.807301e-10
2.890625e-01, 2.050651e-09, 9.252693e-10
3.046875e-01, 2.414192e-09, 1.095498e-09
3.203125e-01, 2.837362e-09, 1.295780e-09
3.359375e-01, 3.329553e-09, 1.531183e-09
3.515625e-01, 3.901551e-09, 1.807587e-09
3.671875e-01, 4.565738e-09, 2.131804e-09
3.828125e-01, 5.336306e-09, 2.511723e-09
3.984375e-01, 6.229509e-09, 2.956463e-09
4.140625e-01, 7.263943e-09, 3.476556e-09
4.296875e-01, 8.460855e-09, 4.084154e-09
4.453125e-01, 9.844504e-09, 4.793264e-09
4.609375e-01, 1.144255e-08, 5.620005e-09
4.765625e-01, 1.328651e-08, 6.582915e-09
4.921875e-01, 1.541223e-08, 7.703286e-09
5.078125e-01, 1.786047e-08, 9.005544e-09
5.234375e-01, 2.067752e-08, 1.051768e-08
5.390625e-01, 2.391586e-08, 1.227175e-08
5.546875e-01, 2.763497e-08, 1.430438e-08
5.703125e-01, 3.190217e-08, 1.665742e-08
5.859375e-01, 3.679357e-08, 1.937861e-08
6.015625e-01, 4.239511e-08, 2.252235e-08
6.171875e-01, 4.880377e-08, 2.615056e-08
6.328125e-01, 5.612881e-08, 3.033363e-08
6.484375e-01, 6.449324e-08, 3.515152e-08
6.640625e-01, 7.403538e-08, 4.069490e-08
6.796875e-01, 8.491057e-08, 4.706651e-08
6.953125e-01, 9.729311e-08, 5.438263e-08
7.109375e-01, 1.113784e-07, 6.277470e-08
7.265625e-01, 1.273850e-07, 7.239112e-08
7.421875e-01, 1.455576e-07, 8.339924e-08
7.578125e-01, 1.661692e-07, 9.598759e-08
7.734375e-01, 1.895247e-07, 1.103683e-07
7.890625e-01, 2.159637e-07, 1.267797e-07
8.046875e-01, 2.458644e-07, 1.454894e-07
8.203125e-01, 2.796472e-07, 1.667973e-07
8.359375e-01, 3.177791e-07, 1.910394e-07
8.515625e-01, 3.607783e-07, 2.185914e-07
8.671875e-01, 4.092190e-07, 2.498731e-07
8.828125e-01, 4.637366e-07, 2.853527e-07
8.984375e-01, 5.250341e-07, 3.255523e-07
9.140625e-01, 5.938873e-07, 3.710528e-07
9.296875e-01, 6.711522e-07, 4.225001e-07
9.453125e-01, 7.577722e-07, 4.806114e-07
9.609375e-01, 8.547849e-07, 5.461823e-07
9.765625e-01, 9.633313e-07, 6.200937e-07
9.921875e-01, 1.084664e-06, 7.033203e-07
1.007813e+00, 1.220156e-06, 7.969393e-07
1.023438e+00, 1.371313e-06, 9.021391e-07
1.039063e+00, 1.539778e-06, 1.020230e-06
1.054688e+00, 1.727352e-06, 1.152653e-06
1.070313e+00, 1.935995e-06, 1.300994e-06
1.085938e+00, 2.167846e-06, 1.466994e-06
1.101563e+00, 2.425234e-06, 1.652562e-06
1.117188e+00, 2.710690e-06, 1.859786e-06
1.132813e+00, 3.026961e-06, 2.090955e-06
1.148438e+00, 3.377030e-06, 2.348564e-06
1.164063e+00, 3.764124e-06, 2.635339e-06
1.179688e+00, 4.191736e-06, 2.954246e-06
1.195313e+00, 4.663639e-06, 3.308514e-06
1.210938e+00, 5.183905e-06, 3.701652e-06
1.226563e+00, 5.756920e-06, 4.137465e-06
1.242188e+00, 6.387405e-06, 4.620077e-06
1.257813e+00, 7.080434e-06, 5.153952e-06
1.273438e+00, 7.841450e-06, 5.743911e-06
1.289063e+00, 8.676290e-06, 6.395157e-06
1.304688e+00, 9.591199e-06, 7.113297e-06
1.320313e+00, 1.059285e-05, 7.904362e-06
1.335938e+00, 1.168837e-05, 8.774834e-06
1.351563e+00, 1.288536e-05, 9.731666e-06
1.367188e+00, 1.419189e-05, 1.078231e-05
1.382813e+00, 1.561655e-05, 1.193472e-05
1.398438e+00, 1.716846e-05, 1.319742e-05
1.414063e+00, 1.885726e-05, 1.457949e-05
1.429688e+00, 2.069319e-05, 1.609057e-05
1.445313e+00, 2.268702e-05, 1.774095e-05
1.460938e+00, 2.485013e-05, 1.954153e-05
1.476563e+00, 2.719452e-05, 2.150385e-05
1.492188e+00, 2.973276e-05, 2.364015e-05
1.507813e+00, 3.247810e-05, 2.596334e-05
1.523438e+00, 3.544437e-05, 2.848701e-05
1.539063e+00, 3.864606e-05, 3.122551e-05
1.554688e+00, 4.209830e-05, 3.419387e-05
1.570313e+00, 4.581686e-05, 3.740789e-05
1.585938e+00, 4.981813e-05, 4.088409e-05
1.601563e+00, 5.411915e-05, 4.463974e-05
1.617188e+00, 5.873755e-05, 4.869285e-05
1.632813e+00, 6.369159e-05, 5.306216e-05
1.648438e+00, 6.900012e-05, 5.776714e-05
1.664063e+00, 7.468251e-05, 6.282796e-05
1.679688e+00, 8.075872e-05, 6.826550e-05
1.695313e+00, 8.724918e-05, 7.410129e-05
1.710938e+00, 9.417480e-05, 8.035751e-05
1.726563e+00, 1.015569e-04, 8.705693e-05
1.742188e+00, 1.094172e-04, 9.422288e-05
1.757813e+00, 1.177777e-04, 1.018792e-04
1.773438e+00, 1.266608e-04, 1.100503e-04
1.789063e+00, 1.360889e-04, 1.187607e-04
1.804688e+00, 1.460847e-04, 1.280355e-04
1.820313e+00, 1.566707e-04, 1.379001e-04
1.835938e+00, 1.678698e-04, 1.483798e-04
1.851563e+00, 1.797044e-04, 1.595002e-04
1.867188e+00, 1.921969e-04, 1.712868e-04
1.882813e+00, 2.053692e-04, 1.837649e-04
1.898438e+00, 2.192429e-04, 1.969598e-04
1.914063e+00, 2.338392e-04, 2.108962e-04
1.929688e+00, 2.491785e-04, 2.255984e-04
1.945313e+00, 2.652804e-04, 2.410903e-04
1.960938e+00, 2.821637e-04, 2.573946e-04
1.976563e+00, 2.998461e-04, 2.745335e-04
1.992188e+00, 3.183443e-04, 2.925280e-04
2.007813e+00, 3.376737e-04, 3.113980e-04
2.023438e+00, 3.578480e-04, 3.311618e-04
2.039063e+00, 3.788798e-04, 3.518366e-04
2.054688e+00, 4.007795e-04, 3.734375e-04
2.070313e+00, 4.235561e-04, 3.959779e-04
2.085938e+00, 4.472164e-04, 4.194694e-04
2.101563e+00, 4.717651e-04, 4.439210e-04
2.117188e+00, 4.972047e-04, 4.693398e-04
2.132813e+00, 5.235352e-04, 4.957300e-04
2.148438e+00, 5.507542e-04, 5.230934e-04
2.164063e+00, 5.788566e-04, 5.514289e-04
2.179688e+00, 6.078347e-04, 5.807322e-04
2.195313e+00, 6.376776e-04, 6.109962e-04
2.210938e+00, 6.683717e-04, 6.422104e-04
2.226563e+00, 6.999003e-04, 6.743608e-04
2.242188e+00, 7.322434e-04, 7.074301e-04
2.257813e+00, 7.653779e-04, 7.413971e-04
2.273438e+00, 7.992774e-04, 7.762373e-04
2.289063e+00, 8.339121e-04, 8.119219e-04
2.304688e+00, 8.692489e-04, 8.484186e-04
2.320313e+00, 9.052513e-04, 8.856912e-04
2.335938e+00, 9.418792e-04, 9.236995e-04
2.351563e+00, 9.790893e-04, 9.623991e-04
2.367188e+00, 1.016835e-03, 1.001742e-03
2.382813e+00, 1.055066e-03, 1.041676e-03
2.398438e+00, 1.093729e-03, 1.082146e-03
2.414063e+00, 1.132768e-03, 1.123092e-03
2.429688e+00, 1.172123e-03, 1.164450e-03
2.445313e+00, 1.211731e-03, 1.206153e-03
2.460938e+00, 1.251527e-03, 1.248131e-03
2.476563e+00, 1.291442e-03, 1.290311e-03
2.492188e+00, 1.331407e-03, 1.332615e-03
2.507813e+00, 1.371347e-03, 1.374963e-03
2.523438e+00, 1.411187e-03, 1.417274e-03
2.539063e+00, 1.450851e-03, 1.459461e-03
2.554688e+00, 1.490258e-03, 1.501438e-03
2.570313e+00, 1.529330e-03, 1.543117e-03
2.585938e+00, 1.567984e-03, 1.584405e-03
2.601563e+00, 1.606137e-03, 1.625211e-03
2.617188e+00, 1.643706e-03, 1.665442e-03
2.632813e+00, 1.680608e-03, 1.705004e-03
2.648438e+00, 1.716759e-03, 1.743804e-03
2.664063e+00, 1.752075e-03, 1.781747e-03
2.679688e+00, 1.786474e-03, 1.818740e-03
2.695313e+00, 1.819873e-03, 1.854690e-03
2.710938e+00, 1.852191e-03, 1.889506e-03
2.726563e+00, 1.883351e-03, 1.923098e-03
2.742188e+00, 1.913273e-03, 1.955378e-03
2.757813e+00, 1.941882e-03, 1.986260e-03
2.773438e+00, 1.969107e-03, 2.015663e-03
2.789063e+00, 1.994876e-03, 2.043505e-03
2.804688e+00, 2.019123e-03, 2.069712e-03
2.820313e+00, 2.041785e-03, 2.094209e-03
2.835938e+00, 2.062801e-03, 2.116930e-03
2.851563e+00, 2.082115e-03, 2.137811e-03
2.867188e+00, 2.099676e-03, 2.156791e-03
2.882813e+00, 2.115437e-03, 2.173818e-03
2.898438e+00, 2.129353e-03, 2.188842e-03
2.914063e+00, 2.141388e-03, 2.201820e-03
2.929688e+00, 2.151508e-03, 2.212714e-03
2.945313e+00, 2.159685e-03, 2.221494e-03
2.960938e+00, 2.165897e-03, 2.228133e-03
2.976563e+00, 2.170127e-03, 2.232613e-03
2.992188e+00, 2.172362e-03, 2.234919e-03
3.007813e+00, 2.172595e-03, 2.235045e-03
3.023438e+00, 2.170827e-03, 2.232991e-03
3.039063e+00, 2.167062e-03, 2.228764e-03
3.054688e+00, 2.161310e-03, 2.222374e-03
3.070313e+00, 2.153587e-03, 2.213841e-03
3.085938e+00, 2.143913e-03, 2.203190e-03
3.101563e+00, 2.132315e-03, 2.190452e-03
3.117188e+00, 2.118825e-03, 2.175663e-03
3.132813e+00, 2.103479e-03, 2.158866e-03
3.148438e+00, 2.086318e-03, 2.140110e-03
3.164063e+00, 2.067389e-03, 2.119447e-03
3.179688e+00, 2.046742e-03, 2.096936e-03
3.195313e+00, 2.024433e-03, 2.072641e-03
3.210938e+00, 2.000518e-03, 2.046629e-03
3.226563e+00, 1.975063e-03, 2.018972e-03
3.242188e+00, 1.948131e-03, 1.989747e-03
3.257813e+00, 1.919794e-03, 1.959032e-03
3.273438e+00, 1.890122e-03, 1.926909e-03
3.289063e+00, 1.859191e-03, 1.893465e-03
3.304688e+00, 1.827077e-03, 1.858786e-03
3.320313e+00, 1.793861e-03, 1.822963e-03
3.335938e+00, 1.759621e-03, 1.786086e-03
3.351563e+00, 1.724441e-03, 1.748249e-03
3.367188e+00, 1.688402e-03, 1.709544e-03
3.382813e+00, 1.651590e-03, 1.670065e-03
3.398438e+00, 1.614087e-03, 1.629907e-03
3.414063e+00, 1.575978e-03, 1.589162e-03
3.429688e+00, 1.537346e-03, 1.547925e-03
3.445313e+00, 1.498275e-03, 1.506288e-03
3.460938e+00, 1.458847e-03, 1.464340e-03
3.476563e+00, 1.419143e-03, 1.422173e-03
3.492188e+00, 1.379242e-03, 1.379872e-03
3.507813e+00, 1.339224e-03, 1.337524e-03
3.523438e+00, 1.299163e-03, 1.295211e-03
3.539063e+00, 1.259135e-03, 1.253013e-03
3.554688e+00, 1.219210e-03, 1.211007e-03
3.570313e+00, 1.179459e-03, 1.169268e-03
3.585938e+00, 1.139947e-03, 1.127867e-03
3.601563e+00, 1.100739e-03, 1.086870e-03
3.617188e+00, 1.061896e-03, 1.046342e-03
3.632813e+00, 1.023474e-03, 1.006343e-03
3.648438e+00, 9.855285e-04, 9.669286e-04
3.664063e+00, 9.481106e-04, 9.281518e-04
3.679688e+00, 9.112682e-04, 8.900611e-04
3.695313e+00, 8.750457e-04, 8.527011e-04
3.710938e+00, 8.394842e-04, 8.161124e-04
3.726563e+00, 8.046211e-04, 7.803319e-04
3.742188e+00, 7.704908e-04, 7.453923e-04
3.757813e+00, 7.371239e-04, 7.113227e-04
3.773438e+00, 7.045479e-04, 6.781482e-04
3.789063e+00, 6.727867e-04, 6.458903e-04
3.804688e+00, 6.418612e-04, 6.145668e-04
3.820313e+00, 6.117888e-04, 5.841920e-04
3.835938e+00, 5.825841e-04, 5.547769e-04
3.851563e+00, 5.542585e-04, 5.263289e-04
3.867188e+00, 5.268204e-04, 4.988527e-04
3.882813e+00, 5.002755e-04, 4.723497e-04
3.898438e+00, 4.746269e-04, 4.468185e-04
3.914063e+00, 4.498748e-04, 4.222550e-04
3.929688e+00, 4.260173e-04, 3.986526e-04
3.945313e+00, 4.030500e-04, 3.760025e-04
3.960938e+00, 3.809664e-04, 3.542933e-04
3.976563e+00, 3.597580e-04, 3.335119e-04
3.992188e+00, 3.394143e-04, 3.136433e-04
4.007813e+00, 3.199231e-04, 2.946706e-04
4.023438e+00, 3.012707e-04, 2.765756e-04
4.039063e+00, 2.834417e-04, 2.593385e-04
4.054688e+00, 2.664196e-04, 2.429385e-04
4.070313e+00, 2.501867e-04, 2.273537e-04
4.085938e+00, 2.347241e-04, 2.125611e-04
4.101563e+00, 2.200120e-04, 1.985371e-04
4.117188e+00, 2.060300e-04, 1.852575e-04
4.132813e+00, 1.927568e-04, 1.726976e-04
4.148438e+00, 1.801706e-04, 1.608321e-04
4.164063e+00, 1.682493e-04, 1.496358e-04
4.179688e+00, 1.569703e-04, 1.390831e-04
4.195313e+00, 1.463109e-04, 1.291486e-04
4.210938e+00, 1.362481e-04, 1.198066e-04
4.226563e+00, 1.267590e-04, 1.110321e-04
4.242188e+00, 1.178208e-04, 1.027997e-04
4.257813e+00, 1.094106e-04, 9.508498e-05
4.273438e+00, 1.015059e-04, 8.786340e-05
4.289063e+00, 9.408436e-05, 8.111110e-05
4.304688e+00, 8.712400e-05, 7.480467e-05
4.320313e+00, 8.060321e-05, 6.892129e-05
4.335938e+00, 7.450079e-05, 6.343869e-05
4.351563e+00, 6.879603e-05, 5.833527e-05
4.367188e+00, 6.346871e-05, 5.359009e-05
4.382813e+00, 5.849918e-05, 4.918287e-05
4.398438e+00, 5.386832e-05, 4.509407e-05
4.414063e+00, 4.955765e-05, 4.130487e-05
4.429688e+00, 4.554926e-05, 3.779717e-05
4.445313e+00, 4.182590e-05, 3.455361e-05
4.460938e+00, 3.837095e-05, 3.155759e-05
4.476563e+00, 3.516841e-05, 2.879323e-05
4.492188e+00, 3.220297e-05, 2.624540e-05
4.507813e+00, 2.945994e-05, 2.389968e-05
4.523438e+00, 2.692528e-05, 2.174239e-05
4.539063e+00, 2.458560e-05, 1.976053e-05
4.554688e+00, 2.242815e-05, 1.794180e-05
4.570313e+00, 2.044078e-05, 1.627458e-05
4.585938e+00, 1.861197e-05, 1.474788e-05
4.601563e+00, 1.693078e-05, 1.335137e-05
4.617188e+00, 1.538687e-05, 1.207530e-05
4.632813e+00, 1.397045e-05, 1.091055e-05
4.648438e+00, 1.267228e-05, 9.848524e-06
4.664063e+00, 1.148365e-05, 8.881208e-06
4.679688e+00, 1.039632e-05, 8.001088e-06
4.695313e+00, 9.402570e-06, 7.201157e-06
4.710938e+00, 8.495106e-06, 6.474880e-06
4.726563e+00, 7.667067e-06, 5.816174e-06
4.742188e+00, 6.911985e-06, 5.219383e-06
4.757813e+00, 6.223756e-06, 4.679260e-06
4.773438e+00, 5.596601e-06, 4.190939e-06
4.789063e+00, 5.025026e-06, 3.749918e-06
4.804688e+00, 4.503775e-06, 3.352033e-06
4.820313e+00, 4.027774e-06, 2.993444e-06
4.835938e+00, 3.592063e-06, 2.670608e-06
4.851563e+00, 3.191723e-06, 2.380265e-06
4.867188e+00, 2.821774e-06, 2.119418e-06
4.882813e+00, 2.477060e-06, 1.885316e-06
4.898438e+00, 2.152100e-06, 1.675436e-06
4.914063e+00, 1.840902e-06, 1.487468e-06
4.929688e+00, 1.536734e-06, 1.319301e-06
4.945313e+00, 1.231827e-06, 1.169004e-06
4.960938e+00, 9.170010e-07, 1.034820e-06
4.976563e+00, 5.811924e-07, 9.151438e-07
4.992188e+00, 2.108475e-07, 8.085190e-07
5.000000e+00, 9.846461e-21, 7.596818e-07


