#At time: 0.000000e+00, nsteps= 0


0.000000e+00, 2.124177e-20, 2.124177e-20
7.812500e-03, 2.901634e-20, 2.901634e-20
2.343750e-02, 5.394562e-20, 5.394562e-20
3.906250e-02, 9.980425e-20, 9.980425e-20
5.468750e-02, 1.837475e-19, 1.837475e-19
7.031250e-02, 3.366457e-19, 3.366457e-19
8.593750e-02, 6.137680e-19, 6.137680e-19
1.015625e-01, 1.113563e-18, 1.113563e-18
1.171875e-01, 2.010504e-18, 2.010504e-18
1.328125e-01, 3.612221e-18, 3.612221e-18
1.484375e-01, 6.458373e-18, 6.458373e-18
1.640625e-01, 1.149083e-17, 1.149083e-17
1.796875e-01, 2.034506e-17, 2.034506e-17
1.953125e-01, 3.584645e-17, 3.584645e-17
2.109375e-01, 6.285107e-17, 6.285107e-17
2.265625e-01, 1.096626e-16, 1.096626e-16
2.421875e-01, 1.904075e-16, 1.904075e-16
2.578125e-01, 3.289946e-16, 3.289946e-16
2.734375e-01, 5.656829e-16, 5.656829e-16
2.890625e-01, 9.679138e-16, 9.679138e-16
3.046875e-01, 1.648085e-15, 1.648085e-15
3.203125e-01, 2.792558e-15, 2.792558e-15
3.359375e-01, 4.708734e-15, 4.708734e-15
3.515625e-01, 7.901061e-15, 7.901061e-15
3.671875e-01, 1.319308e-14, 1.319308e-14
3.828125e-01, 2.192231e-14, 2.192231e-14
3.984375e-01, 3.624983e-14, 3.624983e-14
4.140625e-01, 5.964924e-14, 5.964924e-14
4.296875e-01, 9.767499e-14, 9.767499e-14
4.453125e-01, 1.591627e-13, 1.591627e-13
4.609375e-01, 2.580944e-13, 2.580944e-13
4.765625e-01, 4.164810e-13, 4.164810e-13
4.921875e-01, 6.687924e-13, 6.687924e-13
5.078125e-01, 1.068727e-12, 1.068727e-12
5.234375e-01, 1.699503e-12, 1.699503e-12
5.390625e-01, 2.689405e-12, 2.689405e-12
5.546875e-01, 4.235162e-12, 4.235162e-12
5.703125e-01, 6.636869e-12, 6.636869e-12
5.859375e-01, 1.034989e-11, 1.034989e-11
6.015625e-01, 1.606157e-11, 1.606157e-11
6.171875e-01, 2.480387e-11, 2.480387e-11
6.328125e-01, 3.811802e-11, 3.811802e-11
6.484375e-01, 5.829357e-11, 5.829357e-11
6.640625e-01, 8.871364e-11, 8.871364e-11
6.796875e-01, 1.343506e-10, 1.343506e-10
6.953125e-01, 2.024735e-10, 2.024735e-10
7.109375e-01, 3.036520e-10, 3.036520e-10
7.265625e-01, 4.531726e-10, 4.531726e-10
7.421875e-01, 6.730239e-10, 6.730239e-10
7.578125e-01, 9.946649e-10, 9.946649e-10
7.734375e-01, 1.462859e-09, 1.462859e-09
7.890625e-01, 2.140955e-09, 2.140955e-09
8.046875e-01, 3.118115e-09, 3.118115e-09
8.203125e-01, 4.519144e-09, 4.519144e-09
8.359375e-01, 6.517777e-09, 6.517777e-09
8.515625e-01, 9.354538e-09, 9.354538e-09
8.671875e-01, 1.336056e-08, 1.336056e-08
8.828125e-01, 1.898918e-08, 1.898918e-08
8.984375e-01, 2.685761e-08, 2.685761e-08
9.140625e-01, 3.780139e-08, 3.780139e-08
9.296875e-01, 5.294534e-08, 5.294534e-08
9.453125e-01, 7.379502e-08, 7.379502e-08
9.609375e-01, 1.023542e-07, 1.023542e-07
9.765625e-01, 1.412746e-07, 1.412746e-07
9.921875e-01, 1.940446e-07, 1.940446e-07
1.007813e+00, 2.652275e-07, 2.652275e-07
1.023438e+00, 3.607573e-07, 3.607573e-07
1.039063e+00, 4.883047e-07, 4.883047e-07
1.054688e+00, 6.577278e-07, 6.577278e-07
1.070313e+00, 8.816190e-07, 8.816190e-07
1.085938e+00, 1.175967e-06, 1.175967e-06
1.101563e+00, 1.560949e-06, 1.560949e-06
1.117188e+00, 2.061872e-06, 2.061872e-06
1.132813e+00, 2.710279e-06, 2.710279e-06
1.148438e+00, 3.545241e-06, 3.545241e-06
1.164063e+00, 4.614844e-06, 4.614844e-06
1.179688e+00, 5.977887e-06, 5.977887e-06
1.195313e+00, 7.705801e-06, 7.705801e-06
1.210938e+00, 9.884787e-06, 9.884787e-06
1.226563e+00, 1.261817e-05, 1.261817e-05
1.242188e+00, 1.602893e-05, 1.602893e-05
1.257813e+00, 2.026247e-05, 2.026247e-05
1.273438e+00, 2.548940e-05, 2.548940e-05
1.289063e+00, 3.190848e-05, 3.190848e-05
1.304688e+00, 3.974955e-05, 3.974955e-05
1.320313e+00, 4.927625e-05, 4.927625e-05
1.335938e+00, 6.078865e-05, 6.078865e-05
1.351563e+00, 7.462543e-05, 7.462543e-05
1.367188e+00, 9.116550e-05, 9.116550e-05
1.382813e+00, 1.108291e-04, 1.108291e-04
1.398438e+00, 1.340776e-04, 1.340776e-04
1.414063e+00, 1.614129e-04, 1.614129e-04
1.429688e+00, 1.933747e-04, 1.933747e-04
1.445313e+00, 2.305369e-04, 2.305369e-04
1.460938e+00, 2.735021e-04, 2.735021e-04
1.476563e+00, 3.228943e-04, 3.228943e-04
1.492188e+00, 3.793495e-04, 3.793495e-04
1.507813e+00, 4.435045e-04, 4.435045e-04
1.523438e+00, 5.159836e-04, 5.159836e-04
1.539063e+00, 5.973836e-04, 5.973836e-04
1.554688e+00, 6.882561e-04, 6.882561e-04
1.570313e+00, 7.890895e-04, 7.890895e-04
1.585938e+00, 9.002888e-04, 9.002888e-04
1.601563e+00, 1.022155e-03, 1.022155e-03
1.617188e+00, 1.154865e-03, 1.154865e-03
1.632813e+00, 1.298450e-03, 1.298450e-03
1.648438e+00, 1.452776e-03, 1.452776e-03
1.664063e+00, 1.617526e-03, 1.617526e-03
1.679688e+00, 1.792187e-03, 1.792187e-03
1.695313e+00, 1.976037e-03, 1.976037e-03
1.710938e+00, 2.168133e-03, 2.168133e-03
1.726563e+00, 2.367317e-03, 2.367317e-03
1.742188e+00, 2.572209e-03, 2.572209e-03
1.757813e+00, 2.781221e-03, 2.781221e-03
1.773438e+00, 2.992569e-03, 2.992569e-03
1.789063e+00, 3.204293e-03, 3.204293e-03
1.804688e+00, 3.414285e-03, 3.414285e-03
1.820313e+00, 3.620318e-03, 3.620318e-03
1.835938e+00, 3.820086e-03, 3.820086e-03
1.851563e+00, 4.011242e-03, 4.011242e-03
1.867188e+00, 4.191448e-03, 4.191448e-03
1.882813e+00, 4.358417e-03, 4.358417e-03
1.898438e+00, 4.509961e-03, 4.509961e-03
1.914063e+00, 4.644043e-03, 4.644043e-03
1.929688e+00, 4.758819e-03, 4.758819e-03
1.945313e+00, 4.852678e-03, 4.852678e-03
1.960938e+00, 4.924285e-03, 4.924285e-03
1.976563e+00, 4.972609e-03, 4.972609e-03
1.992188e+00, 4.996949e-03, 4.996949e-03
2.007813e+00, 4.996949e-03, 4.996949e-03
2.023438e+00, 4.972609e-03, 4.972609e-03
2.039063e+00, 4.924285e-03, 4.924285e-03
2.054688e+00, 4.852678e-03, 4.852678e-03
2.070313e+00, 4.758819e-03, 4.758819e-03
2.085938e+00, 4.644043e-03, 4.644043e-03
2.101563e+00, 4.509961e-03, 4.509961e-03
2.117188e+00, 4.358417e-03, 4.358417e-03
2.132813e+00, 4.191448e-03, 4.191448e-03
2.148438e+00, 4.011242e-03, 4.011242e-03
2.164063e+00, 3.820086e-03, 3.820086e-03
2.179688e+00, 3.620318e-03, 3.620318e-03
2.195313e+00, 3.414285e-03, 3.414285e-03
2.210938e+00, 3.204293e-03, 3.204293e-03
2.226563e+00, 2.992569e-03, 2.992569e-03
2.242188e+00, 2.781221e-03, 2.781221e-03
2.257813e+00, 2.572209e-03, 2.572209e-03
2.273438e+00, 2.367317e-03, 2.367317e-03
2.289063e+00, 2.168133e-03, 2.168133e-03
2.304688e+00, 1.976037e-03, 1.976037e-03
2.320313e+00, 1.792187e-03, 1.792187e-03
2.335938e+00, 1.617526e-03, 1.617526e-03
2.351563e+00, 1.452776e-03, 1.452776e-03
2.367188e+00, 1.298450e-03, 1.298450e-03
2.382813e+00, 1.154865e-03, 1.154865e-03
2.398438e+00, 1.022155e-03, 1.022155e-03
2.414063e+00, 9.002888e-04, 9.002888e-04
2.429688e+00, 7.890895e-04, 7.890895e-04
2.445313e+00, 6.882561e-04, 6.882561e-04
2.460938e+00, 5.973836e-04, 5.973836e-04
2.476563e+00, 5.159836e-04, 5.159836e-04
2.492188e+00, 4.435045e-04, 4.435045e-04
2.507813e+00, 3.793495e-04, 3.793495e-04
2.523438e+00, 3.228943e-04, 3.228943e-04
2.539063e+00, 2.735021e-04, 2.735021e-04
2.554688e+00, 2.305369e-04, 2.305369e-04
2.570313e+00, 1.933747e-04, 1.933747e-04
2.585938e+00, 1.614129e-04, 1.614129e-04
2.601563e+00, 1.340776e-04, 1.340776e-04
2.617188e+00, 1.108291e-04, 1.108291e-04
2.632813e+00, 9.116550e-05, 9.116550e-05
2.648438e+00, 7.462543e-05, 7.462543e-05
2.664063e+00, 6.078865e-05, 6.078865e-05
2.679688e+00, 4.927625e-05, 4.927625e-05
2.695313e+00, 3.974955e-05, 3.974955e-05
2.710938e+00, 3.190848e-05, 3.190848e-05
2.726563e+00, 2.548940e-05, 2.548940e-05
2.742188e+00, 2.026247e-05, 2.026247e-05
2.757813e+00, 1.602893e-05, 1.602893e-05
2.773438e+00, 1.261817e-05, 1.261817e-05
2.789063e+00, 9.884787e-06, 9.884787e-06
2.804688e+00, 7.705801e-06, 7.705801e-06
2.820313e+00, 5.977887e-06, 5.977887e-06
2.835938e+00, 4.614844e-06, 4.614844e-06
2.851563e+00, 3.545241e-06, 3.545241e-06
2.867188e+00, 2.710279e-06, 2.710279e-06
2.882813e+00, 2.061872e-06, 2.061872e-06
2.898438e+00, 1.560949e-06, 1.560949e-06
2.914063e+00, 1.175967e-06, 1.175967e-06
2.929688e+00, 8.816190e-07, 8.816190e-07
2.945313e+00, 6.577278e-07, 6.577278e-07
2.960938e+00, 4.883047e-07, 4.883047e-07
2.976563e+00, 3.607573e-07, 3.607573e-07
2.992188e+00, 2.652275e-07, 2.652275e-07
3.007813e+00, 1.940446e-07, 1.940446e-07
3.023438e+00, 1.412746e-07, 1.412746e-07
3.039063e+00, 1.023542e-07, 1.023542e-07
3.054688e+00, 7.379502e-08, 7.379502e-08
3.070313e+00, 5.294534e-08, 5.294534e-08
3.085938e+00, 3.780139e-08, 3.780139e-08
3.101563e+00, 2.685761e-08, 2.685761e-08
3.117188e+00, 1.898918e-08, 1.898918e-08
3.132813e+00, 1.336056e-08, 1.336056e-08
3.148438e+00, 9.354538e-09, 9.354538e-09
3.164063e+00, 6.517777e-09, 6.517777e-09
3.179688e+00, 4.519144e-09, 4.519144e-09
3.195313e+00, 3.118115e-09, 3.118115e-09
3.210938e+00, 2.140955e-09, 2.140955e-09
3.226563e+00, 1.462859e-09, 1.462859e-09
3.242188e+00, 9.946649e-10, 9.946649e-10
3.257813e+00, 6.730239e-10, 6.730239e-10
3.273438e+00, 4.531726e-10, 4.531726e-10
3.289063e+00, 3.036520e-10, 3.036520e-10
3.304688e+00, 2.024735e-10, 2.024735e-10
3.320313e+00, 1.343506e-10, 1.343506e-10
3.335938e+00, 8.871364e-11, 8.871364e-11
3.351563e+00, 5.829357e-11, 5.829357e-11
3.367188e+00, 3.811802e-11, 3.811802e-11
3.382813e+00, 2.480387e-11, 2.480387e-11
3.398438e+00, 1.606157e-11, 1.606157e-11
3.414063e+00, 1.034989e-11, 1.034989e-11
3.429688e+00, 6.636869e-12, 6.636869e-12
3.445313e+00, 4.235162e-12, 4.235162e-12
3.460938e+00, 2.689405e-12, 2.689405e-12
3.476563e+00, 1.699503e-12, 1.699503e-12
3.492188e+00, 1.068727e-12, 1.068727e-12
3.507813e+00, 6.687924e-13, 6.687924e-13
3.523438e+00, 4.164810e-13, 4.164810e-13
3.539063e+00, 2.580944e-13, 2.580944e-13
3.554688e+00, 1.591627e-13, 1.591627e-13
3.570313e+00, 9.767499e-14, 9.767499e-14
3.585938e+00, 5.964924e-14, 5.964924e-14
3.601563e+00, 3.624983e-14, 3.624983e-14
3.617188e+00, 2.192231e-14, 2.192231e-14
3.632813e+00, 1.319308e-14, 1.319308e-14
3.648438e+00, 7.901061e-15, 7.901061e-15
3.664063e+00, 4.708734e-15, 4.708734e-15
3.679688e+00, 2.792558e-15, 2.792558e-15
3.695313e+00, 1.648085e-15, 1.648085e-15
3.710938e+00, 9.679138e-16, 9.679138e-16
3.726563e+00, 5.656829e-16, 5.656829e-16
3.742188e+00, 3.289946e-16, 3.289946e-16
3.757813e+00, 1.904075e-16, 1.904075e-16
3.773438e+00, 1.096626e-16, 1.096626e-16
3.789063e+00, 6.285107e-17, 6.285107e-17
3.804688e+00, 3.584645e-17, 3.584645e-17
3.820313e+00, 2.034506e-17, 2.034506e-17
3.835938e+00, 1.149083e-17, 1.149083e-17
3.851563e+00, 6.458373e-18, 6.458373e-18
3.867188e+00, 3.612221e-18, 3.612221e-18
3.882813e+00, 2.010504e-18, 2.010504e-18
3.898438e+00, 1.113563e-18, 1.113563e-18
3.914063e+00, 6.137680e-19, 6.137680e-19
3.929688e+00, 3.366457e-19, 3.366457e-19
3.945313e+00, 1.837475e-19, 1.837475e-19
3.960938e+00, 9.980425e-20, 9.980425e-20
3.976563e+00, 5.394562e-20, 5.394562e-20
3.992188e+00, 2.901634e-20, 2.901634e-20
4.007813e+00, 1.553133e-20, 1.553133e-20
4.023438e+00, 8.272828e-21, 8.272828e-21
4.039063e+00, 4.385093e-21, 4.385093e-21
4.054688e+00, 2.313039e-21, 2.313039e-21
4.070313e+00, 1.214134e-21, 1.214134e-21
4.085938e+00, 6.342051e-22, 6.342051e-22
4.101563e+00, 3.296645e-22, 3.296645e-22
4.117188e+00, 1.705274e-22, 1.705274e-22
4.132813e+00, 8.777996e-23, 8.777996e-23
4.148438e+00, 4.496516e-23, 4.496516e-23
4.164063e+00, 2.292114e-23, 2.292114e-23
4.179688e+00, 1.162722e-23, 1.162722e-23
4.195313e+00, 5.869416e-24, 5.869416e-24
4.210938e+00, 2.948447e-24, 2.948447e-24
4.226563e+00, 1.473911e-24, 1.473911e-24
4.242188e+00, 7.332101e-25, 7.332101e-25
4.257813e+00, 3.629653e-25, 3.629653e-25
4.273438e+00, 1.788057e-25, 1.788057e-25
4.289063e+00, 8.765502e-26, 8.765502e-26
4.304688e+00, 4.276138e-26, 4.276138e-26
4.320313e+00, 2.075899e-26, 2.075899e-26
4.335938e+00, 1.002859e-26, 1.002859e-26
4.351563e+00, 4.821178e-27, 4.821178e-27
4.367188e+00, 2.306459e-27, 2.306459e-27
4.382813e+00, 1.098039e-27, 1.098039e-27
4.398438e+00, 5.201988e-28, 5.201988e-28
4.414063e+00, 2.452450e-28, 2.452450e-28
4.429688e+00, 1.150563e-28, 1.150563e-28
4.445313e+00, 5.371559e-29, 5.371559e-29
4.460938e+00, 2.495568e-29, 2.495568e-29
4.476563e+00, 1.153767e-29, 1.153767e-29
4.492188e+00, 5.308186e-30, 5.308186e-30
4.507813e+00, 2.430264e-30, 2.430264e-30
4.523438e+00, 1.107236e-30, 1.107236e-30
4.539063e+00, 5.020034e-31, 5.020034e-31
4.554688e+00, 2.264917e-31, 2.264917e-31
4.570313e+00, 1.016898e-31, 1.016898e-31
4.585938e+00, 4.543411e-32, 4.543411e-32
4.601563e+00, 2.020068e-32, 2.020068e-32
4.617188e+00, 8.937774e-33, 8.937774e-33
4.632813e+00, 3.935249e-33, 3.935249e-33
4.648438e+00, 1.724227e-33, 1.724227e-33
4.664063e+00, 7.517892e-34, 7.517892e-34
4.679688e+00, 3.261949e-34, 3.261949e-34
4.695313e+00, 1.408438e-34, 1.408438e-34
4.710938e+00, 6.051702e-35, 6.051702e-35
4.726563e+00, 2.587598e-35, 2.587598e-35
4.742188e+00, 1.101021e-35, 1.101021e-35
4.757813e+00, 4.662017e-36, 4.662017e-36
4.773438e+00, 1.964407e-36, 1.964407e-36
4.789063e+00, 8.236988e-37, 8.236988e-37
4.804688e+00, 3.437042e-37, 3.437042e-37
4.820313e+00, 1.427187e-37, 1.427187e-37
4.835938e+00, 5.897338e-38, 5.897338e-38
4.851563e+00, 2.424994e-38, 2.424994e-38
4.867188e+00, 9.923043e-39, 9.923043e-39
4.882813e+00, 4.040717e-39, 4.040717e-39
4.898438e+00, 1.637387e-39, 1.637387e-39
4.914063e+00, 6.602734e-40, 6.602734e-40
4.929688e+00, 2.649571e-40, 2.649571e-40
4.945313e+00, 1.058052e-40, 1.058052e-40
4.960938e+00, 4.204531e-41, 4.204531e-41
4.976563e+00, 1.662676e-41, 1.662676e-41
4.992188e+00, 6.543003e-42, 6.543003e-42
5.000000e+00, 4.097006e-42, 4.097006e-42


#At time: 2.500488e+01, nsteps= 205


0.000000e+00, 1.358906e-20, 6.944824e-12
7.812500e-03, 1.937562e-12, 8.118307e-12
2.343750e-02, 5.996474e-12, 1.107334e-11
3.906250e-02, 1.061919e-11, 1.506717e-11
5.468750e-02, 1.622968e-11, 2.045148e-11
7.031250e-02, 2.333320e-11, 2.769219e-11
8.593750e-02, 3.255638e-11, 3.740502e-11
1.015625e-01, 4.469582e-11, 5.040136e-11
1.171875e-01, 6.077833e-11, 6.774767e-11
1.328125e-01, 8.213681e-11, 9.084193e-11
1.484375e-01, 1.105065e-10, 1.215117e-10
1.640625e-01, 1.481470e-10, 1.621398e-10
1.796875e-01, 1.979986e-10, 2.158247e-10
1.953125e-01, 2.638795e-10, 2.865842e-10
2.109375e-01, 3.507377e-10, 3.796150e-10
2.265625e-01, 4.649691e-10, 5.016192e-10
2.421875e-01, 6.148195e-10, 6.612183e-10
2.578125e-01, 8.108912e-10, 8.694714e-10
2.734375e-01, 1.066778e-09, 1.140527e-09
2.890625e-01, 1.399863e-09, 1.492436e-09
3.046875e-01, 1.832310e-09, 1.948165e-09
3.203125e-01, 2.392299e-09, 2.536853e-09
3.359375e-01, 3.115560e-09, 3.295375e-09
3.515625e-01, 4.047269e-09, 4.270259e-09
3.671875e-01, 5.244378e-09, 5.520055e-09
3.828125e-01, 6.778484e-09, 7.118237e-09
3.984375e-01, 8.739339e-09, 9.156747e-09
4.140625e-01, 1.123913e-08, 1.175032e-08
4.296875e-01, 1.441768e-08, 1.504175e-08
4.453125e-01, 1.844877e-08, 1.920819e-08
4.609375e-01, 2.354776e-08, 2.446891e-08
4.765625e-01, 2.998075e-08, 3.109442e-08
4.921875e-01, 3.807559e-08, 3.941760e-08
5.078125e-01, 4.823505e-08, 4.984684e-08
5.234375e-01, 6.095247e-08, 6.288180e-08
5.390625e-01, 7.683039e-08, 7.913199e-08
5.546875e-01, 9.660254e-08, 9.933882e-08
5.703125e-01, 1.211598e-07, 1.244015e-07
5.859375e-01, 1.515804e-07, 1.554076e-07
6.015625e-01, 1.891662e-07, 1.936684e-07
6.171875e-01, 2.354832e-07, 2.407603e-07
6.328125e-01, 2.924105e-07, 2.985733e-07
6.484375e-01, 3.621956e-07, 3.693659e-07
6.640625e-01, 4.475188e-07, 4.558295e-07
6.796875e-01, 5.515663e-07, 5.611615e-07
6.953125e-01, 6.781145e-07, 6.891490e-07
7.109375e-01, 8.316254e-07, 8.442639e-07
7.265625e-01, 1.017355e-06, 1.031771e-06
7.421875e-01, 1.241474e-06, 1.257847e-06
7.578125e-01, 1.511206e-06, 1.529721e-06
7.734375e-01, 1.834980e-06, 1.855824e-06
7.890625e-01, 2.222598e-06, 2.245954e-06
8.046875e-01, 2.685426e-06, 2.711470e-06
8.203125e-01, 3.236595e-06, 3.265492e-06
8.359375e-01, 3.891230e-06, 3.923126e-06
8.515625e-01, 4.666696e-06, 4.701708e-06
8.671875e-01, 5.582858e-06, 5.621068e-06
8.828125e-01, 6.662366e-06, 6.703813e-06
8.984375e-01, 7.930960e-06, 7.975625e-06
9.140625e-01, 9.417787e-06, 9.465584e-06
9.296875e-01, 1.115574e-05, 1.120650e-05
9.453125e-01, 1.318179e-05, 1.323525e-05
9.609375e-01, 1.553737e-05, 1.559317e-05
9.765625e-01, 1.826872e-05, 1.832636e-05
9.921875e-01, 2.142727e-05, 2.148612e-05
1.007813e+00, 2.506998e-05, 2.512925e-05
1.023438e+00, 2.925969e-05, 2.931844e-05
1.039063e+00, 3.406550e-05, 3.412260e-05
1.054688e+00, 3.956302e-05, 3.961714e-05
1.070313e+00, 4.583467e-05, 4.588428e-05
1.085938e+00, 5.296989e-05, 5.301326e-05
1.101563e+00, 6.106534e-05, 6.110053e-05
1.117188e+00, 7.022497e-05, 7.024982e-05
1.132813e+00, 8.056007e-05, 8.057221e-05
1.148438e+00, 9.218917e-05, 9.218604e-05
1.164063e+00, 1.052379e-04, 1.052167e-04
1.179688e+00, 1.198386e-04, 1.197966e-04
1.195313e+00, 1.361302e-04, 1.360641e-04
1.210938e+00, 1.542571e-04, 1.541640e-04
1.226563e+00, 1.743691e-04, 1.742456e-04
1.242188e+00, 1.966199e-04, 1.964629e-04
1.257813e+00, 2.211667e-04, 2.209730e-04
1.273438e+00, 2.481683e-04, 2.479348e-04
1.289063e+00, 2.777843e-04, 2.775082e-04
1.304688e+00, 3.101730e-04, 3.098516e-04
1.320313e+00, 3.454901e-04, 3.451212e-04
1.335938e+00, 3.838865e-04, 3.834681e-04
1.351563e+00, 4.255062e-04, 4.250370e-04
1.367188e+00, 4.704842e-04, 4.699634e-04
1.382813e+00, 5.189441e-04, 5.183715e-04
1.398438e+00, 5.709956e-04, 5.703718e-04
1.414063e+00, 6.267319e-04, 6.260582e-04
1.429688e+00, 6.862272e-04, 6.855060e-04
1.445313e+00, 7.495341e-04, 7.487686e-04
1.460938e+00, 8.166811e-04, 8.158753e-04
1.476563e+00, 8.876696e-04, 8.868288e-04
1.492188e+00, 9.624722e-04, 9.616025e-04
1.507813e+00, 1.041030e-03, 1.040139e-03
1.523438e+00, 1.123251e-03, 1.122346e-03
1.539063e+00, 1.209007e-03, 1.208097e-03
1.554688e+00, 1.298135e-03, 1.297230e-03
1.570313e+00, 1.390432e-03, 1.389542e-03
1.585938e+00, 1.485657e-03, 1.484795e-03
1.601563e+00, 1.583533e-03, 1.582708e-03
1.617188e+00, 1.683740e-03, 1.682966e-03
1.632813e+00, 1.785922e-03, 1.785210e-03
1.648438e+00, 1.889686e-03, 1.889049e-03
1.664063e+00, 1.994605e-03, 1.994055e-03
1.679688e+00, 2.100218e-03, 2.099765e-03
1.695313e+00, 2.206033e-03, 2.205688e-03
1.710938e+00, 2.311531e-03, 2.311305e-03
1.726563e+00, 2.416174e-03, 2.416074e-03
1.742188e+00, 2.519400e-03, 2.519434e-03
1.757813e+00, 2.620636e-03, 2.620811e-03
1.773438e+00, 2.719300e-03, 2.719619e-03
1.789063e+00, 2.814805e-03, 2.815272e-03
1.804688e+00, 2.906569e-03, 2.907183e-03
1.820313e+00, 2.994014e-03, 2.994776e-03
1.835938e+00, 3.076580e-03, 3.077486e-03
1.851563e+00, 3.153725e-03, 3.154769e-03
1.867188e+00, 3.224933e-03, 3.226108e-03
1.882813e+00, 3.289719e-03, 3.291016e-03
1.898438e+00, 3.347636e-03, 3.349045e-03
1.914063e+00, 3.398280e-03, 3.399788e-03
1.929688e+00, 3.441291e-03, 3.442884e-03
1.945313e+00, 3.476364e-03, 3.478026e-03
1.960938e+00, 3.503244e-03, 3.504960e-03
1.976563e+00, 3.521739e-03, 3.523490e-03
1.992188e+00, 3.531714e-03, 3.533482e-03
2.007813e+00, 3.533095e-03, 3.534863e-03
2.023438e+00, 3.525873e-03, 3.527622e-03
2.039063e+00, 3.510100e-03, 3.511812e-03
2.054688e+00, 3.485891e-03, 3.487550e-03
2.070313e+00, 3.453422e-03, 3.455010e-03
2.085938e+00, 3.412926e-03, 3.414429e-03
2.101563e+00, 3.364694e-03, 3.366097e-03
2.117188e+00, 3.309068e-03, 3.310358e-03
2.132813e+00, 3.246438e-03, 3.247605e-03
2.148438e+00, 3.177238e-03, 3.178273e-03
2.164063e+00, 3.101943e-03, 3.102837e-03
2.179688e+00, 3.021056e-03, 3.021806e-03
2.195313e+00, 2.935114e-03, 2.935716e-03
2.210938e+00, 2.844672e-03, 2.845124e-03
2.226563e+00, 2.750302e-03, 2.750606e-03
2.242188e+00, 2.652585e-03, 2.652743e-03
2.257813e+00, 2.552108e-03, 2.552125e-03
2.273438e+00, 2.449455e-03, 2.449336e-03
2.289063e+00, 2.345203e-03, 2.344956e-03
2.304688e+00, 2.239916e-03, 2.239550e-03
2.320313e+00, 2.134142e-03, 2.133668e-03
2.335938e+00, 2.028408e-03, 2.027835e-03
2.351563e+00, 1.923212e-03, 1.922552e-03
2.367188e+00, 1.819026e-03, 1.818292e-03
2.382813e+00, 1.716289e-03, 1.715492e-03
2.398438e+00, 1.615405e-03, 1.614558e-03
2.414063e+00, 1.516743e-03, 1.515858e-03
2.429688e+00, 1.420633e-03, 1.419722e-03
2.445313e+00, 1.327366e-03, 1.326440e-03
2.460938e+00, 1.237196e-03, 1.236266e-03
2.476563e+00, 1.150337e-03, 1.149413e-03
2.492188e+00, 1.066965e-03, 1.066056e-03
2.507813e+00, 9.872198e-04, 9.863332e-04
2.523438e+00, 9.112038e-04, 9.103475e-04
2.539063e+00, 8.389867e-04, 8.381669e-04
2.554688e+00, 7.706060e-04, 7.698280e-04
2.570313e+00, 7.060691e-04, 7.053370e-04
2.585938e+00, 6.453559e-04, 6.446730e-04
2.601563e+00, 5.884213e-04, 5.877898e-04
2.617188e+00, 5.351978e-04, 5.346191e-04
2.632813e+00, 4.855978e-04, 4.850726e-04
2.648438e+00, 4.395168e-04, 4.390447e-04
2.664063e+00, 3.968353e-04, 3.964155e-04
2.679688e+00, 3.574216e-04, 3.570527e-04
2.695313e+00, 3.211344e-04, 3.208143e-04
2.710938e+00, 2.878247e-04, 2.875511e-04
2.726563e+00, 2.573381e-04, 2.571083e-04
2.742188e+00, 2.295170e-04, 2.293280e-04
2.757813e+00, 2.042020e-04, 2.040506e-04
2.773438e+00, 1.812338e-04, 1.811167e-04
2.789063e+00, 1.604545e-04, 1.603684e-04
2.804688e+00, 1.417092e-04, 1.416508e-04
2.820313e+00, 1.248468e-04, 1.248128e-04
2.835938e+00, 1.097209e-04, 1.097081e-04
2.851563e+00, 9.619088e-05, 9.619631e-05
2.867188e+00, 8.412215e-05, 8.414297e-05
2.882813e+00, 7.338690e-05, 7.342046e-05
2.898438e+00, 6.386428e-05, 6.390814e-05
2.914063e+00, 5.544068e-05, 5.549260e-05
2.929688e+00, 4.800977e-05, 4.806775e-05
2.945313e+00, 4.147257e-05, 4.153482e-05
2.960938e+00, 3.573733e-05, 3.580227e-05
2.976563e+00, 3.071941e-05, 3.078568e-05
2.992188e+00, 2.634102e-05, 2.640747e-05
3.007813e+00, 2.253102e-05, 2.259667e-05
3.023438e+00, 1.922461e-05, 1.928866e-05
3.039063e+00, 1.636296e-05, 1.642478e-05
3.054688e+00, 1.389293e-05, 1.395201e-05
3.070313e+00, 1.176665e-05, 1.182262e-05
3.085938e+00, 9.941186e-06, 9.993798e-06
3.101563e+00, 8.378181e-06, 8.427276e-06
3.117188e+00, 7.043474e-06, 7.088979e-06
3.132813e+00, 5.906760e-06, 5.948671e-06
3.148438e+00, 4.941246e-06, 4.979618e-06
3.164063e+00, 4.123329e-06, 4.158263e-06
3.179688e+00, 3.432284e-06, 3.463919e-06
3.195313e+00, 2.849980e-06, 2.878480e-06
3.210938e+00, 2.360604e-06, 2.386155e-06
3.226563e+00, 1.950415e-06, 1.973212e-06
3.242188e+00, 1.607506e-06, 1.627754e-06
3.257813e+00, 1.321599e-06, 1.339503e-06
3.273438e+00, 1.083845e-06, 1.099609e-06
3.289063e+00, 8.866566e-07, 9.004769e-07
3.304688e+00, 7.235413e-07, 7.356087e-07
3.320313e+00, 5.889663e-07, 5.994609e-07
3.335938e+00, 4.782294e-07, 4.873206e-07
3.351563e+00, 3.873471e-07, 3.951923e-07
3.367188e+00, 3.129550e-07, 3.196995e-07
3.382813e+00, 2.522206e-07, 2.579974e-07
3.398438e+00, 2.027662e-07, 2.076961e-07
3.414063e+00, 1.626023e-07, 1.667943e-07
3.429688e+00, 1.300688e-07, 1.336208e-07
3.445313e+00, 1.037849e-07, 1.067841e-07
3.460938e+00, 8.260561e-08, 8.512929e-08
3.476563e+00, 6.558408e-08, 6.770040e-08
3.492188e+00, 5.193980e-08, 5.370853e-08
3.507813e+00, 4.103122e-08, 4.250451e-08
3.523438e+00, 3.233257e-08, 3.355573e-08
3.539063e+00, 2.541425e-08, 2.642641e-08
3.554688e+00, 1.992621e-08, 2.076105e-08
3.570313e+00, 1.558411e-08, 1.627048e-08
3.585938e+00, 1.215761e-08, 1.272013e-08
3.601563e+00, 9.460702e-09, 9.920238e-09
3.617188e+00, 7.343552e-09, 7.717784e-09
3.632813e+00, 5.685861e-09, 5.989671e-09
3.648438e+00, 4.391297e-09, 4.637171e-09
3.664063e+00, 3.382947e-09, 3.581320e-09
3.679688e+00, 2.599578e-09, 2.759134e-09
3.695313e+00, 1.992576e-09, 2.120520e-09
3.710938e+00, 1.523459e-09, 1.625743e-09
3.726563e+00, 1.161849e-09, 1.243372e-09
3.742188e+00, 8.838346e-10, 9.486153e-10
3.757813e+00, 6.706469e-10, 7.219697e-10
3.773438e+00, 5.075955e-10, 5.481351e-10
3.789063e+00, 3.832143e-10, 4.151415e-10
3.804688e+00, 2.885793e-10, 3.136494e-10
3.820313e+00, 2.167641e-10, 2.363919e-10
3.835938e+00, 1.624080e-10, 1.777299e-10
3.851563e+00, 1.213737e-10, 1.332994e-10
3.867188e+00, 9.047704e-11, 9.973228e-11
3.882813e+00, 6.727407e-11, 7.443601e-11
3.898438e+00, 4.989441e-11, 5.542048e-11
3.914063e+00, 3.691052e-11, 4.116208e-11
3.929688e+00, 2.723590e-11, 3.049749e-11
3.945313e+00, 2.004591e-11, 2.254087e-11
3.960938e+00, 1.471640e-11, 1.661947e-11
3.976563e+00, 1.077626e-11, 1.222372e-11
3.992188e+00, 7.870904e-12, 8.968699e-12
4.007813e+00, 5.734168e-12, 6.564405e-12
4.023438e+00, 4.166819e-12, 4.792930e-12
4.039063e+00, 3.020135e-12, 3.490973e-12
4.054688e+00, 2.183407e-12, 2.536483e-12
4.070313e+00, 1.574450e-12, 1.838472e-12
4.085938e+00, 1.132422e-12, 1.329297e-12
4.101563e+00, 8.124029e-13, 9.587971e-13
4.117188e+00, 5.813236e-13, 6.898764e-13
4.132813e+00, 4.149032e-13, 4.951716e-13
4.148438e+00, 2.953637e-13, 3.545520e-13
4.164063e+00, 2.097239e-13, 2.532468e-13
4.179688e+00, 1.485315e-13, 1.804462e-13
4.195313e+00, 1.049223e-13, 1.282601e-13
4.210938e+00, 7.392558e-14, 9.094417e-14
4.226563e+00, 5.195157e-14, 6.432772e-14
4.242188e+00, 3.641486e-14, 4.539011e-14
4.257813e+00, 2.545854e-14, 3.194951e-14
4.273438e+00, 1.775262e-14, 2.243401e-14
4.289063e+00, 1.234709e-14, 1.571410e-14
4.304688e+00, 8.565229e-15, 1.098024e-14
4.320313e+00, 5.926312e-15, 7.653744e-15
4.335938e+00, 4.089783e-15, 5.322013e-15
4.351563e+00, 2.815044e-15, 3.691626e-15
4.367188e+00, 1.932584e-15, 2.554461e-15
4.382813e+00, 1.323302e-15, 1.763278e-15
4.398438e+00, 9.037445e-16, 1.214177e-15
4.414063e+00, 6.155987e-16, 8.340325e-16
4.429688e+00, 4.182288e-16, 5.715100e-16
4.445313e+00, 2.833958e-16, 3.906650e-16
4.460938e+00, 1.915292e-16, 2.663944e-16
4.476563e+00, 1.291034e-16, 1.812113e-16
4.492188e+00, 8.679621e-17, 1.229661e-16
4.507813e+00, 5.819996e-17, 8.323872e-17
4.523438e+00, 3.892267e-17, 5.620891e-17
4.539063e+00, 2.596208e-17, 3.786384e-17
4.554688e+00, 1.727159e-17, 2.544392e-17
4.570313e+00, 1.145987e-17, 1.705624e-17
4.585938e+00, 7.583698e-18, 1.140571e-17
4.601563e+00, 5.005354e-18, 7.608536e-18
4.617188e+00, 3.294884e-18, 5.063137e-18
4.632813e+00, 2.163196e-18, 3.361075e-18
4.648438e+00, 1.416449e-18, 2.225750e-18
4.664063e+00, 9.250261e-19, 1.470329e-18
4.679688e+00, 6.024959e-19, 9.689300e-19
4.695313e+00, 3.913814e-19, 6.369570e-19
4.710938e+00, 2.535660e-19, 4.177030e-19
4.726563e+00, 1.638420e-19, 2.732530e-19
4.742188e+00, 1.055850e-19, 1.783208e-19
4.757813e+00, 6.786099e-20, 1.160858e-19
4.773438e+00, 4.349889e-20, 7.538689e-20
4.789063e+00, 2.780832e-20, 4.883739e-20
4.804688e+00, 1.772998e-20, 3.156086e-20
4.820313e+00, 1.127394e-20, 2.034628e-20
4.835938e+00, 7.149450e-21, 1.308462e-20
4.851563e+00, 4.521548e-21, 8.394153e-21
4.867188e+00, 2.851617e-21, 5.371957e-21
4.882813e+00, 1.793132e-21, 3.429478e-21
4.898438e+00, 1.123726e-21, 2.184054e-21
4.914063e+00, 7.010246e-22, 1.387517e-21
4.929688e+00, 4.340030e-22, 8.793329e-22
4.945313e+00, 2.644267e-22, 5.559146e-22
4.960938e+00, 1.548225e-22, 3.505925e-22
4.976563e+00, 8.062865e-23, 2.205652e-22
4.992188e+00, 2.497245e-23, 1.384239e-22
5.000000e+00, 3.365582e-42, 1.095597e-22


#At time: 5.000976e+01, nsteps= 410


0.000000e+00, 1.003731e-20, 4.380768e-09
7.812500e-03, 8.818158e-10, 4.861924e-09
2.343750e-02, 2.681300e-09, 5.981276e-09
3.906250e-02, 4.588176e-09, 7.346370e-09
5.468750e-02, 6.676159e-09, 9.008343e-09
7.031250e-02, 9.024836e-09, 1.102834e-08
8.593750e-02, 1.172214e-08, 1.347935e-08
1.015625e-01, 1.486703e-08, 1.644829e-08
1.171875e-01, 1.857238e-08, 2.003853e-08
1.328125e-01, 2.296831e-08, 2.437273e-08
1.484375e-01, 2.820578e-08, 2.959619e-08
1.640625e-01, 3.446072e-08, 3.588067e-08
1.796875e-01, 4.193871e-08, 4.342887e-08
1.953125e-01, 5.088026e-08, 5.247951e-08
2.109375e-01, 6.156686e-08, 6.331320e-08
2.265625e-01, 7.432780e-08, 7.625915e-08
2.421875e-01, 8.954799e-08, 9.170287e-08
2.578125e-01, 1.076768e-07, 1.100949e-07
2.734375e-01, 1.292381e-07, 1.319607e-07
2.890625e-01, 1.548416e-07, 1.579120e-07
3.046875e-01, 1.851956e-07, 1.886596e-07
3.203125e-01, 2.211219e-07, 2.250278e-07
3.359375e-01, 2.635714e-07, 2.679702e-07
3.515625e-01, 3.136430e-07, 3.185884e-07
3.671875e-01, 3.726036e-07, 3.781524e-07
3.828125e-01, 4.419113e-07, 4.481226e-07
3.984375e-01, 5.232406e-07, 5.301761e-07
4.140625e-01, 6.185106e-07, 6.262340e-07
4.296875e-01, 7.299164e-07, 7.384930e-07
4.453125e-01, 8.599636e-07, 8.694594e-07
4.609375e-01, 1.011506e-06, 1.021987e-06
4.765625e-01, 1.187787e-06, 1.199320e-06
4.921875e-01, 1.392487e-06, 1.405134e-06
5.078125e-01, 1.629769e-06, 1.643590e-06
5.234375e-01, 1.904337e-06, 1.919387e-06
5.390625e-01, 2.221492e-06, 2.237819e-06
5.546875e-01, 2.587195e-06, 2.604837e-06
5.703125e-01, 3.008133e-06, 3.027118e-06
5.859375e-01, 3.491795e-06, 3.512137e-06
6.015625e-01, 4.046547e-06, 4.068242e-06
6.171875e-01, 4.681713e-06, 4.704736e-06
6.328125e-01, 5.407663e-06, 5.431966e-06
6.484375e-01, 6.235900e-06, 6.261408e-06
6.640625e-01, 7.179160e-06, 7.205767e-06
6.796875e-01, 8.251510e-06, 8.279073e-06
6.953125e-01, 9.468444e-06, 9.496780e-06
7.109375e-01, 1.084699e-05, 1.087588e-05
7.265625e-01, 1.240584e-05, 1.243499e-05
7.421875e-01, 1.416540e-05, 1.419449e-05
7.578125e-01, 1.614797e-05, 1.617661e-05
7.734375e-01, 1.837780e-05, 1.840553e-05
7.890625e-01, 2.088121e-05, 2.090751e-05
8.046875e-01, 2.368670e-05, 2.371099e-05
8.203125e-01, 2.682506e-05, 2.684666e-05
8.359375e-01, 3.032942e-05, 3.034757e-05
8.515625e-01, 3.423536e-05, 3.424924e-05
8.671875e-01, 3.858098e-05, 3.858969e-05
8.828125e-01, 4.340698e-05, 4.340949e-05
8.984375e-01, 4.875664e-05, 4.875189e-05
9.140625e-01, 5.467593e-05, 5.466274e-05
9.296875e-01, 6.121346e-05, 6.119057e-05
9.453125e-01, 6.842049e-05, 6.838659e-05
9.609375e-01, 7.635089e-05, 7.630457e-05
9.765625e-01, 8.506109e-05, 8.500088e-05
9.921875e-01, 9.460994e-05, 9.453433e-05
1.007813e+00, 1.050586e-04, 1.049661e-04
1.023438e+00, 1.164706e-04, 1.163594e-04
1.039063e+00, 1.289110e-04, 1.287796e-04
1.054688e+00, 1.424471e-04, 1.422939e-04
1.070313e+00, 1.571473e-04, 1.569707e-04
1.085938e+00, 1.730813e-04, 1.728797e-04
1.101563e+00, 1.903197e-04, 1.900915e-04
1.117188e+00, 2.089332e-04, 2.086771e-04
1.132813e+00, 2.289926e-04, 2.287072e-04
1.148438e+00, 2.505683e-04, 2.502524e-04
1.164063e+00, 2.737294e-04, 2.733820e-04
1.179688e+00, 2.985434e-04, 2.981638e-04
1.195313e+00, 3.250758e-04, 3.246632e-04
1.210938e+00, 3.533888e-04, 3.529428e-04
1.226563e+00, 3.835413e-04, 3.830619e-04
1.242188e+00, 4.155878e-04, 4.150752e-04
1.257813e+00, 4.495778e-04, 4.490325e-04
1.273438e+00, 4.855551e-04, 4.849781e-04
1.289063e+00, 5.235570e-04, 5.229493e-04
1.304688e+00, 5.636131e-04, 5.629766e-04
1.320313e+00, 6.057455e-04, 6.050822e-04
1.335938e+00, 6.499670e-04, 6.492793e-04
1.351563e+00, 6.962810e-04, 6.955719e-04
1.367188e+00, 7.446806e-04, 7.439533e-04
1.382813e+00, 7.951478e-04, 7.944062e-04
1.398438e+00, 8.476530e-04, 8.469012e-04
1.414063e+00, 9.021544e-04, 9.013970e-04
1.429688e+00, 9.585975e-04, 9.578395e-04
1.445313e+00, 1.016914e-03, 1.016161e-03
1.460938e+00, 1.077024e-03, 1.076281e-03
1.476563e+00, 1.138831e-03, 1.138104e-03
1.492188e+00, 1.202226e-03, 1.201521e-03
1.507813e+00, 1.267085e-03, 1.266410e-03
1.523438e+00, 1.333273e-03, 1.332632e-03
1.539063e+00, 1.400636e-03, 1.400037e-03
1.554688e+00, 1.469010e-03, 1.468460e-03
1.570313e+00, 1.538217e-03, 1.537721e-03
1.585938e+00, 1.608066e-03, 1.607632e-03
1.601563e+00, 1.678355e-03, 1.677988e-03
1.617188e+00, 1.748869e-03, 1.748575e-03
1.632813e+00, 1.819383e-03, 1.819168e-03
1.648438e+00, 1.889666e-03, 1.889534e-03
1.664063e+00, 1.959474e-03, 1.959430e-03
1.679688e+00, 2.028559e-03, 2.028608e-03
1.695313e+00, 2.096669e-03, 2.096813e-03
1.710938e+00, 2.163545e-03, 2.163787e-03
1.726563e+00, 2.228927e-03, 2.229269e-03
1.742188e+00, 2.292555e-03, 2.292998e-03
1.757813e+00, 2.354170e-03, 2.354714e-03
1.773438e+00, 2.413514e-03, 2.414159e-03
1.789063e+00, 2.470336e-03, 2.471081e-03
1.804688e+00, 2.524389e-03, 2.525231e-03
1.820313e+00, 2.575437e-03, 2.576372e-03
1.835938e+00, 2.623249e-03, 2.624274e-03
1.851563e+00, 2.667611e-03, 2.668720e-03
1.867188e+00, 2.708318e-03, 2.709506e-03
1.882813e+00, 2.745182e-03, 2.746443e-03
1.898438e+00, 2.778030e-03, 2.779355e-03
1.914063e+00, 2.806707e-03, 2.808089e-03
1.929688e+00, 2.831076e-03, 2.832507e-03
1.945313e+00, 2.851020e-03, 2.852491e-03
1.960938e+00, 2.866443e-03, 2.867945e-03
1.976563e+00, 2.877272e-03, 2.878793e-03
1.992188e+00, 2.883452e-03, 2.884984e-03
2.007813e+00, 2.884954e-03, 2.886488e-03
2.023438e+00, 2.881771e-03, 2.883295e-03
2.039063e+00, 2.873919e-03, 2.875423e-03
2.054688e+00, 2.861434e-03, 2.862910e-03
2.070313e+00, 2.844379e-03, 2.845816e-03
2.085938e+00, 2.822834e-03, 2.824225e-03
2.101563e+00, 2.796905e-03, 2.798239e-03
2.117188e+00, 2.766714e-03, 2.767985e-03
2.132813e+00, 2.732406e-03, 2.733605e-03
2.148438e+00, 2.694142e-03, 2.695262e-03
2.164063e+00, 2.652100e-03, 2.653136e-03
2.179688e+00, 2.606475e-03, 2.607422e-03
2.195313e+00, 2.557475e-03, 2.558329e-03
2.210938e+00, 2.505322e-03, 2.506078e-03
2.226563e+00, 2.450246e-03, 2.450902e-03
2.242188e+00, 2.392489e-03, 2.393044e-03
2.257813e+00, 2.332299e-03, 2.332752e-03
2.273438e+00, 2.269931e-03, 2.270282e-03
2.289063e+00, 2.205642e-03, 2.205892e-03
2.304688e+00, 2.139692e-03, 2.139843e-03
2.320313e+00, 2.072342e-03, 2.072396e-03
2.335938e+00, 2.003851e-03, 2.003811e-03
2.351563e+00, 1.934475e-03, 1.934346e-03
2.367188e+00, 1.864467e-03, 1.864252e-03
2.382813e+00, 1.794072e-03, 1.793777e-03
2.398438e+00, 1.723529e-03, 1.723159e-03
2.414063e+00, 1.653069e-03, 1.652630e-03
2.429688e+00, 1.582912e-03, 1.582411e-03
2.445313e+00, 1.513268e-03, 1.512711e-03
2.460938e+00, 1.444337e-03, 1.443730e-03
2.476563e+00, 1.376304e-03, 1.375654e-03
2.492188e+00, 1.309343e-03, 1.308656e-03
2.507813e+00, 1.243613e-03, 1.242897e-03
2.523438e+00, 1.179263e-03, 1.178523e-03
2.539063e+00, 1.116423e-03, 1.115666e-03
2.554688e+00, 1.055212e-03, 1.054444e-03
2.570313e+00, 9.957344e-04, 9.949610e-04
2.585938e+00, 9.380802e-04, 9.373070e-04
2.601563e+00, 8.823259e-04, 8.815580e-04
2.617188e+00, 8.285345e-04, 8.277767e-04
2.632813e+00, 7.767560e-04, 7.760124e-04
2.648438e+00, 7.270276e-04, 7.263023e-04
2.664063e+00, 6.793747e-04, 6.786712e-04
2.679688e+00, 6.338112e-04, 6.331325e-04
2.695313e+00, 5.903404e-04, 5.896890e-04
2.710938e+00, 5.489553e-04, 5.483334e-04
2.726563e+00, 5.096396e-04, 5.090490e-04
2.742188e+00, 4.723686e-04, 4.718107e-04
2.757813e+00, 4.371097e-04, 4.365853e-04
2.773438e+00, 4.038231e-04, 4.033330e-04
2.789063e+00, 3.724631e-04, 3.720074e-04
2.804688e+00, 3.429782e-04, 3.425568e-04
2.820313e+00, 3.153122e-04, 3.149248e-04
2.835938e+00, 2.894050e-04, 2.890510e-04
2.851563e+00, 2.651930e-04, 2.648715e-04
2.867188e+00, 2.426099e-04, 2.423200e-04
2.882813e+00, 2.215877e-04, 2.213280e-04
2.898438e+00, 2.020566e-04, 2.018259e-04
2.914063e+00, 1.839462e-04, 1.837429e-04
2.929688e+00, 1.671854e-04, 1.670081e-04
2.945313e+00, 1.517037e-04, 1.515506e-04
2.960938e+00, 1.374306e-04, 1.373002e-04
2.976563e+00, 1.242970e-04, 1.241874e-04
2.992188e+00, 1.122347e-04, 1.121444e-04
3.007813e+00, 1.011772e-04, 1.011045e-04
3.023438e+00, 9.106000e-05, 9.100325e-05
3.039063e+00, 8.182038e-05, 8.177800e-05
3.054688e+00, 7.339800e-05, 7.336843e-05
3.070313e+00, 6.573483e-05, 6.571663e-05
3.085938e+00, 5.877536e-05, 5.876713e-05
3.101563e+00, 5.246665e-05, 5.246709e-05
3.117188e+00, 4.675839e-05, 4.676627e-05
3.132813e+00, 4.160291e-05, 4.161709e-05
3.148438e+00, 3.695520e-05, 3.697463e-05
3.164063e+00, 3.277291e-05, 3.279663e-05
3.179688e+00, 2.901628e-05, 2.904343e-05
3.195313e+00, 2.564814e-05, 2.567792e-05
3.210938e+00, 2.263377e-05, 2.266548e-05
3.226563e+00, 1.994090e-05, 1.997392e-05
3.242188e+00, 1.753958e-05, 1.757336e-05
3.257813e+00, 1.540210e-05, 1.543617e-05
3.273438e+00, 1.350290e-05, 1.353685e-05
3.289063e+00, 1.181844e-05, 1.185193e-05
3.304688e+00, 1.032711e-05, 1.035985e-05
3.320313e+00, 9.009137e-06, 9.040889e-06
3.335938e+00, 7.846446e-06, 7.877023e-06
3.351563e+00, 6.822569e-06, 6.851826e-06
3.367188e+00, 5.922537e-06, 5.950367e-06
3.382813e+00, 5.132776e-06, 5.159105e-06
3.398438e+00, 4.441007e-06, 4.465790e-06
3.414063e+00, 3.836143e-06, 3.859361e-06
3.429688e+00, 3.308203e-06, 3.329859e-06
3.445313e+00, 2.848218e-06, 2.868332e-06
3.460938e+00, 2.448150e-06, 2.466756e-06
3.476563e+00, 2.100807e-06, 2.117953e-06
3.492188e+00, 1.799771e-06, 1.815514e-06
3.507813e+00, 1.539328e-06, 1.553732e-06
3.523438e+00, 1.314401e-06, 1.327535e-06
3.539063e+00, 1.120487e-06, 1.132423e-06
3.554688e+00, 9.536036e-07, 9.644175e-07
3.570313e+00, 8.102347e-07, 8.200013e-07
3.585938e+00, 6.872826e-07, 6.960769e-07
3.601563e+00, 5.820245e-07, 5.899200e-07
3.617188e+00, 4.920715e-07, 4.991399e-07
3.632813e+00, 4.153326e-07, 4.216428e-07
3.648438e+00, 3.499809e-07, 3.555988e-07
3.664063e+00, 2.944238e-07, 2.994119e-07
3.679688e+00, 2.472758e-07, 2.516930e-07
3.695313e+00, 2.073337e-07, 2.112353e-07
3.710938e+00, 1.735552e-07, 1.769926e-07
3.726563e+00, 1.450390e-07, 1.480597e-07
3.742188e+00, 1.210070e-07, 1.236551e-07
3.757813e+00, 1.007895e-07, 1.031051e-07
3.773438e+00, 8.381042e-08, 8.583049e-08
3.789063e+00, 6.957591e-08, 7.133395e-08
3.804688e+00, 5.766304e-08, 5.918944e-08
3.820313e+00, 4.771046e-08, 4.903265e-08
3.835938e+00, 3.941003e-08, 4.055270e-08
3.851563e+00, 3.249951e-08, 3.348478e-08
3.867188e+00, 2.675614e-08, 2.760376e-08
3.882813e+00, 2.199107e-08, 2.271864e-08
3.898438e+00, 1.804451e-08, 1.866765e-08
3.914063e+00, 1.478153e-08, 1.531406e-08
3.929688e+00, 1.208841e-08, 1.254250e-08
3.945313e+00, 9.869470e-09, 1.025584e-08
3.960938e+00, 8.044391e-09, 8.372428e-09
3.976563e+00, 6.545862e-09, 6.823779e-09
3.992188e+00, 5.317586e-09, 5.552539e-09
4.007813e+00, 4.312567e-09, 4.510780e-09
4.023438e+00, 3.491649e-09, 3.658515e-09
4.039063e+00, 2.822269e-09, 2.962451e-09
4.054688e+00, 2.277397e-09, 2.394919e-09
4.070313e+00, 1.834643e-09, 1.932964e-09
4.085938e+00, 1.475490e-09, 1.557578e-09
4.101563e+00, 1.184657e-09, 1.253053e-09
4.117188e+00, 9.495555e-10, 1.006426e-09
4.132813e+00, 7.598345e-10, 8.070263e-10
4.148438e+00, 6.069994e-10, 6.460807e-10
4.164063e+00, 4.840918e-10, 5.163914e-10
4.179688e+00, 3.854226e-10, 4.120639e-10
4.195313e+00, 3.063487e-10, 3.282792e-10
4.210938e+00, 2.430883e-10, 2.611051e-10
4.226563e+00, 1.925666e-10, 2.073388e-10
4.242188e+00, 1.522882e-10, 1.643762e-10
4.257813e+00, 1.202318e-10, 1.301040e-10
4.273438e+00, 9.476334e-11, 1.028100e-10
4.289063e+00, 7.456389e-11, 8.110987e-11
4.304688e+00, 5.857114e-11, 6.388591e-11
4.320313e+00, 4.593094e-11, 5.023769e-11
4.335938e+00, 3.595780e-11, 3.944096e-11
4.351563e+00, 2.810260e-11, 3.091424e-11
4.367188e+00, 2.192630e-11, 2.419151e-11
4.382813e+00, 1.707848e-11, 1.889994e-11
4.398438e+00, 1.327998e-11, 1.474182e-11
4.414063e+00, 1.030884e-11, 1.147982e-11
4.429688e+00, 7.988885e-12, 8.925087e-12
4.445313e+00, 6.180529e-12, 6.927602e-12
4.460938e+00, 4.773403e-12, 5.368422e-12
4.476563e+00, 3.680383e-12, 4.153398e-12
4.492188e+00, 2.832827e-12, 3.208143e-12
4.507813e+00, 2.176751e-12, 2.473986e-12
4.523438e+00, 1.669778e-12, 1.904732e-12
4.539063e+00, 1.278702e-12, 1.464076e-12
4.554688e+00, 9.775533e-13, 1.123535e-12
4.570313e+00, 7.460561e-13, 8.608017e-13
4.585938e+00, 5.684105e-13, 6.584346e-13
4.601563e+00, 4.323263e-13, 5.028234e-13
4.617188e+00, 3.282615e-13, 3.833641e-13
4.632813e+00, 2.488206e-13, 2.918104e-13
4.648438e+00, 1.882827e-13, 2.217600e-13
4.664063e+00, 1.422302e-13, 1.682515e-13
4.679688e+00, 1.072580e-13, 1.274465e-13
4.695313e+00, 8.074647e-14, 9.638071e-14
4.710938e+00, 6.068378e-14, 7.276885e-14
4.726563e+00, 4.552772e-14, 5.485222e-14
4.742188e+00, 3.409821e-14, 4.127966e-14
4.757813e+00, 2.549393e-14, 3.101496e-14
4.773438e+00, 1.902773e-14, 2.326481e-14
4.789063e+00, 1.417663e-14, 1.742293e-14
4.804688e+00, 1.054337e-14, 1.302675e-14
4.820313e+00, 7.826643e-15, 9.723979e-15
4.835938e+00, 5.798357e-15, 7.246783e-15
4.851563e+00, 4.286085e-15, 5.391875e-15
4.867188e+00, 3.159658e-15, 4.005231e-15
4.882813e+00, 2.320902e-15, 2.970356e-15
4.898438e+00, 1.695782e-15, 2.199291e-15
4.914063e+00, 1.228406e-15, 1.625737e-15
4.929688e+00, 8.764245e-16, 1.199806e-15
4.945313e+00, 6.075022e-16, 8.840255e-16
4.960938e+00, 3.965754e-16, 6.502972e-16
4.976563e+00, 2.236977e-16, 4.775868e-16
4.992188e+00, 7.229651e-17, 3.501756e-16
5.000000e+00, 3.192147e-42, 2.996661e-16


#At time: 7.501464e+01, nsteps= 615


0.000000e+00, 7.862683e-21, 1.054300e-07
7.812500e-03, 1.629158e-08, 1.140117e-07
2.343750e-02, 4.924050e-08, 1.332056e-07
3.906250e-02, 8.326760e-08, 1.554409e-07
5.468750e-02, 1.190779e-07, 1.811667e-07
7.031250e-02, 1.574051e-07, 2.108925e-07
8.593750e-02, 1.990231e-07, 2.451962e-07
1.015625e-01, 2.447567e-07, 2.847321e-07
1.171875e-01, 2.954944e-07, 3.302395e-07
1.328125e-01, 3.522003e-07, 3.825530e-07
1.484375e-01, 4.159276e-07, 4.426129e-07
1.640625e-01, 4.878325e-07, 5.114774e-07
1.796875e-01, 5.691891e-07, 5.903353e-07
1.953125e-01, 6.614048e-07, 6.805202e-07
2.109375e-01, 7.660377e-07, 7.835257e-07
2.265625e-01, 8.848142e-07, 9.010219e-07
2.421875e-01, 1.019648e-06, 1.034874e-06
2.578125e-01, 1.172661e-06, 1.187160e-06
2.734375e-01, 1.346206e-06, 1.360195e-06
2.890625e-01, 1.542887e-06, 1.556550e-06
3.046875e-01, 1.765587e-06, 1.779078e-06
3.203125e-01, 2.017494e-06, 2.030938e-06
3.359375e-01, 2.302127e-06, 2.315626e-06
3.515625e-01, 2.623370e-06, 2.636999e-06
3.671875e-01, 2.985496e-06, 2.999311e-06
3.828125e-01, 3.393209e-06, 3.407241e-06
3.984375e-01, 3.851671e-06, 3.865933e-06
4.140625e-01, 4.366543e-06, 4.381024e-06
4.296875e-01, 4.944020e-06, 4.958689e-06
4.453125e-01, 5.590875e-06, 5.605677e-06
4.609375e-01, 6.314493e-06, 6.329351e-06
4.765625e-01, 7.122919e-06, 7.137732e-06
4.921875e-01, 8.024899e-06, 8.039540e-06
5.078125e-01, 9.029926e-06, 9.044241e-06
5.234375e-01, 1.014828e-05, 1.016209e-05
5.390625e-01, 1.139108e-05, 1.140417e-05
5.546875e-01, 1.277033e-05, 1.278246e-05
5.703125e-01, 1.429896e-05, 1.430985e-05
5.859375e-01, 1.599087e-05, 1.600021e-05
6.015625e-01, 1.786098e-05, 1.786842e-05
6.171875e-01, 1.992526e-05, 1.993043e-05
6.328125e-01, 2.220081e-05, 2.220328e-05
6.484375e-01, 2.470584e-05, 2.470514e-05
6.640625e-01, 2.745975e-05, 2.745539e-05
6.796875e-01, 3.048316e-05, 3.047459e-05
6.953125e-01, 3.379791e-05, 3.378453e-05
7.109375e-01, 3.742710e-05, 3.740830e-05
7.265625e-01, 4.139512e-05, 4.137023e-05
7.421875e-01, 4.572766e-05, 4.569597e-05
7.578125e-01, 5.045169e-05, 5.041244e-05
7.734375e-01, 5.559547e-05, 5.554788e-05
7.890625e-01, 6.118855e-05, 6.113180e-05
8.046875e-01, 6.726174e-05, 6.719498e-05
8.203125e-01, 7.384707e-05, 7.376943e-05
8.359375e-01, 8.097777e-05, 8.088834e-05
8.515625e-01, 8.868820e-05, 8.858606e-05
8.671875e-01, 9.701376e-05, 9.689799e-05
8.828125e-01, 1.059909e-04, 1.058605e-04
8.984375e-01, 1.156569e-04, 1.155110e-04
9.140625e-01, 1.260498e-04, 1.258875e-04
9.296875e-01, 1.372084e-04, 1.370287e-04
9.453125e-01, 1.491719e-04, 1.489741e-04
9.609375e-01, 1.619801e-04, 1.617632e-04
9.765625e-01, 1.756727e-04, 1.754359e-04
9.921875e-01, 1.902896e-04, 1.900323e-04
1.007813e+00, 2.058706e-04, 2.055920e-04
1.023438e+00, 2.224548e-04, 2.221544e-04
1.039063e+00, 2.400809e-04, 2.397582e-04
1.054688e+00, 2.587867e-04, 2.584414e-04
1.070313e+00, 2.786089e-04, 2.782406e-04
1.085938e+00, 2.995826e-04, 2.991913e-04
1.101563e+00, 3.217414e-04, 3.213271e-04
1.117188e+00, 3.451168e-04, 3.446797e-04
1.132813e+00, 3.697380e-04, 3.692784e-04
1.148438e+00, 3.956315e-04, 3.951501e-04
1.164063e+00, 4.228212e-04, 4.223186e-04
1.179688e+00, 4.513274e-04, 4.508045e-04
1.195313e+00, 4.811668e-04, 4.806248e-04
1.210938e+00, 5.123525e-04, 5.117927e-04
1.226563e+00, 5.448930e-04, 5.443170e-04
1.242188e+00, 5.787926e-04, 5.782021e-04
1.257813e+00, 6.140503e-04, 6.134475e-04
1.273438e+00, 6.506604e-04, 6.500474e-04
1.289063e+00, 6.886116e-04, 6.879907e-04
1.304688e+00, 7.278866e-04, 7.272606e-04
1.320313e+00, 7.684625e-04, 7.678343e-04
1.335938e+00, 8.103101e-04, 8.096827e-04
1.351563e+00, 8.533939e-04, 8.527705e-04
1.367188e+00, 8.976717e-04, 8.970557e-04
1.382813e+00, 9.430946e-04, 9.424896e-04
1.398438e+00, 9.896071e-04, 9.890168e-04
1.414063e+00, 1.037147e-03, 1.036575e-03
1.429688e+00, 1.085644e-03, 1.085095e-03
1.445313e+00, 1.135023e-03, 1.134500e-03
1.460938e+00, 1.185201e-03, 1.184708e-03
1.476563e+00, 1.236088e-03, 1.235629e-03
1.492188e+00, 1.287587e-03, 1.287167e-03
1.507813e+00, 1.339597e-03, 1.339219e-03
1.523438e+00, 1.392008e-03, 1.391676e-03
1.539063e+00, 1.444706e-03, 1.444423e-03
1.554688e+00, 1.497572e-03, 1.497342e-03
1.570313e+00, 1.550479e-03, 1.550305e-03
1.585938e+00, 1.603299e-03, 1.603185e-03
1.601563e+00, 1.655897e-03, 1.655845e-03
1.617188e+00, 1.708136e-03, 1.708150e-03
1.632813e+00, 1.759876e-03, 1.759957e-03
1.648438e+00, 1.810974e-03, 1.811124e-03
1.664063e+00, 1.861284e-03, 1.861504e-03
1.679688e+00, 1.910660e-03, 1.910953e-03
1.695313e+00, 1.958957e-03, 1.959322e-03
1.710938e+00, 2.006027e-03, 2.006465e-03
1.726563e+00, 2.051725e-03, 2.052235e-03
1.742188e+00, 2.095908e-03, 2.096490e-03
1.757813e+00, 2.138433e-03, 2.139087e-03
1.773438e+00, 2.179164e-03, 2.179886e-03
1.789063e+00, 2.217964e-03, 2.218755e-03
1.804688e+00, 2.254706e-03, 2.255561e-03
1.820313e+00, 2.289264e-03, 2.290182e-03
1.835938e+00, 2.321521e-03, 2.322497e-03
1.851563e+00, 2.351364e-03, 2.352395e-03
1.867188e+00, 2.378690e-03, 2.379772e-03
1.882813e+00, 2.403403e-03, 2.404531e-03
1.898438e+00, 2.425414e-03, 2.426584e-03
1.914063e+00, 2.444646e-03, 2.445852e-03
1.929688e+00, 2.461030e-03, 2.462266e-03
1.945313e+00, 2.474505e-03, 2.475767e-03
1.960938e+00, 2.485024e-03, 2.486305e-03
1.976563e+00, 2.492548e-03, 2.493843e-03
1.992188e+00, 2.497050e-03, 2.498352e-03
2.007813e+00, 2.498513e-03, 2.499816e-03
2.023438e+00, 2.496932e-03, 2.498231e-03
2.039063e+00, 2.492313e-03, 2.493601e-03
2.054688e+00, 2.484673e-03, 2.485943e-03
2.070313e+00, 2.474039e-03, 2.475286e-03
2.085938e+00, 2.460450e-03, 2.461668e-03
2.101563e+00, 2.443955e-03, 2.445139e-03
2.117188e+00, 2.424615e-03, 2.425759e-03
2.132813e+00, 2.402497e-03, 2.403597e-03
2.148438e+00, 2.377681e-03, 2.378732e-03
2.164063e+00, 2.350256e-03, 2.351252e-03
2.179688e+00, 2.320317e-03, 2.321256e-03
2.195313e+00, 2.287969e-03, 2.288847e-03
2.210938e+00, 2.253323e-03, 2.254137e-03
2.226563e+00, 2.216499e-03, 2.217246e-03
2.242188e+00, 2.177621e-03, 2.178298e-03
2.257813e+00, 2.136818e-03, 2.137424e-03
2.273438e+00, 2.094224e-03, 2.094759e-03
2.289063e+00, 2.049980e-03, 2.050441e-03
2.304688e+00, 2.004225e-03, 2.004613e-03
2.320313e+00, 1.957103e-03, 1.957418e-03
2.335938e+00, 1.908761e-03, 1.909004e-03
2.351563e+00, 1.859345e-03, 1.859515e-03
2.367188e+00, 1.809000e-03, 1.809101e-03
2.382813e+00, 1.757874e-03, 1.757906e-03
2.398438e+00, 1.706111e-03, 1.706076e-03
2.414063e+00, 1.653853e-03, 1.653755e-03
2.429688e+00, 1.601243e-03, 1.601083e-03
2.445313e+00, 1.548416e-03, 1.548198e-03
2.460938e+00, 1.495506e-03, 1.495233e-03
2.476563e+00, 1.442644e-03, 1.442319e-03
2.492188e+00, 1.389953e-03, 1.389581e-03
2.507813e+00, 1.337554e-03, 1.337138e-03
2.523438e+00, 1.285560e-03, 1.285104e-03
2.539063e+00, 1.234081e-03, 1.233589e-03
2.554688e+00, 1.183219e-03, 1.182695e-03
2.570313e+00, 1.133069e-03, 1.132517e-03
2.585938e+00, 1.083721e-03, 1.083146e-03
2.601563e+00, 1.035259e-03, 1.034663e-03
2.617188e+00, 9.877563e-04, 9.871442e-04
2.632813e+00, 9.412838e-04, 9.406594e-04
2.648438e+00, 8.959032e-04, 8.952702e-04
2.664063e+00, 8.516699e-04, 8.510319e-04
2.679688e+00, 8.086325e-04, 8.079927e-04
2.695313e+00, 7.668328e-04, 7.661944e-04
2.710938e+00, 7.263061e-04, 7.256721e-04
2.726563e+00, 6.870815e-04, 6.864546e-04
2.742188e+00, 6.491816e-04, 6.485645e-04
2.757813e+00, 6.126234e-04, 6.120183e-04
2.773438e+00, 5.774179e-04, 5.768270e-04
2.789063e+00, 5.435709e-04, 5.429961e-04
2.804688e+00, 5.110829e-04, 5.105259e-04
2.820313e+00, 4.799496e-04, 4.794119e-04
2.835938e+00, 4.501622e-04, 4.496449e-04
2.851563e+00, 4.217076e-04, 4.212118e-04
2.867188e+00, 3.945689e-04, 3.940954e-04
2.882813e+00, 3.687254e-04, 3.682749e-04
2.898438e+00, 3.441535e-04, 3.437263e-04
2.914063e+00, 3.208263e-04, 3.204228e-04
2.929688e+00, 2.987147e-04, 2.983348e-04
2.945313e+00, 2.777869e-04, 2.774306e-04
2.960938e+00, 2.580093e-04, 2.576765e-04
2.976563e+00, 2.393468e-04, 2.390370e-04
2.992188e+00, 2.217626e-04, 2.214753e-04
3.007813e+00, 2.052188e-04, 2.049536e-04
3.023438e+00, 1.896768e-04, 1.894330e-04
3.039063e+00, 1.750974e-04, 1.748742e-04
3.054688e+00, 1.614407e-04, 1.612374e-04
3.070313e+00, 1.486670e-04, 1.484826e-04
3.085938e+00, 1.367363e-04, 1.365700e-04
3.101563e+00, 1.256091e-04, 1.254600e-04
3.117188e+00, 1.152461e-04, 1.151132e-04
3.132813e+00, 1.056085e-04, 1.054908e-04
3.148438e+00, 9.665829e-05, 9.655488e-05
3.164063e+00, 8.835821e-05, 8.826809e-05
3.179688e+00, 8.067187e-05, 8.059409e-05
3.195313e+00, 7.356388e-05, 7.349750e-05
3.210938e+00, 6.699994e-05, 6.694404e-05
3.226563e+00, 6.094686e-05, 6.090054e-05
3.242188e+00, 5.537265e-05, 5.533505e-05
3.257813e+00, 5.024655e-05, 5.021685e-05
3.273438e+00, 4.553906e-05, 4.551646e-05
3.289063e+00, 4.122196e-05, 4.120572e-05
3.304688e+00, 3.726833e-05, 3.725773e-05
3.320313e+00, 3.365253e-05, 3.364691e-05
3.335938e+00, 3.035023e-05, 3.034897e-05
3.351563e+00, 2.733837e-05, 2.734090e-05
3.367188e+00, 2.459516e-05, 2.460092e-05
3.382813e+00, 2.210002e-05, 2.210854e-05
3.398438e+00, 1.983361e-05, 1.984442e-05
3.414063e+00, 1.777776e-05, 1.779045e-05
3.429688e+00, 1.591541e-05, 1.592962e-05
3.445313e+00, 1.423064e-05, 1.424602e-05
3.460938e+00, 1.270857e-05, 1.272483e-05
3.476563e+00, 1.133534e-05, 1.135220e-05
3.492188e+00, 1.009806e-05, 1.011529e-05
3.507813e+00, 8.984755e-06, 9.002149e-06
3.523438e+00, 7.984355e-06, 8.001736e-06
3.539063e+00, 7.086610e-06, 7.103823e-06
3.554688e+00, 6.282061e-06, 6.298976e-06
3.570313e+00, 5.561995e-06, 5.578504e-06
3.585938e+00, 4.918398e-06, 4.934412e-06
3.601563e+00, 4.343916e-06, 4.359363e-06
3.617188e+00, 3.831806e-06, 3.846632e-06
3.632813e+00, 3.375903e-06, 3.390066e-06
3.648438e+00, 2.970576e-06, 2.984047e-06
3.664063e+00, 2.610690e-06, 2.623451e-06
3.679688e+00, 2.291575e-06, 2.303617e-06
3.695313e+00, 2.008984e-06, 2.020308e-06
3.710938e+00, 1.759068e-06, 1.769680e-06
3.726563e+00, 1.538340e-06, 1.548253e-06
3.742188e+00, 1.343648e-06, 1.352879e-06
3.757813e+00, 1.172147e-06, 1.180717e-06
3.773438e+00, 1.021272e-06, 1.029207e-06
3.789063e+00, 8.887185e-07, 8.960445e-07
3.804688e+00, 7.724133e-07, 7.791594e-07
3.820313e+00, 6.704987e-07, 6.766951e-07
3.835938e+00, 5.813113e-07, 5.869886e-07
3.851563e+00, 5.033638e-07, 5.085530e-07
3.867188e+00, 4.353290e-07, 4.400609e-07
3.882813e+00, 3.760238e-07, 3.803288e-07
3.898438e+00, 3.243957e-07, 3.283035e-07
3.914063e+00, 2.795096e-07, 2.830492e-07
3.929688e+00, 2.405360e-07, 2.437351e-07
3.945313e+00, 2.067403e-07, 2.096256e-07
3.960938e+00, 1.774727e-07, 1.800696e-07
3.976563e+00, 1.521595e-07, 1.544921e-07
3.992188e+00, 1.302950e-07, 1.323861e-07
4.007813e+00, 1.114340e-07, 1.133048e-07
4.023438e+00, 9.518493e-08, 9.685546e-08
4.039063e+00, 8.120437e-08, 8.269321e-08
4.054688e+00, 6.919124e-08, 7.051566e-08
4.070313e+00, 5.888208e-08, 6.005805e-08
4.085938e+00, 5.004669e-08, 5.108893e-08
4.101563e+00, 4.248422e-08, 4.340625e-08
4.117188e+00, 3.601967e-08, 3.683390e-08
4.132813e+00, 3.050082e-08, 3.121857e-08
4.148438e+00, 2.579543e-08, 2.642703e-08
4.164063e+00, 2.178881e-08, 2.234362e-08
4.179688e+00, 1.838160e-08, 1.886813e-08
4.195313e+00, 1.548788e-08, 1.591380e-08
4.210938e+00, 1.303346e-08, 1.340568e-08
4.226563e+00, 1.095434e-08, 1.127908e-08
4.242188e+00, 9.195408e-09, 9.478262e-09
4.257813e+00, 7.709286e-09, 7.955245e-09
4.273438e+00, 6.455286e-09, 6.668810e-09
4.289063e+00, 5.398521e-09, 5.583583e-09
4.304688e+00, 4.509121e-09, 4.669255e-09
4.320313e+00, 3.761547e-09, 3.899889e-09
4.335938e+00, 3.133998e-09, 3.253319e-09
4.351563e+00, 2.607882e-09, 2.710635e-09
4.367188e+00, 2.167377e-09, 2.255721e-09
4.382813e+00, 1.799027e-09, 1.874864e-09
4.398438e+00, 1.491412e-09, 1.556410e-09
4.414063e+00, 1.234850e-09, 1.290471e-09
4.429688e+00, 1.021144e-09, 1.068667e-09
4.445313e+00, 8.433653e-10, 8.839063e-10
4.460938e+00, 6.956656e-10, 7.301973e-10
4.476563e+00, 5.731140e-10, 6.024820e-10
4.492188e+00, 4.715601e-10, 4.964985e-10
4.507813e+00, 3.875149e-10, 4.086596e-10
4.523438e+00, 3.180496e-10, 3.359506e-10
4.539063e+00, 2.607091e-10, 2.758411e-10
4.554688e+00, 2.134383e-10, 2.262104e-10
4.570313e+00, 1.745190e-10, 1.852832e-10
4.585938e+00, 1.425172e-10, 1.515757e-10
4.601563e+00, 1.162373e-10, 1.238491e-10
4.617188e+00, 9.468415e-11, 1.010709e-10
4.632813e+00, 7.703035e-11, 8.238142e-11
4.648438e+00, 6.258907e-11, 6.706601e-11
4.664063e+00, 5.079093e-11, 5.453126e-11
4.679688e+00, 4.116454e-11, 4.428519e-11
4.695313e+00, 3.332018e-11, 3.592043e-11
4.710938e+00, 2.693609e-11, 2.910009e-11
4.726563e+00, 2.174698e-11, 2.354600e-11
4.742188e+00, 1.753441e-11, 1.902874e-11
4.757813e+00, 1.411874e-11, 1.535934e-11
4.773438e+00, 1.135243e-11, 1.238241e-11
4.789063e+00, 9.114465e-12, 9.970290e-12
4.804688e+00, 7.305677e-12, 8.018263e-12
4.820313e+00, 5.844882e-12, 6.440546e-12
4.835938e+00, 4.665674e-12, 5.166959e-12
4.851563e+00, 3.713746e-12, 4.140162e-12
4.867188e+00, 2.944686e-12, 3.313367e-12
4.882813e+00, 2.322129e-12, 2.648449e-12
4.898438e+00, 1.816237e-12, 2.114383e-12
4.914063e+00, 1.402422e-12, 1.685954e-12
4.929688e+00, 1.060278e-12, 1.342696e-12
4.945313e+00, 7.726873e-13, 1.068020e-12
4.960938e+00, 5.250467e-13, 8.484991e-13
4.976563e+00, 3.046075e-13, 6.732760e-13
4.992188e+00, 9.988397e-14, 5.335865e-13
5.000000e+00, 3.210932e-42, 4.748013e-13


#At time: 1.000195e+02, nsteps= 820


0.000000e+00, 6.360418e-21, 6.931158e-07
7.812500e-03, 8.636377e-08, 7.379513e-07
2.343750e-02, 2.603251e-07, 8.358983e-07
3.906250e-02, 4.378654e-07, 9.459215e-07
5.468750e-02, 6.212297e-07, 1.069382e-06
7.031250e-02, 8.127157e-07, 1.207776e-06
8.593750e-02, 1.014693e-06, 1.362749e-06
1.015625e-01, 1.229621e-06, 1.536107e-06
1.171875e-01, 1.460069e-06, 1.729827e-06
1.328125e-01, 1.708737e-06, 1.946078e-06
1.484375e-01, 1.978472e-06, 2.187225e-06
1.640625e-01, 2.272293e-06, 2.455855e-06
1.796875e-01, 2.593406e-06, 2.754787e-06
1.953125e-01, 2.945232e-06, 3.087089e-06
2.109375e-01, 3.331423e-06, 3.456100e-06
2.265625e-01, 3.755885e-06, 3.865444e-06
2.421875e-01, 4.222804e-06, 4.319052e-06
2.578125e-01, 4.736666e-06, 4.821181e-06
2.734375e-01, 5.302279e-06, 5.376435e-06
2.890625e-01, 5.924801e-06, 5.989786e-06
3.046875e-01, 6.609761e-06, 6.666596e-06
3.203125e-01, 7.363084e-06, 7.412640e-06
3.359375e-01, 8.191115e-06, 8.234129e-06
3.515625e-01, 9.100646e-06, 9.137730e-06
3.671875e-01, 1.009894e-05, 1.013060e-05
3.828125e-01, 1.119375e-05, 1.122038e-05
3.984375e-01, 1.239336e-05, 1.241527e-05
4.140625e-01, 1.370658e-05, 1.372400e-05
4.296875e-01, 1.514281e-05, 1.515588e-05
4.453125e-01, 1.671202e-05, 1.672082e-05
4.609375e-01, 1.842481e-05, 1.842934e-05
4.765625e-01, 2.029240e-05, 2.029262e-05
4.921875e-01, 2.232668e-05, 2.232247e-05
5.078125e-01, 2.454020e-05, 2.453141e-05
5.234375e-01, 2.694621e-05, 2.693263e-05
5.390625e-01, 2.955865e-05, 2.954002e-05
5.546875e-01, 3.239220e-05, 3.236822e-05
5.703125e-01, 3.546226e-05, 3.543258e-05
5.859375e-01, 3.878494e-05, 3.874920e-05
6.015625e-01, 4.237712e-05, 4.233491e-05
6.171875e-01, 4.625642e-05, 4.620729e-05
6.328125e-01, 5.044118e-05, 5.038466e-05
6.484375e-01, 5.495047e-05, 5.488606e-05
6.640625e-01, 5.980408e-05, 5.973127e-05
6.796875e-01, 6.502253e-05, 6.494077e-05
6.953125e-01, 7.062697e-05, 7.053571e-05
7.109375e-01, 7.663924e-05, 7.653791e-05
7.265625e-01, 8.308180e-05, 8.296981e-05
7.421875e-01, 8.997767e-05, 8.985444e-05
7.578125e-01, 9.735042e-05, 9.721537e-05
7.734375e-01, 1.052241e-04, 1.050767e-04
7.890625e-01, 1.136233e-04, 1.134628e-04
8.046875e-01, 1.225727e-04, 1.223987e-04
8.203125e-01, 1.320975e-04, 1.319095e-04
8.359375e-01, 1.422232e-04, 1.420206e-04
8.515625e-01, 1.529751e-04, 1.527574e-04
8.671875e-01, 1.643789e-04, 1.641457e-04
8.828125e-01, 1.764599e-04, 1.762108e-04
8.984375e-01, 1.892435e-04, 1.889781e-04
9.140625e-01, 2.027546e-04, 2.024726e-04
9.296875e-01, 2.170179e-04, 2.167191e-04
9.453125e-01, 2.320574e-04, 2.317416e-04
9.609375e-01, 2.478964e-04, 2.475636e-04
9.765625e-01, 2.645576e-04, 2.642077e-04
9.921875e-01, 2.820626e-04, 2.816956e-04
1.007813e+00, 3.004318e-04, 3.000480e-04
1.023438e+00, 3.196844e-04, 3.192841e-04
1.039063e+00, 3.398383e-04, 3.394218e-04
1.054688e+00, 3.609098e-04, 3.604776e-04
1.070313e+00, 3.829131e-04, 3.824658e-04
1.085938e+00, 4.058610e-04, 4.053993e-04
1.101563e+00, 4.297637e-04, 4.292886e-04
1.117188e+00, 4.546296e-04, 4.541419e-04
1.132813e+00, 4.804644e-04, 4.799653e-04
1.148438e+00, 5.072712e-04, 5.067619e-04
1.164063e+00, 5.350506e-04, 5.345325e-04
1.179688e+00, 5.638000e-04, 5.632746e-04
1.195313e+00, 5.935140e-04, 5.929829e-04
1.210938e+00, 6.241840e-04, 6.236489e-04
1.226563e+00, 6.557978e-04, 6.552606e-04
1.242188e+00, 6.883400e-04, 6.878028e-04
1.257813e+00, 7.217918e-04, 7.212565e-04
1.273438e+00, 7.561303e-04, 7.555993e-04
1.289063e+00, 7.913292e-04, 7.908047e-04
1.304688e+00, 8.273583e-04, 8.268428e-04
1.320313e+00, 8.641836e-04, 8.636794e-04
1.335938e+00, 9.017669e-04, 9.012767e-04
1.351563e+00, 9.400665e-04, 9.395927e-04
1.367188e+00, 9.790364e-04, 9.785818e-04
1.382813e+00, 1.018627e-03, 1.018194e-03
1.398438e+00, 1.058784e-03, 1.058376e-03
1.414063e+00, 1.099451e-03, 1.099070e-03
1.429688e+00, 1.140566e-03, 1.140214e-03
1.445313e+00, 1.182064e-03, 1.181745e-03
1.460938e+00, 1.223877e-03, 1.223593e-03
1.476563e+00, 1.265933e-03, 1.265686e-03
1.492188e+00, 1.308157e-03, 1.307950e-03
1.507813e+00, 1.350470e-03, 1.350306e-03
1.523438e+00, 1.392793e-03, 1.392673e-03
1.539063e+00, 1.435041e-03, 1.434968e-03
1.554688e+00, 1.477129e-03, 1.477104e-03
1.570313e+00, 1.518969e-03, 1.518993e-03
1.585938e+00, 1.560470e-03, 1.560546e-03
1.601563e+00, 1.601542e-03, 1.601671e-03
1.617188e+00, 1.642093e-03, 1.642275e-03
1.632813e+00, 1.682029e-03, 1.682266e-03
1.648438e+00, 1.721256e-03, 1.721548e-03
1.664063e+00, 1.759681e-03, 1.760029e-03
1.679688e+00, 1.797210e-03, 1.797613e-03
1.695313e+00, 1.833749e-03, 1.834208e-03
1.710938e+00, 1.869208e-03, 1.869722e-03
1.726563e+00, 1.903495e-03, 1.904063e-03
1.742188e+00, 1.936522e-03, 1.937143e-03
1.757813e+00, 1.968201e-03, 1.968874e-03
1.773438e+00, 1.998448e-03, 1.999172e-03
1.789063e+00, 2.027182e-03, 2.027955e-03
1.804688e+00, 2.054325e-03, 2.055144e-03
1.820313e+00, 2.079803e-03, 2.080666e-03
1.835938e+00, 2.103544e-03, 2.104449e-03
1.851563e+00, 2.125483e-03, 2.126426e-03
1.867188e+00, 2.145557e-03, 2.146536e-03
1.882813e+00, 2.163710e-03, 2.164721e-03
1.898438e+00, 2.179890e-03, 2.180930e-03
1.914063e+00, 2.194051e-03, 2.195116e-03
1.929688e+00, 2.206152e-03, 2.207238e-03
1.945313e+00, 2.216157e-03, 2.217261e-03
1.960938e+00, 2.224038e-03, 2.225156e-03
1.976563e+00, 2.229772e-03, 2.230899e-03
1.992188e+00, 2.233342e-03, 2.234475e-03
2.007813e+00, 2.234738e-03, 2.235872e-03
2.023438e+00, 2.233955e-03, 2.235086e-03
2.039063e+00, 2.230996e-03, 2.232121e-03
2.054688e+00, 2.225870e-03, 2.226983e-03
2.070313e+00, 2.218591e-03, 2.219689e-03
2.085938e+00, 2.209181e-03, 2.210260e-03
2.101563e+00, 2.197667e-03, 2.198723e-03
2.117188e+00, 2.184082e-03, 2.185112e-03
2.132813e+00, 2.168466e-03, 2.169465e-03
2.148438e+00, 2.150863e-03, 2.151829e-03
2.164063e+00, 2.131324e-03, 2.132253e-03
2.179688e+00, 2.109904e-03, 2.110793e-03
2.195313e+00, 2.086663e-03, 2.087509e-03
2.210938e+00, 2.061667e-03, 2.062468e-03
2.226563e+00, 2.034985e-03, 2.035738e-03
2.242188e+00, 2.006690e-03, 2.007394e-03
2.257813e+00, 1.976860e-03, 1.977513e-03
2.273438e+00, 1.945575e-03, 1.946175e-03
2.289063e+00, 1.912919e-03, 1.913465e-03
2.304688e+00, 1.878977e-03, 1.879468e-03
2.320313e+00, 1.843839e-03, 1.844274e-03
2.335938e+00, 1.807593e-03, 1.807973e-03
2.351563e+00, 1.770333e-03, 1.770656e-03
2.367188e+00, 1.732150e-03, 1.732417e-03
2.382813e+00, 1.693138e-03, 1.693350e-03
2.398438e+00, 1.653391e-03, 1.653549e-03
2.414063e+00, 1.613003e-03, 1.613107e-03
2.429688e+00, 1.572067e-03, 1.572118e-03
2.445313e+00, 1.530676e-03, 1.530676e-03
2.460938e+00, 1.488922e-03, 1.488872e-03
2.476563e+00, 1.446894e-03, 1.446796e-03
2.492188e+00, 1.404681e-03, 1.404537e-03
2.507813e+00, 1.362369e-03, 1.362182e-03
2.523438e+00, 1.320044e-03, 1.319814e-03
2.539063e+00, 1.277785e-03, 1.277517e-03
2.554688e+00, 1.235673e-03, 1.235368e-03
2.570313e+00, 1.193784e-03, 1.193444e-03
2.585938e+00, 1.152189e-03, 1.151817e-03
2.601563e+00, 1.110958e-03, 1.110558e-03
2.617188e+00, 1.070158e-03, 1.069731e-03
2.632813e+00, 1.029850e-03, 1.029400e-03
2.648438e+00, 9.900938e-04, 9.896225e-04
2.664063e+00, 9.509431e-04, 9.504536e-04
2.679688e+00, 9.124492e-04, 9.119441e-04
2.695313e+00, 8.746591e-04, 8.741410e-04
2.710938e+00, 8.376157e-04, 8.370872e-04
2.726563e+00, 8.013582e-04, 8.008218e-04
2.742188e+00, 7.659218e-04, 7.653798e-04
2.757813e+00, 7.313377e-04, 7.307925e-04
2.773438e+00, 6.976334e-04, 6.970872e-04
2.789063e+00, 6.648326e-04, 6.642875e-04
2.804688e+00, 6.329554e-04, 6.324133e-04
2.820313e+00, 6.020181e-04, 6.014809e-04
2.835938e+00, 5.720338e-04, 5.715032e-04
2.851563e+00, 5.430120e-04, 5.424896e-04
2.867188e+00, 5.149591e-04, 5.144464e-04
2.882813e+00, 4.878784e-04, 4.873768e-04
2.898438e+00, 4.617702e-04, 4.612809e-04
2.914063e+00, 4.366322e-04, 4.361562e-04
2.929688e+00, 4.124593e-04, 4.119975e-04
2.945313e+00, 3.892438e-04, 3.887971e-04
2.960938e+00, 3.669761e-04, 3.665451e-04
2.976563e+00, 3.456441e-04, 3.452294e-04
2.992188e+00, 3.252338e-04, 3.248360e-04
3.007813e+00, 3.057297e-04, 3.053490e-04
3.023438e+00, 2.871142e-04, 2.867508e-04
3.039063e+00, 2.693685e-04, 2.690226e-04
3.054688e+00, 2.524725e-04, 2.521442e-04
3.070313e+00, 2.364049e-04, 2.360941e-04
3.085938e+00, 2.211434e-04, 2.208498e-04
3.101563e+00, 2.066647e-04, 2.063883e-04
3.117188e+00, 1.929450e-04, 1.926855e-04
3.132813e+00, 1.799599e-04, 1.797169e-04
3.148438e+00, 1.676845e-04, 1.674575e-04
3.164063e+00, 1.560935e-04, 1.558822e-04
3.179688e+00, 1.451614e-04, 1.449654e-04
3.195313e+00, 1.348629e-04, 1.346815e-04
3.210938e+00, 1.251724e-04, 1.250050e-04
3.226563e+00, 1.160644e-04, 1.159106e-04
3.242188e+00, 1.075137e-04, 1.073729e-04
3.257813e+00, 9.949552e-05, 9.936699e-05
3.273438e+00, 9.198510e-05, 9.186828e-05
3.289063e+00, 8.495831e-05, 8.485256e-05
3.304688e+00, 7.839143e-05, 7.829613e-05
3.320313e+00, 7.226126e-05, 7.217580e-05
3.335938e+00, 6.654520e-05, 6.646895e-05
3.351563e+00, 6.122124e-05, 6.115360e-05
3.367188e+00, 5.626802e-05, 5.620839e-05
3.382813e+00, 5.166485e-05, 5.161266e-05
3.398438e+00, 4.739175e-05, 4.734643e-05
3.414063e+00, 4.342944e-05, 4.339046e-05
3.429688e+00, 3.975938e-05, 3.972622e-05
3.445313e+00, 3.636376e-05, 3.633591e-05
3.460938e+00, 3.322551e-05, 3.320251e-05
3.476563e+00, 3.032832e-05, 3.030971e-05
3.492188e+00, 2.765659e-05, 2.764194e-05
3.507813e+00, 2.519547e-05, 2.518437e-05
3.523438e+00, 2.293084e-05, 2.292291e-05
3.539063e+00, 2.084927e-05, 2.084416e-05
3.554688e+00, 1.893804e-05, 1.893542e-05
3.570313e+00, 1.718512e-05, 1.718468e-05
3.585938e+00, 1.557914e-05, 1.558059e-05
3.601563e+00, 1.410936e-05, 1.411245e-05
3.617188e+00, 1.276570e-05, 1.277017e-05
3.632813e+00, 1.153864e-05, 1.154428e-05
3.648438e+00, 1.041928e-05, 1.042589e-05
3.664063e+00, 9.399267e-06, 9.406658e-06
3.679688e+00, 8.470771e-06, 8.478783e-06
3.695313e+00, 7.626490e-06, 7.634975e-06
3.710938e+00, 6.859606e-06, 6.868433e-06
3.726563e+00, 6.163767e-06, 6.172821e-06
3.742188e+00, 5.533067e-06, 5.542244e-06
3.757813e+00, 4.962015e-06, 4.971226e-06
3.773438e+00, 4.445521e-06, 4.454689e-06
3.789063e+00, 3.978868e-06, 3.987927e-06
3.804688e+00, 3.557695e-06, 3.566588e-06
3.820313e+00, 3.177972e-06, 3.186652e-06
3.835938e+00, 2.835983e-06, 2.844410e-06
3.851563e+00, 2.528303e-06, 2.536447e-06
3.867188e+00, 2.251784e-06, 2.259620e-06
3.882813e+00, 2.003531e-06, 2.011041e-06
3.898438e+00, 1.780891e-06, 1.788061e-06
3.914063e+00, 1.581431e-06, 1.588253e-06
3.929688e+00, 1.402926e-06, 1.409396e-06
3.945313e+00, 1.243343e-06, 1.249460e-06
3.960938e+00, 1.100826e-06, 1.106592e-06
3.976563e+00, 9.736834e-07, 9.791042e-07
3.992188e+00, 8.603757e-07, 8.654582e-07
4.007813e+00, 7.595034e-07, 7.642566e-07
4.023438e+00, 6.697959e-07, 6.742303e-07
4.039063e+00, 5.901010e-07, 5.942282e-07
4.054688e+00, 5.193751e-07, 5.232078e-07
4.070313e+00, 4.566746e-07, 4.602260e-07
4.085938e+00, 4.011469e-07, 4.044306e-07
4.101563e+00, 3.520227e-07, 3.550527e-07
4.117188e+00, 3.086089e-07, 3.113993e-07
4.132813e+00, 2.702819e-07, 2.728464e-07
4.148438e+00, 2.364808e-07, 2.388333e-07
4.164063e+00, 2.067022e-07, 2.088563e-07
4.179688e+00, 1.804947e-07, 1.824635e-07
4.195313e+00, 1.574542e-07, 1.592504e-07
4.210938e+00, 1.372189e-07, 1.388549e-07
4.226563e+00, 1.194658e-07, 1.209532e-07
4.242188e+00, 1.039067e-07, 1.052567e-07
4.257813e+00, 9.028444e-08, 9.150782e-08
4.273438e+00, 7.837040e-08, 7.947718e-08
4.289063e+00, 6.796117e-08, 6.896086e-08
4.304688e+00, 5.887612e-08, 5.977765e-08
4.320313e+00, 5.095501e-08, 5.176676e-08
4.335938e+00, 4.405588e-08, 4.478567e-08
4.351563e+00, 3.805311e-08, 3.870821e-08
4.367188e+00, 3.283564e-08, 3.342282e-08
4.382813e+00, 2.830544e-08, 2.883095e-08
4.398438e+00, 2.437604e-08, 2.484568e-08
4.414063e+00, 2.097129e-08, 2.139039e-08
4.429688e+00, 1.802420e-08, 1.839765e-08
4.445313e+00, 1.547588e-08, 1.580819e-08
4.460938e+00, 1.327465e-08, 1.356994e-08
4.476563e+00, 1.137520e-08, 1.163723e-08
4.492188e+00, 9.737847e-09, 9.970043e-09
4.507813e+00, 8.327889e-09, 8.533369e-09
4.523438e+00, 7.114995e-09, 7.296591e-09
4.539063e+00, 6.072697e-09, 6.232976e-09
4.554688e+00, 5.177923e-09, 5.319206e-09
4.570313e+00, 4.410583e-09, 4.534967e-09
4.585938e+00, 3.753204e-09, 3.862579e-09
4.601563e+00, 3.190606e-09, 3.286674e-09
4.617188e+00, 2.709614e-09, 2.793906e-09
4.632813e+00, 2.298811e-09, 2.372701e-09
4.648438e+00, 1.948307e-09, 2.013029e-09
4.664063e+00, 1.649552e-09, 1.706212e-09
4.679688e+00, 1.395158e-09, 1.444748e-09
4.695313e+00, 1.178747e-09, 1.222157e-09
4.710938e+00, 9.948209e-10, 1.032851e-09
4.726563e+00, 8.386455e-10, 8.720165e-10
4.742188e+00, 7.061459e-10, 7.355081e-10
4.757813e+00, 5.938188e-10, 6.197638e-10
4.773438e+00, 4.986548e-10, 5.217241e-10
4.789063e+00, 4.180701e-10, 4.387645e-10
4.804688e+00, 3.498474e-10, 3.686363e-10
4.820313e+00, 2.920841e-10, 3.094145e-10
4.835938e+00, 2.431473e-10, 2.594533e-10
4.851563e+00, 2.016343e-10, 2.173470e-10
4.867188e+00, 1.663385e-10, 1.818963e-10
4.882813e+00, 1.362192e-10, 1.520794e-10
4.898438e+00, 1.103752e-10, 1.270260e-10
4.914063e+00, 8.802160e-11, 1.059963e-10
4.929688e+00, 6.846949e-11, 8.836189e-11
4.945313e+00, 5.110713e-11, 7.358938e-11
4.960938e+00, 3.538362e-11, 6.122675e-11
4.976563e+00, 2.079363e-11, 5.089127e-11
4.992188e+00, 6.863277e-12, 4.225920e-11
5.000000e+00, 3.335345e-42, 3.849473e-11


