#At time: 0.000000e+00, nsteps= 0


0.000000e+00, 2.124177e-20, 2.124177e-20
7.812500e-03, 2.901634e-20, 2.901634e-20
2.343750e-02, 5.394562e-20, 5.394562e-20
3.906250e-02, 9.980425e-20, 9.980425e-20
5.468750e-02, 1.837475e-19, 1.837475e-19
7.031250e-02, 3.366457e-19, 3.366457e-19
8.593750e-02, 6.137680e-19, 6.137680e-19
1.015625e-01, 1.113563e-18, 1.113563e-18
1.171875e-01, 2.010504e-18, 2.010504e-18
1.328125e-01, 3.612221e-18, 3.612221e-18
1.484375e-01, 6.458373e-18, 6.458373e-18
1.640625e-01, 1.149083e-17, 1.149083e-17
1.796875e-01, 2.034506e-17, 2.034506e-17
1.953125e-01, 3.584645e-17, 3.584645e-17
2.109375e-01, 6.285107e-17, 6.285107e-17
2.265625e-01, 1.096626e-16, 1.096626e-16
2.421875e-01, 1.904075e-16, 1.904075e-16
2.578125e-01, 3.289946e-16, 3.289946e-16
2.734375e-01, 5.656829e-16, 5.656829e-16
2.890625e-01, 9.679138e-16, 9.679138e-16
3.046875e-01, 1.648085e-15, 1.648085e-15
3.203125e-01, 2.792558e-15, 2.792558e-15
3.359375e-01, 4.708734e-15, 4.708734e-15
3.515625e-01, 7.901061e-15, 7.901061e-15
3.671875e-01, 1.319308e-14, 1.319308e-14
3.828125e-01, 2.192231e-14, 2.192231e-14
3.984375e-01, 3.624983e-14, 3.624983e-14
4.140625e-01, 5.964924e-14, 5.964924e-14
4.296875e-01, 9.767499e-14, 9.767499e-14
4.453125e-01, 1.591627e-13, 1.591627e-13
4.609375e-01, 2.580944e-13, 2.580944e-13
4.765625e-01, 4.164810e-13, 4.164810e-13
4.921875e-01, 6.687924e-13, 6.687924e-13
5.078125e-01, 1.068727e-12, 1.068727e-12
5.234375e-01, 1.699503e-12, 1.699503e-12
5.390625e-01, 2.689405e-12, 2.689405e-12
5.546875e-01, 4.235162e-12, 4.235162e-12
5.703125e-01, 6.636869e-12, 6.636869e-12
5.859375e-01, 1.034989e-11, 1.034989e-11
6.015625e-01, 1.606157e-11, 1.606157e-11
6.171875e-01, 2.480387e-11, 2.480387e-11
6.328125e-01, 3.811802e-11, 3.811802e-11
6.484375e-01, 5.829357e-11, 5.829357e-11
6.640625e-01, 8.871364e-11, 8.871364e-11
6.796875e-01, 1.343506e-10, 1.343506e-10
6.953125e-01, 2.024735e-10, 2.024735e-10
7.109375e-01, 3.036520e-10, 3.036520e-10
7.265625e-01, 4.531726e-10, 4.531726e-10
7.421875e-01, 6.730239e-10, 6.730239e-10
7.578125e-01, 9.946649e-10, 9.946649e-10
7.734375e-01, 1.462859e-09, 1.462859e-09
7.890625e-01, 2.140955e-09, 2.140955e-09
8.046875e-01, 3.118115e-09, 3.118115e-09
8.203125e-01, 4.519144e-09, 4.519144e-09
8.359375e-01, 6.517777e-09, 6.517777e-09
8.515625e-01, 9.354538e-09, 9.354538e-09
8.671875e-01, 1.336056e-08, 1.336056e-08
8.828125e-01, 1.898918e-08, 1.898918e-08
8.984375e-01, 2.685761e-08, 2.685761e-08
9.140625e-01, 3.780139e-08, 3.780139e-08
9.296875e-01, 5.294534e-08, 5.294534e-08
9.453125e-01, 7.379502e-08, 7.379502e-08
9.609375e-01, 1.023542e-07, 1.023542e-07
9.765625e-01, 1.412746e-07, 1.412746e-07
9.921875e-01, 1.940446e-07, 1.940446e-07
1.007813e+00, 2.652275e-07, 2.652275e-07
1.023438e+00, 3.607573e-07, 3.607573e-07
1.039063e+00, 4.883047e-07, 4.883047e-07
1.054688e+00, 6.577278e-07, 6.577278e-07
1.070313e+00, 8.816190e-07, 8.816190e-07
1.085938e+00, 1.175967e-06, 1.175967e-06
1.101563e+00, 1.560949e-06, 1.560949e-06
1.117188e+00, 2.061872e-06, 2.061872e-06
1.132813e+00, 2.710279e-06, 2.710279e-06
1.148438e+00, 3.545241e-06, 3.545241e-06
1.164063e+00, 4.614844e-06, 4.614844e-06
1.179688e+00, 5.977887e-06, 5.977887e-06
1.195313e+00, 7.705801e-06, 7.705801e-06
1.210938e+00, 9.884787e-06, 9.884787e-06
1.226563e+00, 1.261817e-05, 1.261817e-05
1.242188e+00, 1.602893e-05, 1.602893e-05
1.257813e+00, 2.026247e-05, 2.026247e-05
1.273438e+00, 2.548940e-05, 2.548940e-05
1.289063e+00, 3.190848e-05, 3.190848e-05
1.304688e+00, 3.974955e-05, 3.974955e-05
1.320313e+00, 4.927625e-05, 4.927625e-05
1.335938e+00, 6.078865e-05, 6.078865e-05
1.351563e+00, 7.462543e-05, 7.462543e-05
1.367188e+00, 9.116550e-05, 9.116550e-05
1.382813e+00, 1.108291e-04, 1.108291e-04
1.398438e+00, 1.340776e-04, 1.340776e-04
1.414063e+00, 1.614129e-04, 1.614129e-04
1.429688e+00, 1.933747e-04, 1.933747e-04
1.445313e+00, 2.305369e-04, 2.305369e-04
1.460938e+00, 2.735021e-04, 2.735021e-04
1.476563e+00, 3.228943e-04, 3.228943e-04
1.492188e+00, 3.793495e-04, 3.793495e-04
1.507813e+00, 4.435045e-04, 4.435045e-04
1.523438e+00, 5.159836e-04, 5.159836e-04
1.539063e+00, 5.973836e-04, 5.973836e-04
1.554688e+00, 6.882561e-04, 6.882561e-04
1.570313e+00, 7.890895e-04, 7.890895e-04
1.585938e+00, 9.002888e-04, 9.002888e-04
1.601563e+00, 1.022155e-03, 1.022155e-03
1.617188e+00, 1.154865e-03, 1.154865e-03
1.632813e+00, 1.298450e-03, 1.298450e-03
1.648438e+00, 1.452776e-03, 1.452776e-03
1.664063e+00, 1.617526e-03, 1.617526e-03
1.679688e+00, 1.792187e-03, 1.792187e-03
1.695313e+00, 1.976037e-03, 1.976037e-03
1.710938e+00, 2.168133e-03, 2.168133e-03
1.726563e+00, 2.367317e-03, 2.367317e-03
1.742188e+00, 2.572209e-03, 2.572209e-03
1.757813e+00, 2.781221e-03, 2.781221e-03
1.773438e+00, 2.992569e-03, 2.992569e-03
1.789063e+00, 3.204293e-03, 3.204293e-03
1.804688e+00, 3.414285e-03, 3.414285e-03
1.820313e+00, 3.620318e-03, 3.620318e-03
1.835938e+00, 3.820086e-03, 3.820086e-03
1.851563e+00, 4.011242e-03, 4.011242e-03
1.867188e+00, 4.191448e-03, 4.191448e-03
1.882813e+00, 4.358417e-03, 4.358417e-03
1.898438e+00, 4.509961e-03, 4.509961e-03
1.914063e+00, 4.644043e-03, 4.644043e-03
1.929688e+00, 4.758819e-03, 4.758819e-03
1.945313e+00, 4.852678e-03, 4.852678e-03
1.960938e+00, 4.924285e-03, 4.924285e-03
1.976563e+00, 4.972609e-03, 4.972609e-03
1.992188e+00, 4.996949e-03, 4.996949e-03
2.007813e+00, 4.996949e-03, 4.996949e-03
2.023438e+00, 4.972609e-03, 4.972609e-03
2.039063e+00, 4.924285e-03, 4.924285e-03
2.054688e+00, 4.852678e-03, 4.852678e-03
2.070313e+00, 4.758819e-03, 4.758819e-03
2.085938e+00, 4.644043e-03, 4.644043e-03
2.101563e+00, 4.509961e-03, 4.509961e-03
2.117188e+00, 4.358417e-03, 4.358417e-03
2.132813e+00, 4.191448e-03, 4.191448e-03
2.148438e+00, 4.011242e-03, 4.011242e-03
2.164063e+00, 3.820086e-03, 3.820086e-03
2.179688e+00, 3.620318e-03, 3.620318e-03
2.195313e+00, 3.414285e-03, 3.414285e-03
2.210938e+00, 3.204293e-03, 3.204293e-03
2.226563e+00, 2.992569e-03, 2.992569e-03
2.242188e+00, 2.781221e-03, 2.781221e-03
2.257813e+00, 2.572209e-03, 2.572209e-03
2.273438e+00, 2.367317e-03, 2.367317e-03
2.289063e+00, 2.168133e-03, 2.168133e-03
2.304688e+00, 1.976037e-03, 1.976037e-03
2.320313e+00, 1.792187e-03, 1.792187e-03
2.335938e+00, 1.617526e-03, 1.617526e-03
2.351563e+00, 1.452776e-03, 1.452776e-03
2.367188e+00, 1.298450e-03, 1.298450e-03
2.382813e+00, 1.154865e-03, 1.154865e-03
2.398438e+00, 1.022155e-03, 1.022155e-03
2.414063e+00, 9.002888e-04, 9.002888e-04
2.429688e+00, 7.890895e-04, 7.890895e-04
2.445313e+00, 6.882561e-04, 6.882561e-04
2.460938e+00, 5.973836e-04, 5.973836e-04
2.476563e+00, 5.159836e-04, 5.159836e-04
2.492188e+00, 4.435045e-04, 4.435045e-04
2.507813e+00, 3.793495e-04, 3.793495e-04
2.523438e+00, 3.228943e-04, 3.228943e-04
2.539063e+00, 2.735021e-04, 2.735021e-04
2.554688e+00, 2.305369e-04, 2.305369e-04
2.570313e+00, 1.933747e-04, 1.933747e-04
2.585938e+00, 1.614129e-04, 1.614129e-04
2.601563e+00, 1.340776e-04, 1.340776e-04
2.617188e+00, 1.108291e-04, 1.108291e-04
2.632813e+00, 9.116550e-05, 9.116550e-05
2.648438e+00, 7.462543e-05, 7.462543e-05
2.664063e+00, 6.078865e-05, 6.078865e-05
2.679688e+00, 4.927625e-05, 4.927625e-05
2.695313e+00, 3.974955e-05, 3.974955e-05
2.710938e+00, 3.190848e-05, 3.190848e-05
2.726563e+00, 2.548940e-05, 2.548940e-05
2.742188e+00, 2.026247e-05, 2.026247e-05
2.757813e+00, 1.602893e-05, 1.602893e-05
2.773438e+00, 1.261817e-05, 1.261817e-05
2.789063e+00, 9.884787e-06, 9.884787e-06
2.804688e+00, 7.705801e-06, 7.705801e-06
2.820313e+00, 5.977887e-06, 5.977887e-06
2.835938e+00, 4.614844e-06, 4.614844e-06
2.851563e+00, 3.545241e-06, 3.545241e-06
2.867188e+00, 2.710279e-06, 2.710279e-06
2.882813e+00, 2.061872e-06, 2.061872e-06
2.898438e+00, 1.560949e-06, 1.560949e-06
2.914063e+00, 1.175967e-06, 1.175967e-06
2.929688e+00, 8.816190e-07, 8.816190e-07
2.945313e+00, 6.577278e-07, 6.577278e-07
2.960938e+00, 4.883047e-07, 4.883047e-07
2.976563e+00, 3.607573e-07, 3.607573e-07
2.992188e+00, 2.652275e-07, 2.652275e-07
3.007813e+00, 1.940446e-07, 1.940446e-07
3.023438e+00, 1.412746e-07, 1.412746e-07
3.039063e+00, 1.023542e-07, 1.023542e-07
3.054688e+00, 7.379502e-08, 7.379502e-08
3.070313e+00, 5.294534e-08, 5.294534e-08
3.085938e+00, 3.780139e-08, 3.780139e-08
3.101563e+00, 2.685761e-08, 2.685761e-08
3.117188e+00, 1.898918e-08, 1.898918e-08
3.132813e+00, 1.336056e-08, 1.336056e-08
3.148438e+00, 9.354538e-09, 9.354538e-09
3.164063e+00, 6.517777e-09, 6.517777e-09
3.179688e+00, 4.519144e-09, 4.519144e-09
3.195313e+00, 3.118115e-09, 3.118115e-09
3.210938e+00, 2.140955e-09, 2.140955e-09
3.226563e+00, 1.462859e-09, 1.462859e-09
3.242188e+00, 9.946649e-10, 9.946649e-10
3.257813e+00, 6.730239e-10, 6.730239e-10
3.273438e+00, 4.531726e-10, 4.531726e-10
3.289063e+00, 3.036520e-10, 3.036520e-10
3.304688e+00, 2.024735e-10, 2.024735e-10
3.320313e+00, 1.343506e-10, 1.343506e-10
3.335938e+00, 8.871364e-11, 8.871364e-11
3.351563e+00, 5.829357e-11, 5.829357e-11
3.367188e+00, 3.811802e-11, 3.811802e-11
3.382813e+00, 2.480387e-11, 2.480387e-11
3.398438e+00, 1.606157e-11, 1.606157e-11
3.414063e+00, 1.034989e-11, 1.034989e-11
3.429688e+00, 6.636869e-12, 6.636869e-12
3.445313e+00, 4.235162e-12, 4.235162e-12
3.460938e+00, 2.689405e-12, 2.689405e-12
3.476563e+00, 1.699503e-12, 1.699503e-12
3.492188e+00, 1.068727e-12, 1.068727e-12
3.507813e+00, 6.687924e-13, 6.687924e-13
3.523438e+00, 4.164810e-13, 4.164810e-13
3.539063e+00, 2.580944e-13, 2.580944e-13
3.554688e+00, 1.591627e-13, 1.591627e-13
3.570313e+00, 9.767499e-14, 9.767499e-14
3.585938e+00, 5.964924e-14, 5.964924e-14
3.601563e+00, 3.624983e-14, 3.624983e-14
3.617188e+00, 2.192231e-14, 2.192231e-14
3.632813e+00, 1.319308e-14, 1.319308e-14
3.648438e+00, 7.901061e-15, 7.901061e-15
3.664063e+00, 4.708734e-15, 4.708734e-15
3.679688e+00, 2.792558e-15, 2.792558e-15
3.695313e+00, 1.648085e-15, 1.648085e-15
3.710938e+00, 9.679138e-16, 9.679138e-16
3.726563e+00, 5.656829e-16, 5.656829e-16
3.742188e+00, 3.289946e-16, 3.289946e-16
3.757813e+00, 1.904075e-16, 1.904075e-16
3.773438e+00, 1.096626e-16, 1.096626e-16
3.789063e+00, 6.285107e-17, 6.285107e-17
3.804688e+00, 3.584645e-17, 3.584645e-17
3.820313e+00, 2.034506e-17, 2.034506e-17
3.835938e+00, 1.149083e-17, 1.149083e-17
3.851563e+00, 6.458373e-18, 6.458373e-18
3.867188e+00, 3.612221e-18, 3.612221e-18
3.882813e+00, 2.010504e-18, 2.010504e-18
3.898438e+00, 1.113563e-18, 1.113563e-18
3.914063e+00, 6.137680e-19, 6.137680e-19
3.929688e+00, 3.366457e-19, 3.366457e-19
3.945313e+00, 1.837475e-19, 1.837475e-19
3.960938e+00, 9.980425e-20, 9.980425e-20
3.976563e+00, 5.394562e-20, 5.394562e-20
3.992188e+00, 2.901634e-20, 2.901634e-20
4.007813e+00, 1.553133e-20, 1.553133e-20
4.023438e+00, 8.272828e-21, 8.272828e-21
4.039063e+00, 4.385093e-21, 4.385093e-21
4.054688e+00, 2.313039e-21, 2.313039e-21
4.070313e+00, 1.214134e-21, 1.214134e-21
4.085938e+00, 6.342051e-22, 6.342051e-22
4.101563e+00, 3.296645e-22, 3.296645e-22
4.117188e+00, 1.705274e-22, 1.705274e-22
4.132813e+00, 8.777996e-23, 8.777996e-23
4.148438e+00, 4.496516e-23, 4.496516e-23
4.164063e+00, 2.292114e-23, 2.292114e-23
4.179688e+00, 1.162722e-23, 1.162722e-23
4.195313e+00, 5.869416e-24, 5.869416e-24
4.210938e+00, 2.948447e-24, 2.948447e-24
4.226563e+00, 1.473911e-24, 1.473911e-24
4.242188e+00, 7.332101e-25, 7.332101e-25
4.257813e+00, 3.629653e-25, 3.629653e-25
4.273438e+00, 1.788057e-25, 1.788057e-25
4.289063e+00, 8.765502e-26, 8.765502e-26
4.304688e+00, 4.276138e-26, 4.276138e-26
4.320313e+00, 2.075899e-26, 2.075899e-26
4.335938e+00, 1.002859e-26, 1.002859e-26
4.351563e+00, 4.821178e-27, 4.821178e-27
4.367188e+00, 2.306459e-27, 2.306459e-27
4.382813e+00, 1.098039e-27, 1.098039e-27
4.398438e+00, 5.201988e-28, 5.201988e-28
4.414063e+00, 2.452450e-28, 2.452450e-28
4.429688e+00, 1.150563e-28, 1.150563e-28
4.445313e+00, 5.371559e-29, 5.371559e-29
4.460938e+00, 2.495568e-29, 2.495568e-29
4.476563e+00, 1.153767e-29, 1.153767e-29
4.492188e+00, 5.308186e-30, 5.308186e-30
4.507813e+00, 2.430264e-30, 2.430264e-30
4.523438e+00, 1.107236e-30, 1.107236e-30
4.539063e+00, 5.020034e-31, 5.020034e-31
4.554688e+00, 2.264917e-31, 2.264917e-31
4.570313e+00, 1.016898e-31, 1.016898e-31
4.585938e+00, 4.543411e-32, 4.543411e-32
4.601563e+00, 2.020068e-32, 2.020068e-32
4.617188e+00, 8.937774e-33, 8.937774e-33
4.632813e+00, 3.935249e-33, 3.935249e-33
4.648438e+00, 1.724227e-33, 1.724227e-33
4.664063e+00, 7.517892e-34, 7.517892e-34
4.679688e+00, 3.261949e-34, 3.261949e-34
4.695313e+00, 1.408438e-34, 1.408438e-34
4.710938e+00, 6.051702e-35, 6.051702e-35
4.726563e+00, 2.587598e-35, 2.587598e-35
4.742188e+00, 1.101021e-35, 1.101021e-35
4.757813e+00, 4.662017e-36, 4.662017e-36
4.773438e+00, 1.964407e-36, 1.964407e-36
4.789063e+00, 8.236988e-37, 8.236988e-37
4.804688e+00, 3.437042e-37, 3.437042e-37
4.820313e+00, 1.427187e-37, 1.427187e-37
4.835938e+00, 5.897338e-38, 5.897338e-38
4.851563e+00, 2.424994e-38, 2.424994e-38
4.867188e+00, 9.923043e-39, 9.923043e-39
4.882813e+00, 4.040717e-39, 4.040717e-39
4.898438e+00, 1.637387e-39, 1.637387e-39
4.914063e+00, 6.602734e-40, 6.602734e-40
4.929688e+00, 2.649571e-40, 2.649571e-40
4.945313e+00, 1.058052e-40, 1.058052e-40
4.960938e+00, 4.204531e-41, 4.204531e-41
4.976563e+00, 1.662676e-41, 1.662676e-41
4.992188e+00, 6.543003e-42, 6.543003e-42
5.000000e+00, 4.097006e-42, 4.097006e-42


#At time: 2.502441e+01, nsteps= 205


0.000000e+00, 1.501653e-20, 7.356961e-12
7.812500e-03, 2.036575e-12, 8.597880e-12
2.343750e-02, 6.300106e-12, 1.172148e-11
3.906250e-02, 1.115052e-11, 1.594093e-11
5.468750e-02, 1.703263e-11, 2.162644e-11
7.031250e-02, 2.447562e-11, 2.926825e-11
8.593750e-02, 3.413492e-11, 3.951380e-11
1.015625e-01, 4.684300e-11, 5.321584e-11
1.171875e-01, 6.367218e-11, 7.149461e-11
1.328125e-01, 8.601363e-11, 9.581774e-11
1.484375e-01, 1.156775e-10, 1.281028e-10
1.640625e-01, 1.550202e-10, 1.708488e-10
1.796875e-01, 2.071060e-10, 2.273030e-10
1.953125e-01, 2.759129e-10, 3.016745e-10
2.109375e-01, 3.665938e-10, 3.994040e-10
2.265625e-01, 4.858064e-10, 5.275048e-10
2.421875e-01, 6.421306e-10, 6.949933e-10
2.578125e-01, 8.465932e-10, 9.134295e-10
2.734375e-01, 1.113327e-09, 1.197594e-09
2.890625e-01, 1.460396e-09, 1.566335e-09
3.046875e-01, 1.910821e-09, 2.043618e-09
3.203125e-01, 2.493863e-09, 2.659837e-09
3.359375e-01, 3.246605e-09, 3.453430e-09
3.515625e-01, 4.215910e-09, 4.472872e-09
3.671875e-01, 5.460835e-09, 5.779131e-09
3.828125e-01, 7.055590e-09, 7.448671e-09
3.984375e-01, 9.093162e-09, 9.577128e-09
4.140625e-01, 1.168973e-08, 1.228378e-08
4.296875e-01, 1.499003e-08, 1.571698e-08
4.453125e-01, 1.917388e-08, 2.006070e-08
4.609375e-01, 2.446400e-08, 2.554251e-08
4.765625e-01, 3.113546e-08, 3.244301e-08
4.921875e-01, 3.952706e-08, 4.110731e-08
5.078125e-01, 5.005476e-08, 5.195856e-08
5.234375e-01, 6.322790e-08, 6.551420e-08
5.390625e-01, 7.966824e-08, 8.240509e-08
5.546875e-01, 1.001326e-07, 1.033982e-07
5.703125e-01, 1.255393e-07, 1.294231e-07
5.859375e-01, 1.569997e-07, 1.616036e-07
6.015625e-01, 1.958544e-07, 2.012938e-07
6.171875e-01, 2.437160e-07, 2.501210e-07
6.328125e-01, 3.025180e-07, 3.100346e-07
6.484375e-01, 3.745722e-07, 3.833630e-07
6.640625e-01, 4.626341e-07, 4.728796e-07
6.796875e-01, 5.699778e-07, 5.818770e-07
6.953125e-01, 7.004820e-07, 7.142530e-07
7.109375e-01, 8.587276e-07, 8.746073e-07
7.265625e-01, 1.050107e-06, 1.068352e-06
7.421875e-01, 1.280951e-06, 1.301835e-06
7.578125e-01, 1.558662e-06, 1.582478e-06
7.734375e-01, 1.891877e-06, 1.918932e-06
7.890625e-01, 2.290635e-06, 2.321250e-06
8.046875e-01, 2.766567e-06, 2.801072e-06
8.203125e-01, 3.333109e-06, 3.371840e-06
8.359375e-01, 4.005726e-06, 4.049019e-06
8.515625e-01, 4.802162e-06, 4.850348e-06
8.671875e-01, 5.742708e-06, 5.796105e-06
8.828125e-01, 6.850487e-06, 6.909392e-06
8.984375e-01, 8.151762e-06, 8.216439e-06
9.140625e-01, 9.676254e-06, 9.746925e-06
9.296875e-01, 1.145748e-05, 1.153432e-05
9.453125e-01, 1.353312e-05, 1.361621e-05
9.609375e-01, 1.594533e-05, 1.603471e-05
9.765625e-01, 1.874116e-05, 1.883675e-05
9.921875e-01, 2.197291e-05, 2.207452e-05
1.007813e+00, 2.569845e-05, 2.580576e-05
1.023438e+00, 2.998161e-05, 3.009416e-05
1.039063e+00, 3.489251e-05, 3.500967e-05
1.054688e+00, 4.050782e-05, 4.062881e-05
1.070313e+00, 4.691109e-05, 4.703492e-05
1.085938e+00, 5.419291e-05, 5.431840e-05
1.101563e+00, 6.245110e-05, 6.257686e-05
1.117188e+00, 7.179079e-05, 7.191521e-05
1.132813e+00, 8.232444e-05, 8.244569e-05
1.148438e+00, 9.417173e-05, 9.428778e-05
1.164063e+00, 1.074594e-04, 1.075680e-04
1.179688e+00, 1.223209e-04, 1.224196e-04
1.195313e+00, 1.388961e-04, 1.389822e-04
1.210938e+00, 1.573303e-04, 1.574010e-04
1.226563e+00, 1.777739e-04, 1.778263e-04
1.242188e+00, 2.003814e-04, 2.004125e-04
1.257813e+00, 2.253103e-04, 2.253170e-04
1.273438e+00, 2.527196e-04, 2.526988e-04
1.289063e+00, 2.827688e-04, 2.827175e-04
1.304688e+00, 3.156160e-04, 3.155313e-04
1.320313e+00, 3.514162e-04, 3.512954e-04
1.335938e+00, 3.903194e-04, 3.901599e-04
1.351563e+00, 4.324683e-04, 4.322679e-04
1.367188e+00, 4.779963e-04, 4.777533e-04
1.382813e+00, 5.270248e-04, 5.267379e-04
1.398438e+00, 5.796611e-04, 5.793295e-04
1.414063e+00, 6.359956e-04, 6.356191e-04
1.429688e+00, 6.960993e-04, 6.956784e-04
1.445313e+00, 7.600209e-04, 7.595569e-04
1.460938e+00, 8.277847e-04, 8.272796e-04
1.476563e+00, 8.993879e-04, 8.988445e-04
1.492188e+00, 9.747980e-04, 9.742200e-04
1.507813e+00, 1.053951e-03, 1.053343e-03
1.523438e+00, 1.136749e-03, 1.136116e-03
1.539063e+00, 1.223059e-03, 1.222407e-03
1.554688e+00, 1.312710e-03, 1.312046e-03
1.570313e+00, 1.405495e-03, 1.404827e-03
1.585938e+00, 1.501167e-03, 1.500502e-03
1.601563e+00, 1.599440e-03, 1.598787e-03
1.617188e+00, 1.699989e-03, 1.699358e-03
1.632813e+00, 1.802454e-03, 1.801854e-03
1.648438e+00, 1.906435e-03, 1.905874e-03
1.664063e+00, 2.011498e-03, 2.010987e-03
1.679688e+00, 2.117178e-03, 2.116725e-03
1.695313e+00, 2.222979e-03, 2.222593e-03
1.710938e+00, 2.328379e-03, 2.328067e-03
1.726563e+00, 2.432834e-03, 2.432604e-03
1.742188e+00, 2.535781e-03, 2.535640e-03
1.757813e+00, 2.636645e-03, 2.636598e-03
1.773438e+00, 2.734842e-03, 2.734894e-03
1.789063e+00, 2.829788e-03, 2.829940e-03
1.804688e+00, 2.920898e-03, 2.921153e-03
1.820313e+00, 3.007599e-03, 3.007957e-03
1.835938e+00, 3.089332e-03, 3.089791e-03
1.851563e+00, 3.165559e-03, 3.166116e-03
1.867188e+00, 3.235768e-03, 3.236419e-03
1.882813e+00, 3.299482e-03, 3.300220e-03
1.898438e+00, 3.356259e-03, 3.357077e-03
1.914063e+00, 3.405701e-03, 3.406591e-03
1.929688e+00, 3.447459e-03, 3.448409e-03
1.945313e+00, 3.481233e-03, 3.482234e-03
1.960938e+00, 3.506780e-03, 3.507819e-03
1.976563e+00, 3.523915e-03, 3.524981e-03
1.992188e+00, 3.532514e-03, 3.533593e-03
2.007813e+00, 3.532514e-03, 3.533593e-03
2.023438e+00, 3.523915e-03, 3.524981e-03
2.039063e+00, 3.506780e-03, 3.507819e-03
2.054688e+00, 3.481233e-03, 3.482234e-03
2.070313e+00, 3.447459e-03, 3.448409e-03
2.085938e+00, 3.405701e-03, 3.406591e-03
2.101563e+00, 3.356259e-03, 3.357077e-03
2.117188e+00, 3.299482e-03, 3.300220e-03
2.132813e+00, 3.235768e-03, 3.236419e-03
2.148438e+00, 3.165559e-03, 3.166116e-03
2.164063e+00, 3.089332e-03, 3.089791e-03
2.179688e+00, 3.007599e-03, 3.007957e-03
2.195313e+00, 2.920898e-03, 2.921153e-03
2.210938e+00, 2.829788e-03, 2.829940e-03
2.226563e+00, 2.734842e-03, 2.734894e-03
2.242188e+00, 2.636645e-03, 2.636598e-03
2.257813e+00, 2.535781e-03, 2.535640e-03
2.273438e+00, 2.432834e-03, 2.432604e-03
2.289063e+00, 2.328379e-03, 2.328067e-03
2.304688e+00, 2.222979e-03, 2.222593e-03
2.320313e+00, 2.117178e-03, 2.116725e-03
2.335938e+00, 2.011498e-03, 2.010987e-03
2.351563e+00, 1.906435e-03, 1.905874e-03
2.367188e+00, 1.802454e-03, 1.801854e-03
2.382813e+00, 1.699989e-03, 1.699358e-03
2.398438e+00, 1.599440e-03, 1.598787e-03
2.414063e+00, 1.501167e-03, 1.500502e-03
2.429688e+00, 1.405495e-03, 1.404827e-03
2.445313e+00, 1.312710e-03, 1.312046e-03
2.460938e+00, 1.223059e-03, 1.222407e-03
2.476563e+00, 1.136749e-03, 1.136116e-03
2.492188e+00, 1.053951e-03, 1.053343e-03
2.507813e+00, 9.747980e-04, 9.742200e-04
2.523438e+00, 8.993879e-04, 8.988445e-04
2.539063e+00, 8.277847e-04, 8.272796e-04
2.554688e+00, 7.600209e-04, 7.595569e-04
2.570313e+00, 6.960993e-04, 6.956784e-04
2.585938e+00, 6.359956e-04, 6.356191e-04
2.601563e+00, 5.796611e-04, 5.793295e-04
2.617188e+00, 5.270248e-04, 5.267379e-04
2.632813e+00, 4.779963e-04, 4.777533e-04
2.648438e+00, 4.324683e-04, 4.322679e-04
2.664063e+00, 3.903194e-04, 3.901599e-04
2.679688e+00, 3.514162e-04, 3.512954e-04
2.695313e+00, 3.156160e-04, 3.155313e-04
2.710938e+00, 2.827688e-04, 2.827175e-04
2.726563e+00, 2.527196e-04, 2.526988e-04
2.742188e+00, 2.253103e-04, 2.253170e-04
2.757813e+00, 2.003814e-04, 2.004125e-04
2.773438e+00, 1.777739e-04, 1.778263e-04
2.789063e+00, 1.573303e-04, 1.574010e-04
2.804688e+00, 1.388961e-04, 1.389822e-04
2.820313e+00, 1.223209e-04, 1.224196e-04
2.835938e+00, 1.074594e-04, 1.075680e-04
2.851563e+00, 9.417173e-05, 9.428778e-05
2.867188e+00, 8.232444e-05, 8.244569e-05
2.882813e+00, 7.179079e-05, 7.191521e-05
2.898438e+00, 6.245110e-05, 6.257686e-05
2.914063e+00, 5.419291e-05, 5.431840e-05
2.929688e+00, 4.691109e-05, 4.703492e-05
2.945313e+00, 4.050782e-05, 4.062881e-05
2.960938e+00, 3.489251e-05, 3.500967e-05
2.976563e+00, 2.998161e-05, 3.009416e-05
2.992188e+00, 2.569845e-05, 2.580576e-05
3.007813e+00, 2.197291e-05, 2.207452e-05
3.023438e+00, 1.874116e-05, 1.883675e-05
3.039063e+00, 1.594533e-05, 1.603471e-05
3.054688e+00, 1.353312e-05, 1.361621e-05
3.070313e+00, 1.145748e-05, 1.153432e-05
3.085938e+00, 9.676254e-06, 9.746925e-06
3.101563e+00, 8.151762e-06, 8.216439e-06
3.117188e+00, 6.850487e-06, 6.909392e-06
3.132813e+00, 5.742708e-06, 5.796105e-06
3.148438e+00, 4.802162e-06, 4.850348e-06
3.164063e+00, 4.005726e-06, 4.049019e-06
3.179688e+00, 3.333109e-06, 3.371840e-06
3.195313e+00, 2.766567e-06, 2.801072e-06
3.210938e+00, 2.290635e-06, 2.321250e-06
3.226563e+00, 1.891877e-06, 1.918932e-06
3.242188e+00, 1.558662e-06, 1.582478e-06
3.257813e+00, 1.280951e-06, 1.301835e-06
3.273438e+00, 1.050107e-06, 1.068352e-06
3.289063e+00, 8.587276e-07, 8.746073e-07
3.304688e+00, 7.004820e-07, 7.142530e-07
3.320313e+00, 5.699778e-07, 5.818770e-07
3.335938e+00, 4.626341e-07, 4.728796e-07
3.351563e+00, 3.745722e-07, 3.833630e-07
3.367188e+00, 3.025180e-07, 3.100346e-07
3.382813e+00, 2.437160e-07, 2.501210e-07
3.398438e+00, 1.958544e-07, 2.012938e-07
3.414063e+00, 1.569997e-07, 1.616036e-07
3.429688e+00, 1.255393e-07, 1.294231e-07
3.445313e+00, 1.001326e-07, 1.033982e-07
3.460938e+00, 7.966824e-08, 8.240509e-08
3.476563e+00, 6.322790e-08, 6.551420e-08
3.492188e+00, 5.005476e-08, 5.195856e-08
3.507813e+00, 3.952706e-08, 4.110731e-08
3.523438e+00, 3.113546e-08, 3.244301e-08
3.539063e+00, 2.446400e-08, 2.554251e-08
3.554688e+00, 1.917388e-08, 2.006070e-08
3.570313e+00, 1.499003e-08, 1.571698e-08
3.585938e+00, 1.168973e-08, 1.228378e-08
3.601563e+00, 9.093163e-09, 9.577128e-09
3.617188e+00, 7.055591e-09, 7.448671e-09
3.632813e+00, 5.460837e-09, 5.779131e-09
3.648438e+00, 4.215913e-09, 4.472872e-09
3.664063e+00, 3.246609e-09, 3.453430e-09
3.679688e+00, 2.493869e-09, 2.659837e-09
3.695313e+00, 1.910829e-09, 2.043618e-09
3.710938e+00, 1.460407e-09, 1.566335e-09
3.726563e+00, 1.113344e-09, 1.197594e-09
3.742188e+00, 8.466173e-10, 9.134295e-10
3.757813e+00, 6.421650e-10, 6.949933e-10
3.773438e+00, 4.858556e-10, 5.275048e-10
3.789063e+00, 3.666639e-10, 3.994040e-10
3.804688e+00, 2.760124e-10, 3.016745e-10
3.820313e+00, 2.072468e-10, 2.273030e-10
3.835938e+00, 1.552191e-10, 1.708488e-10
3.851563e+00, 1.159577e-10, 1.281028e-10
3.867188e+00, 8.640738e-11, 9.581774e-11
3.882813e+00, 6.422406e-11, 7.149461e-11
3.898438e+00, 4.761455e-11, 5.321584e-11
3.914063e+00, 3.521079e-11, 3.951380e-11
3.929688e+00, 2.597199e-11, 2.926825e-11
3.945313e+00, 1.910853e-11, 2.162644e-11
3.960938e+00, 1.402301e-11, 1.594093e-11
3.976563e+00, 1.026470e-11, 1.172148e-11
3.992188e+00, 7.494477e-12, 8.597880e-12
4.007813e+00, 5.457902e-12, 6.291303e-12
4.023438e+00, 3.964593e-12, 4.592298e-12
4.039063e+00, 2.872495e-12, 3.343949e-12
4.054688e+00, 2.075901e-12, 2.429012e-12
4.070313e+00, 1.496374e-12, 1.760110e-12
4.085938e+00, 1.075867e-12, 1.272302e-12
4.101563e+00, 7.715451e-13, 9.174463e-13
4.117188e+00, 5.518835e-13, 6.599506e-13
4.132813e+00, 3.937458e-13, 4.735681e-13
4.148438e+00, 2.801987e-13, 3.389954e-13
4.164063e+00, 1.988827e-13, 2.420724e-13
4.179688e+00, 1.408016e-13, 1.724396e-13
4.195313e+00, 9.942535e-14, 1.225375e-13
4.210938e+00, 7.002686e-14, 8.686425e-14
4.226563e+00, 4.919366e-14, 6.142618e-14
4.242188e+00, 3.446909e-14, 4.333174e-14
4.257813e+00, 2.408938e-14, 3.049292e-14
4.273438e+00, 1.679174e-14, 2.140583e-14
4.289063e+00, 1.167452e-14, 1.499013e-14
4.304688e+00, 8.095705e-15, 1.047174e-14
4.320313e+00, 5.599403e-15, 7.297477e-15
4.335938e+00, 3.862772e-15, 5.073022e-15
4.351563e+00, 2.657822e-15, 3.518041e-15
4.367188e+00, 1.823984e-15, 2.433747e-15
4.382813e+00, 1.248486e-15, 1.679539e-15
4.398438e+00, 8.523398e-16, 1.156232e-15
4.414063e+00, 5.803730e-16, 7.940359e-16
4.429688e+00, 3.941541e-16, 5.439707e-16
4.445313e+00, 2.669859e-16, 3.717501e-16
4.460938e+00, 1.803736e-16, 2.534352e-16
4.476563e+00, 1.215399e-16, 1.723547e-16
4.492188e+00, 8.168175e-17, 1.169282e-16
4.507813e+00, 5.475080e-17, 7.913267e-17
4.523438e+00, 3.660278e-17, 5.342353e-17
4.539063e+00, 2.440589e-17, 3.597904e-17
4.554688e+00, 1.623048e-17, 2.417167e-17
4.570313e+00, 1.076522e-17, 1.619959e-17
4.585938e+00, 7.121453e-18, 1.083033e-17
4.601563e+00, 4.698583e-18, 7.223034e-18
4.617188e+00, 3.091839e-18, 4.805491e-18
4.632813e+00, 2.029165e-18, 3.189305e-18
4.648438e+00, 1.328212e-18, 2.111518e-18
4.664063e+00, 8.670931e-19, 1.394548e-18
4.679688e+00, 5.645615e-19, 9.187821e-19
4.695313e+00, 3.666088e-19, 6.038537e-19
4.710938e+00, 2.374321e-19, 3.959052e-19
4.726563e+00, 1.533627e-19, 2.589351e-19
4.742188e+00, 9.879676e-20, 1.689394e-19
4.757813e+00, 6.347563e-20, 1.099540e-19
4.773438e+00, 4.067350e-20, 7.138902e-20
4.789063e+00, 2.599290e-20, 4.623726e-20
4.804688e+00, 1.656666e-20, 2.987397e-20
4.820313e+00, 1.053052e-20, 1.925458e-20
4.835938e+00, 6.675652e-21, 1.237985e-20
4.851563e+00, 4.220417e-21, 7.940298e-21
4.867188e+00, 2.660765e-21, 5.080408e-21
4.882813e+00, 1.672532e-21, 3.242654e-21
4.898438e+00, 1.047774e-21, 2.064633e-21
4.914063e+00, 6.534063e-22, 1.311370e-21
4.929688e+00, 4.043699e-22, 8.308984e-22
4.945313e+00, 2.462716e-22, 5.251832e-22
4.960938e+00, 1.441256e-22, 3.311417e-22
4.976563e+00, 7.501503e-23, 2.082847e-22
4.992188e+00, 2.321319e-23, 1.306896e-22
5.000000e+00, 2.896314e-42, 1.034273e-22


#At time: 5.004883e+01, nsteps= 410


0.000000e+00, 1.225995e-20, 4.714574e-09
7.812500e-03, 9.428931e-10, 5.230747e-09
2.343750e-02, 2.865620e-09, 6.430969e-09
3.906250e-02, 4.900352e-09, 7.893740e-09
5.468750e-02, 7.125732e-09, 9.673480e-09
7.031250e-02, 9.626461e-09, 1.183522e-08
8.593750e-02, 1.249592e-08, 1.445651e-08
1.015625e-01, 1.583902e-08, 1.762967e-08
1.171875e-01, 1.977525e-08, 2.146439e-08
1.328125e-01, 2.444219e-08, 2.609075e-08
1.484375e-01, 2.999925e-08, 3.166271e-08
1.640625e-01, 3.663211e-08, 3.836218e-08
1.796875e-01, 4.455749e-08, 4.640363e-08
1.953125e-01, 5.402881e-08, 5.603951e-08
2.109375e-01, 6.534241e-08, 6.756632e-08
2.265625e-01, 7.884473e-08, 8.133170e-08
2.421875e-01, 9.494047e-08, 9.774240e-08
2.578125e-01, 1.141018e-07, 1.172735e-07
2.734375e-01, 1.368787e-07, 1.404786e-07
2.890625e-01, 1.639111e-07, 1.680019e-07
3.046875e-01, 1.959418e-07, 2.005911e-07
3.203125e-01, 2.338320e-07, 2.391128e-07
3.359375e-01, 2.785777e-07, 2.845690e-07
3.515625e-01, 3.313290e-07, 3.381161e-07
3.671875e-01, 3.934113e-07, 4.010863e-07
3.828125e-01, 4.663487e-07, 4.750107e-07
3.984375e-01, 5.518905e-07, 5.616459e-07
4.140625e-01, 6.520403e-07, 6.630028e-07
4.296875e-01, 7.690884e-07, 7.813789e-07
4.453125e-01, 9.056470e-07, 9.193940e-07
4.609375e-01, 1.064690e-06, 1.080029e-06
4.765625e-01, 1.249594e-06, 1.266667e-06
4.921875e-01, 1.464189e-06, 1.483143e-06
5.078125e-01, 1.712804e-06, 1.733794e-06
5.234375e-01, 2.000328e-06, 2.023511e-06
5.390625e-01, 2.332263e-06, 2.357800e-06
5.546875e-01, 2.714797e-06, 2.742851e-06
5.703125e-01, 3.154865e-06, 3.185598e-06
5.859375e-01, 3.660227e-06, 3.693800e-06
6.015625e-01, 4.239546e-06, 4.276114e-06
6.171875e-01, 4.902469e-06, 4.942184e-06
6.328125e-01, 5.659720e-06, 5.702720e-06
6.484375e-01, 6.523187e-06, 6.569598e-06
6.640625e-01, 7.506018e-06, 7.555952e-06
6.796875e-01, 8.622726e-06, 8.676272e-06
6.953125e-01, 9.889287e-06, 9.946509e-06
7.109375e-01, 1.132325e-05, 1.138418e-05
7.265625e-01, 1.294383e-05, 1.300848e-05
7.421875e-01, 1.477205e-05, 1.484038e-05
7.578125e-01, 1.683080e-05, 1.690273e-05
7.734375e-01, 1.914500e-05, 1.922041e-05
7.890625e-01, 2.174165e-05, 2.182035e-05
8.046875e-01, 2.464998e-05, 2.473173e-05
8.203125e-01, 2.790150e-05, 2.798600e-05
8.359375e-01, 3.153013e-05, 3.161701e-05
8.515625e-01, 3.557226e-05, 3.566107e-05
8.671875e-01, 4.006681e-05, 4.015703e-05
8.828125e-01, 4.505529e-05, 4.514632e-05
8.984375e-01, 5.058186e-05, 5.067301e-05
9.140625e-01, 5.669333e-05, 5.678383e-05
9.296875e-01, 6.343916e-05, 6.352816e-05
9.453125e-01, 7.087147e-05, 7.095801e-05
9.609375e-01, 7.904494e-05, 7.912800e-05
9.765625e-01, 8.801679e-05, 8.809527e-05
9.921875e-01, 9.784666e-05, 9.791936e-05
1.007813e+00, 1.085964e-04, 1.086621e-04
1.023438e+00, 1.203302e-04, 1.203875e-04
1.039063e+00, 1.331138e-04, 1.331613e-04
1.054688e+00, 1.470148e-04, 1.470512e-04
1.070313e+00, 1.621022e-04, 1.621259e-04
1.085938e+00, 1.784460e-04, 1.784555e-04
1.101563e+00, 1.961167e-04, 1.961107e-04
1.117188e+00, 2.151854e-04, 2.151622e-04
1.132813e+00, 2.357226e-04, 2.356809e-04
1.148438e+00, 2.577984e-04, 2.577367e-04
1.164063e+00, 2.814816e-04, 2.813986e-04
1.179688e+00, 3.068389e-04, 3.067334e-04
1.195313e+00, 3.339349e-04, 3.338058e-04
1.210938e+00, 3.628309e-04, 3.626772e-04
1.226563e+00, 3.935844e-04, 3.934053e-04
1.242188e+00, 4.262484e-04, 4.260434e-04
1.257813e+00, 4.608708e-04, 4.606393e-04
1.273438e+00, 4.974931e-04, 4.972351e-04
1.289063e+00, 5.361504e-04, 5.358659e-04
1.304688e+00, 5.768701e-04, 5.765595e-04
1.320313e+00, 6.196711e-04, 6.193351e-04
1.335938e+00, 6.645636e-04, 6.642031e-04
1.351563e+00, 7.115475e-04, 7.111639e-04
1.367188e+00, 7.606126e-04, 7.602074e-04
1.382813e+00, 8.117372e-04, 8.113123e-04
1.398438e+00, 8.648878e-04, 8.644455e-04
1.414063e+00, 9.200186e-04, 9.195616e-04
1.429688e+00, 9.770709e-04, 9.766020e-04
1.445313e+00, 1.035973e-03, 1.035495e-03
1.460938e+00, 1.096638e-03, 1.096155e-03
1.476563e+00, 1.158967e-03, 1.158483e-03
1.492188e+00, 1.222846e-03, 1.222365e-03
1.507813e+00, 1.288148e-03, 1.287673e-03
1.523438e+00, 1.354730e-03, 1.354266e-03
1.539063e+00, 1.422437e-03, 1.421988e-03
1.554688e+00, 1.491099e-03, 1.490670e-03
1.570313e+00, 1.560534e-03, 1.560130e-03
1.585938e+00, 1.630548e-03, 1.630172e-03
1.601563e+00, 1.700934e-03, 1.700591e-03
1.617188e+00, 1.771474e-03, 1.771168e-03
1.632813e+00, 1.841941e-03, 1.841677e-03
1.648438e+00, 1.912098e-03, 1.911880e-03
1.664063e+00, 1.981703e-03, 1.981534e-03
1.679688e+00, 2.050504e-03, 2.050387e-03
1.695313e+00, 2.118247e-03, 2.118185e-03
1.710938e+00, 2.184674e-03, 2.184668e-03
1.726563e+00, 2.249523e-03, 2.249576e-03
1.742188e+00, 2.312534e-03, 2.312647e-03
1.757813e+00, 2.373450e-03, 2.373623e-03
1.773438e+00, 2.432013e-03, 2.432248e-03
1.789063e+00, 2.487975e-03, 2.488269e-03
1.804688e+00, 2.541090e-03, 2.541444e-03
1.820313e+00, 2.591125e-03, 2.591537e-03
1.835938e+00, 2.637855e-03, 2.638322e-03
1.851563e+00, 2.681067e-03, 2.681586e-03
1.867188e+00, 2.720562e-03, 2.721130e-03
1.882813e+00, 2.756157e-03, 2.756770e-03
1.898438e+00, 2.787684e-03, 2.788338e-03
1.914063e+00, 2.814994e-03, 2.815683e-03
1.929688e+00, 2.837956e-03, 2.838676e-03
1.945313e+00, 2.856460e-03, 2.857205e-03
1.960938e+00, 2.870418e-03, 2.871181e-03
1.976563e+00, 2.879760e-03, 2.880536e-03
1.992188e+00, 2.884443e-03, 2.885225e-03
2.007813e+00, 2.884443e-03, 2.885225e-03
2.023438e+00, 2.879760e-03, 2.880536e-03
2.039063e+00, 2.870418e-03, 2.871181e-03
2.054688e+00, 2.856460e-03, 2.857205e-03
2.070313e+00, 2.837956e-03, 2.838676e-03
2.085938e+00, 2.814994e-03, 2.815683e-03
2.101563e+00, 2.787684e-03, 2.788338e-03
2.117188e+00, 2.756157e-03, 2.756770e-03
2.132813e+00, 2.720562e-03, 2.721130e-03
2.148438e+00, 2.681067e-03, 2.681586e-03
2.164063e+00, 2.637855e-03, 2.638322e-03
2.179688e+00, 2.591125e-03, 2.591537e-03
2.195313e+00, 2.541090e-03, 2.541444e-03
2.210938e+00, 2.487975e-03, 2.488269e-03
2.226563e+00, 2.432013e-03, 2.432248e-03
2.242188e+00, 2.373450e-03, 2.373623e-03
2.257813e+00, 2.312534e-03, 2.312647e-03
2.273438e+00, 2.249523e-03, 2.249576e-03
2.289063e+00, 2.184674e-03, 2.184668e-03
2.304688e+00, 2.118247e-03, 2.118185e-03
2.320313e+00, 2.050504e-03, 2.050387e-03
2.335938e+00, 1.981703e-03, 1.981534e-03
2.351563e+00, 1.912098e-03, 1.911880e-03
2.367188e+00, 1.841941e-03, 1.841677e-03
2.382813e+00, 1.771474e-03, 1.771168e-03
2.398438e+00, 1.700934e-03, 1.700591e-03
2.414063e+00, 1.630548e-03, 1.630172e-03
2.429688e+00, 1.560534e-03, 1.560130e-03
2.445313e+00, 1.491099e-03, 1.490670e-03
2.460938e+00, 1.422437e-03, 1.421988e-03
2.476563e+00, 1.354730e-03, 1.354266e-03
2.492188e+00, 1.288148e-03, 1.287673e-03
2.507813e+00, 1.222846e-03, 1.222365e-03
2.523438e+00, 1.158967e-03, 1.158483e-03
2.539063e+00, 1.096638e-03, 1.096155e-03
2.554688e+00, 1.035973e-03, 1.035495e-03
2.570313e+00, 9.770709e-04, 9.766020e-04
2.585938e+00, 9.200186e-04, 9.195616e-04
2.601563e+00, 8.648878e-04, 8.644455e-04
2.617188e+00, 8.117372e-04, 8.113123e-04
2.632813e+00, 7.606126e-04, 7.602074e-04
2.648438e+00, 7.115475e-04, 7.111639e-04
2.664063e+00, 6.645636e-04, 6.642031e-04
2.679688e+00, 6.196711e-04, 6.193351e-04
2.695313e+00, 5.768701e-04, 5.765595e-04
2.710938e+00, 5.361504e-04, 5.358659e-04
2.726563e+00, 4.974931e-04, 4.972351e-04
2.742188e+00, 4.608708e-04, 4.606393e-04
2.757813e+00, 4.262484e-04, 4.260434e-04
2.773438e+00, 3.935844e-04, 3.934053e-04
2.789063e+00, 3.628309e-04, 3.626772e-04
2.804688e+00, 3.339349e-04, 3.338058e-04
2.820313e+00, 3.068389e-04, 3.067334e-04
2.835938e+00, 2.814816e-04, 2.813986e-04
2.851563e+00, 2.577984e-04, 2.577367e-04
2.867188e+00, 2.357226e-04, 2.356809e-04
2.882813e+00, 2.151854e-04, 2.151622e-04
2.898438e+00, 1.961167e-04, 1.961107e-04
2.914063e+00, 1.784460e-04, 1.784555e-04
2.929688e+00, 1.621022e-04, 1.621259e-04
2.945313e+00, 1.470148e-04, 1.470512e-04
2.960938e+00, 1.331138e-04, 1.331613e-04
2.976563e+00, 1.203302e-04, 1.203875e-04
2.992188e+00, 1.085964e-04, 1.086621e-04
3.007813e+00, 9.784666e-05, 9.791936e-05
3.023438e+00, 8.801679e-05, 8.809527e-05
3.039063e+00, 7.904494e-05, 7.912800e-05
3.054688e+00, 7.087147e-05, 7.095801e-05
3.070313e+00, 6.343916e-05, 6.352816e-05
3.085938e+00, 5.669333e-05, 5.678383e-05
3.101563e+00, 5.058186e-05, 5.067301e-05
3.117188e+00, 4.505529e-05, 4.514632e-05
3.132813e+00, 4.006681e-05, 4.015703e-05
3.148438e+00, 3.557226e-05, 3.566107e-05
3.164063e+00, 3.153013e-05, 3.161701e-05
3.179688e+00, 2.790150e-05, 2.798600e-05
3.195313e+00, 2.464998e-05, 2.473173e-05
3.210938e+00, 2.174165e-05, 2.182035e-05
3.226563e+00, 1.914500e-05, 1.922041e-05
3.242188e+00, 1.683080e-05, 1.690273e-05
3.257813e+00, 1.477205e-05, 1.484038e-05
3.273438e+00, 1.294383e-05, 1.300848e-05
3.289063e+00, 1.132325e-05, 1.138418e-05
3.304688e+00, 9.889287e-06, 9.946509e-06
3.320313e+00, 8.622726e-06, 8.676272e-06
3.335938e+00, 7.506018e-06, 7.555952e-06
3.351563e+00, 6.523187e-06, 6.569598e-06
3.367188e+00, 5.659721e-06, 5.702720e-06
3.382813e+00, 4.902470e-06, 4.942184e-06
3.398438e+00, 4.239546e-06, 4.276114e-06
3.414063e+00, 3.660228e-06, 3.693800e-06
3.429688e+00, 3.154866e-06, 3.185598e-06
3.445313e+00, 2.714798e-06, 2.742851e-06
3.460938e+00, 2.332265e-06, 2.357800e-06
3.476563e+00, 2.000329e-06, 2.023511e-06
3.492188e+00, 1.712806e-06, 1.733794e-06
3.507813e+00, 1.464191e-06, 1.483143e-06
3.523438e+00, 1.249598e-06, 1.266667e-06
3.539063e+00, 1.064694e-06, 1.080029e-06
3.554688e+00, 9.056527e-07, 9.193940e-07
3.570313e+00, 7.690958e-07, 7.813789e-07
3.585938e+00, 6.520499e-07, 6.630028e-07
3.601563e+00, 5.519028e-07, 5.616459e-07
3.617188e+00, 4.663645e-07, 4.750107e-07
3.632813e+00, 3.934316e-07, 4.010863e-07
3.648438e+00, 3.313550e-07, 3.381161e-07
3.664063e+00, 2.786110e-07, 2.845690e-07
3.679688e+00, 2.338745e-07, 2.391128e-07
3.695313e+00, 1.959961e-07, 2.005911e-07
3.710938e+00, 1.639802e-07, 1.680019e-07
3.726563e+00, 1.369666e-07, 1.404786e-07
3.742188e+00, 1.142133e-07, 1.172735e-07
3.757813e+00, 9.508187e-08, 9.774240e-08
3.773438e+00, 7.902362e-08, 8.133170e-08
3.789063e+00, 6.556834e-08, 6.756632e-08
3.804688e+00, 5.431369e-08, 5.603951e-08
3.820313e+00, 4.491608e-08, 4.640363e-08
3.835938e+00, 3.708273e-08, 3.836218e-08
3.851563e+00, 3.056457e-08, 3.166271e-08
3.867188e+00, 2.515021e-08, 2.609075e-08
3.882813e+00, 2.066052e-08, 2.146439e-08
3.898438e+00, 1.694403e-08, 1.762967e-08
3.914063e+00, 1.387292e-08, 1.445651e-08
3.929688e+00, 1.133951e-08, 1.183522e-08
3.945313e+00, 9.253286e-09, 9.673480e-09
3.960938e+00, 7.538280e-09, 7.893740e-09
3.976563e+00, 6.130882e-09, 6.430969e-09
3.992188e+00, 4.977918e-09, 5.230747e-09
4.007813e+00, 4.035025e-09, 4.247609e-09
4.023438e+00, 3.265262e-09, 3.443650e-09
4.039063e+00, 2.637929e-09, 2.787321e-09
4.054688e+00, 2.127555e-09, 2.252416e-09
4.070313e+00, 1.713053e-09, 1.817205e-09
4.085938e+00, 1.376997e-09, 1.463702e-09
4.101563e+00, 1.105011e-09, 1.177051e-09
4.117188e+00, 8.852623e-10, 9.449989e-10
4.132813e+00, 7.080243e-10, 7.574622e-10
4.148438e+00, 5.653209e-10, 6.061557e-10
4.164063e+00, 4.506218e-10, 4.842851e-10
4.179688e+00, 3.585909e-10, 3.862883e-10
4.195313e+00, 2.848761e-10, 3.076207e-10
4.210938e+00, 2.259341e-10, 2.445757e-10
4.226563e+00, 1.788861e-10, 1.941353e-10
4.242188e+00, 1.413969e-10, 1.538471e-10
4.257813e+00, 1.115761e-10, 1.217216e-10
4.273438e+00, 8.789620e-11, 9.614791e-11
4.289063e+00, 6.912521e-11, 7.582379e-11
4.304688e+00, 5.427124e-11, 5.969868e-11
4.320313e+00, 4.253728e-11, 4.692644e-11
4.335938e+00, 3.328402e-11, 3.682681e-11
4.351563e+00, 2.599966e-11, 2.885387e-11
4.367188e+00, 2.027519e-11, 2.257032e-11
4.382813e+00, 1.578437e-11, 1.762646e-11
4.398438e+00, 1.226745e-11, 1.374314e-11
4.414063e+00, 9.517990e-12, 1.069795e-11
4.429688e+00, 7.372252e-12, 8.313970e-12
4.445313e+00, 5.700572e-12, 6.450748e-12
4.460938e+00, 4.400477e-12, 4.996954e-12
4.476563e+00, 3.391123e-12, 3.864508e-12
4.492188e+00, 2.608853e-12, 2.983848e-12
4.507813e+00, 2.003629e-12, 2.300132e-12
4.523438e+00, 1.536195e-12, 1.770200e-12
4.539063e+00, 1.175807e-12, 1.360146e-12
4.554688e+00, 8.984347e-13, 1.043380e-12
4.570313e+00, 6.853255e-13, 7.990850e-13
4.585938e+00, 5.218754e-13, 6.109942e-13
4.601563e+00, 3.967308e-13, 4.664174e-13
4.617188e+00, 3.010812e-13, 3.554725e-13
4.632813e+00, 2.281023e-13, 2.704773e-13
4.648438e+00, 1.725176e-13, 2.054704e-13
4.664063e+00, 1.302550e-13, 1.558337e-13
4.679688e+00, 9.817755e-14, 1.179959e-13
4.695313e+00, 7.387304e-14, 8.920030e-14
4.710938e+00, 5.549004e-14, 6.732234e-14
4.726563e+00, 4.161005e-14, 5.072776e-14
4.742188e+00, 3.114827e-14, 3.816152e-14
4.757813e+00, 2.327659e-14, 2.866153e-14
4.773438e+00, 1.736399e-14, 2.149150e-14
4.789063e+00, 1.293052e-14, 1.608894e-14
4.804688e+00, 9.611742e-15, 1.202491e-14
4.820313e+00, 7.131452e-15, 8.972843e-15
4.835938e+00, 5.280640e-15, 6.684543e-15
4.851563e+00, 3.901403e-15, 4.971724e-15
4.867188e+00, 2.874597e-15, 3.691780e-15
4.882813e+00, 2.110416e-15, 2.736896e-15
4.898438e+00, 1.541175e-15, 2.025697e-15
4.914063e+00, 1.115805e-15, 1.496870e-15
4.929688e+00, 7.956390e-16, 1.104301e-15
4.945313e+00, 5.511770e-16, 8.133627e-16
4.960938e+00, 3.595762e-16, 5.981012e-16
4.976563e+00, 2.026824e-16, 4.390953e-16
4.992188e+00, 6.544080e-17, 3.218374e-16
5.000000e+00, 2.364638e-42, 2.753660e-16


#At time: 7.507324e+01, nsteps= 615


0.000000e+00, 1.061700e-20, 1.142917e-07
7.812500e-03, 1.756898e-08, 1.235529e-07
2.343750e-02, 5.307475e-08, 1.442554e-07
3.906250e-02, 8.968961e-08, 1.682215e-07
5.468750e-02, 1.281721e-07, 1.959300e-07
7.031250e-02, 1.693094e-07, 2.279244e-07
8.593750e-02, 2.139296e-07, 2.648200e-07
1.015625e-01, 2.629137e-07, 3.073132e-07
1.171875e-01, 3.172081e-07, 3.561900e-07
1.328125e-01, 3.778384e-07, 4.123372e-07
1.484375e-01, 4.459230e-07, 4.767531e-07
1.640625e-01, 5.226878e-07, 5.505602e-07
1.796875e-01, 6.094819e-07, 6.350184e-07
1.953125e-01, 7.077942e-07, 7.315401e-07
2.109375e-01, 8.192708e-07, 8.417054e-07
2.265625e-01, 9.457337e-07, 9.672804e-07
2.421875e-01, 1.089201e-06, 1.110235e-06
2.578125e-01, 1.251909e-06, 1.272763e-06
2.734375e-01, 1.436331e-06, 1.457305e-06
2.890625e-01, 1.645209e-06, 1.666571e-06
3.046875e-01, 1.881571e-06, 1.903563e-06
3.203125e-01, 2.148764e-06, 2.171606e-06
3.359375e-01, 2.450481e-06, 2.474372e-06
3.515625e-01, 2.790789e-06, 2.815913e-06
3.671875e-01, 3.174168e-06, 3.200690e-06
3.828125e-01, 3.605538e-06, 3.633610e-06
3.984375e-01, 4.090296e-06, 4.120057e-06
4.140625e-01, 4.634357e-06, 4.665932e-06
4.296875e-01, 5.244189e-06, 5.277690e-06
4.453125e-01, 5.926853e-06, 5.962378e-06
4.609375e-01, 6.690048e-06, 6.727681e-06
4.765625e-01, 7.542150e-06, 7.581961e-06
4.921875e-01, 8.492258e-06, 8.534301e-06
5.078125e-01, 9.550237e-06, 9.594550e-06
5.234375e-01, 1.072677e-05, 1.077337e-05
5.390625e-01, 1.203338e-05, 1.208227e-05
5.546875e-01, 1.348253e-05, 1.353368e-05
5.703125e-01, 1.508760e-05, 1.514097e-05
5.859375e-01, 1.686297e-05, 1.691848e-05
6.015625e-01, 1.882407e-05, 1.888163e-05
6.171875e-01, 2.098740e-05, 2.104689e-05
6.328125e-01, 2.337059e-05, 2.343184e-05
6.484375e-01, 2.599242e-05, 2.605525e-05
6.640625e-01, 2.887288e-05, 2.893706e-05
6.796875e-01, 3.203316e-05, 3.209842e-05
6.953125e-01, 3.549570e-05, 3.556176e-05
7.109375e-01, 3.928424e-05, 3.935075e-05
7.265625e-01, 4.342378e-05, 4.349036e-05
7.421875e-01, 4.794062e-05, 4.800686e-05
7.578125e-01, 5.286236e-05, 5.292780e-05
7.734375e-01, 5.821789e-05, 5.828203e-05
7.890625e-01, 6.403735e-05, 6.409965e-05
8.046875e-01, 7.035216e-05, 7.041204e-05
8.203125e-01, 7.719493e-05, 7.725177e-05
8.359375e-01, 8.459943e-05, 8.465257e-05
8.515625e-01, 9.260055e-05, 9.264930e-05
8.671875e-01, 1.012342e-04, 1.012778e-04
8.828125e-01, 1.105372e-04, 1.105750e-04
8.984375e-01, 1.205473e-04, 1.205784e-04
9.140625e-01, 1.313028e-04, 1.313266e-04
9.296875e-01, 1.428429e-04, 1.428584e-04
9.453125e-01, 1.552069e-04, 1.552134e-04
9.609375e-01, 1.684348e-04, 1.684313e-04
9.765625e-01, 1.825662e-04, 1.825521e-04
9.921875e-01, 1.976411e-04, 1.976155e-04
1.007813e+00, 2.136989e-04, 2.136611e-04
1.023438e+00, 2.307787e-04, 2.307279e-04
1.039063e+00, 2.489187e-04, 2.488542e-04
1.054688e+00, 2.681563e-04, 2.680774e-04
1.070313e+00, 2.885273e-04, 2.884334e-04
1.085938e+00, 3.100662e-04, 3.099568e-04
1.101563e+00, 3.328056e-04, 3.326803e-04
1.117188e+00, 3.567760e-04, 3.566344e-04
1.132813e+00, 3.820054e-04, 3.818472e-04
1.148438e+00, 4.085190e-04, 4.083440e-04
1.164063e+00, 4.363389e-04, 4.361472e-04
1.179688e+00, 4.654839e-04, 4.652755e-04
1.195313e+00, 4.959690e-04, 4.957441e-04
1.210938e+00, 5.278051e-04, 5.275639e-04
1.226563e+00, 5.609986e-04, 5.607418e-04
1.242188e+00, 5.955515e-04, 5.952796e-04
1.257813e+00, 6.314604e-04, 6.311743e-04
1.273438e+00, 6.687170e-04, 6.684176e-04
1.289063e+00, 7.073072e-04, 7.069956e-04
1.304688e+00, 7.472110e-04, 7.468885e-04
1.320313e+00, 7.884025e-04, 7.880704e-04
1.335938e+00, 8.308495e-04, 8.305094e-04
1.351563e+00, 8.745132e-04, 8.741669e-04
1.367188e+00, 9.193483e-04, 9.189976e-04
1.382813e+00, 9.653028e-04, 9.649496e-04
1.398438e+00, 1.012318e-03, 1.011964e-03
1.414063e+00, 1.060327e-03, 1.059976e-03
1.429688e+00, 1.109259e-03, 1.108912e-03
1.445313e+00, 1.159034e-03, 1.158692e-03
1.460938e+00, 1.209564e-03, 1.209232e-03
1.476563e+00, 1.260759e-03, 1.260438e-03
1.492188e+00, 1.312517e-03, 1.312210e-03
1.507813e+00, 1.364735e-03, 1.364443e-03
1.523438e+00, 1.417299e-03, 1.417027e-03
1.539063e+00, 1.470093e-03, 1.469842e-03
1.554688e+00, 1.522996e-03, 1.522768e-03
1.570313e+00, 1.575878e-03, 1.575676e-03
1.585938e+00, 1.628609e-03, 1.628434e-03
1.601563e+00, 1.681053e-03, 1.680908e-03
1.617188e+00, 1.733070e-03, 1.732957e-03
1.632813e+00, 1.784520e-03, 1.784440e-03
1.648438e+00, 1.835258e-03, 1.835213e-03
1.664063e+00, 1.885138e-03, 1.885129e-03
1.679688e+00, 1.934014e-03, 1.934042e-03
1.695313e+00, 1.981740e-03, 1.981806e-03
1.710938e+00, 2.028169e-03, 2.028273e-03
1.726563e+00, 2.073157e-03, 2.073299e-03
1.742188e+00, 2.116561e-03, 2.116742e-03
1.757813e+00, 2.158241e-03, 2.158460e-03
1.773438e+00, 2.198061e-03, 2.198317e-03
1.789063e+00, 2.235888e-03, 2.236181e-03
1.804688e+00, 2.271596e-03, 2.271924e-03
1.820313e+00, 2.305062e-03, 2.305424e-03
1.835938e+00, 2.336173e-03, 2.336567e-03
1.851563e+00, 2.364819e-03, 2.365243e-03
1.867188e+00, 2.390900e-03, 2.391352e-03
1.882813e+00, 2.414325e-03, 2.414803e-03
1.898438e+00, 2.435010e-03, 2.435510e-03
1.914063e+00, 2.452880e-03, 2.453401e-03
1.929688e+00, 2.467873e-03, 2.468410e-03
1.945313e+00, 2.479932e-03, 2.480483e-03
1.960938e+00, 2.489016e-03, 2.489577e-03
1.976563e+00, 2.495090e-03, 2.495658e-03
1.992188e+00, 2.498133e-03, 2.498704e-03
2.007813e+00, 2.498133e-03, 2.498704e-03
2.023438e+00, 2.495090e-03, 2.495658e-03
2.039063e+00, 2.489016e-03, 2.489577e-03
2.054688e+00, 2.479932e-03, 2.480483e-03
2.070313e+00, 2.467873e-03, 2.468410e-03
2.085938e+00, 2.452880e-03, 2.453401e-03
2.101563e+00, 2.435010e-03, 2.435510e-03
2.117188e+00, 2.414325e-03, 2.414803e-03
2.132813e+00, 2.390900e-03, 2.391352e-03
2.148438e+00, 2.364819e-03, 2.365243e-03
2.164063e+00, 2.336173e-03, 2.336567e-03
2.179688e+00, 2.305062e-03, 2.305424e-03
2.195313e+00, 2.271596e-03, 2.271924e-03
2.210938e+00, 2.235888e-03, 2.236181e-03
2.226563e+00, 2.198061e-03, 2.198317e-03
2.242188e+00, 2.158241e-03, 2.158460e-03
2.257813e+00, 2.116561e-03, 2.116742e-03
2.273438e+00, 2.073157e-03, 2.073299e-03
2.289063e+00, 2.028169e-03, 2.028273e-03
2.304688e+00, 1.981740e-03, 1.981806e-03
2.320313e+00, 1.934014e-03, 1.934042e-03
2.335938e+00, 1.885138e-03, 1.885129e-03
2.351563e+00, 1.835258e-03, 1.835213e-03
2.367188e+00, 1.784520e-03, 1.784440e-03
2.382813e+00, 1.733070e-03, 1.732957e-03
2.398438e+00, 1.681053e-03, 1.680908e-03
2.414063e+00, 1.628609e-03, 1.628434e-03
2.429688e+00, 1.575878e-03, 1.575676e-03
2.445313e+00, 1.522996e-03, 1.522768e-03
2.460938e+00, 1.470093e-03, 1.469842e-03
2.476563e+00, 1.417299e-03, 1.417027e-03
2.492188e+00, 1.364735e-03, 1.364443e-03
2.507813e+00, 1.312517e-03, 1.312210e-03
2.523438e+00, 1.260759e-03, 1.260438e-03
2.539063e+00, 1.209564e-03, 1.209232e-03
2.554688e+00, 1.159034e-03, 1.158692e-03
2.570313e+00, 1.109259e-03, 1.108912e-03
2.585938e+00, 1.060327e-03, 1.059976e-03
2.601563e+00, 1.012318e-03, 1.011964e-03
2.617188e+00, 9.653028e-04, 9.649496e-04
2.632813e+00, 9.193483e-04, 9.189976e-04
2.648438e+00, 8.745132e-04, 8.741669e-04
2.664063e+00, 8.308495e-04, 8.305094e-04
2.679688e+00, 7.884025e-04, 7.880704e-04
2.695313e+00, 7.472110e-04, 7.468885e-04
2.710938e+00, 7.073072e-04, 7.069956e-04
2.726563e+00, 6.687170e-04, 6.684176e-04
2.742188e+00, 6.314604e-04, 6.311743e-04
2.757813e+00, 5.955515e-04, 5.952796e-04
2.773438e+00, 5.609986e-04, 5.607418e-04
2.789063e+00, 5.278051e-04, 5.275639e-04
2.804688e+00, 4.959690e-04, 4.957441e-04
2.820313e+00, 4.654839e-04, 4.652755e-04
2.835938e+00, 4.363389e-04, 4.361472e-04
2.851563e+00, 4.085190e-04, 4.083440e-04
2.867188e+00, 3.820054e-04, 3.818472e-04
2.882813e+00, 3.567760e-04, 3.566344e-04
2.898438e+00, 3.328056e-04, 3.326803e-04
2.914063e+00, 3.100662e-04, 3.099568e-04
2.929688e+00, 2.885273e-04, 2.884334e-04
2.945313e+00, 2.681563e-04, 2.680774e-04
2.960938e+00, 2.489187e-04, 2.488542e-04
2.976563e+00, 2.307787e-04, 2.307279e-04
2.992188e+00, 2.136989e-04, 2.136611e-04
3.007813e+00, 1.976411e-04, 1.976155e-04
3.023438e+00, 1.825662e-04, 1.825521e-04
3.039063e+00, 1.684348e-04, 1.684313e-04
3.054688e+00, 1.552069e-04, 1.552134e-04
3.070313e+00, 1.428429e-04, 1.428584e-04
3.085938e+00, 1.313028e-04, 1.313266e-04
3.101563e+00, 1.205473e-04, 1.205784e-04
3.117188e+00, 1.105372e-04, 1.105750e-04
3.132813e+00, 1.012342e-04, 1.012778e-04
3.148438e+00, 9.260055e-05, 9.264930e-05
3.164063e+00, 8.459943e-05, 8.465257e-05
3.179688e+00, 7.719493e-05, 7.725177e-05
3.195313e+00, 7.035217e-05, 7.041204e-05
3.210938e+00, 6.403736e-05, 6.409965e-05
3.226563e+00, 5.821790e-05, 5.828203e-05
3.242188e+00, 5.286238e-05, 5.292780e-05
3.257813e+00, 4.794064e-05, 4.800686e-05
3.273438e+00, 4.342380e-05, 4.349036e-05
3.289063e+00, 3.928427e-05, 3.935075e-05
3.304688e+00, 3.549573e-05, 3.556176e-05
3.320313e+00, 3.203319e-05, 3.209842e-05
3.335938e+00, 2.887293e-05, 2.893706e-05
3.351563e+00, 2.599248e-05, 2.605525e-05
3.367188e+00, 2.337066e-05, 2.343184e-05
3.382813e+00, 2.098748e-05, 2.104689e-05
3.398438e+00, 1.882417e-05, 1.888163e-05
3.414063e+00, 1.686310e-05, 1.691848e-05
3.429688e+00, 1.508775e-05, 1.514097e-05
3.445313e+00, 1.348272e-05, 1.353368e-05
3.460938e+00, 1.203362e-05, 1.208227e-05
3.476563e+00, 1.072706e-05, 1.077337e-05
3.492188e+00, 9.550590e-06, 9.594550e-06
3.507813e+00, 8.492688e-06, 8.534301e-06
3.523438e+00, 7.542673e-06, 7.581961e-06
3.539063e+00, 6.690683e-06, 6.727681e-06
3.554688e+00, 5.927623e-06, 5.962378e-06
3.570313e+00, 5.245122e-06, 5.277690e-06
3.585938e+00, 4.635486e-06, 4.665932e-06
3.601563e+00, 4.091660e-06, 4.120057e-06
3.617188e+00, 3.607184e-06, 3.633610e-06
3.632813e+00, 3.176152e-06, 3.200690e-06
3.648438e+00, 2.793178e-06, 2.815913e-06
3.664063e+00, 2.453353e-06, 2.474372e-06
3.679688e+00, 2.152214e-06, 2.171606e-06
3.695313e+00, 1.885709e-06, 1.903563e-06
3.710938e+00, 1.650165e-06, 1.666571e-06
3.726563e+00, 1.442261e-06, 1.457305e-06
3.742188e+00, 1.258995e-06, 1.272763e-06
3.757813e+00, 1.097658e-06, 1.110235e-06
3.773438e+00, 9.558143e-07, 9.672804e-07
3.789063e+00, 8.312716e-07, 8.417054e-07
3.804688e+00, 7.220633e-07, 7.315401e-07
3.820313e+00, 6.264269e-07, 6.350184e-07
3.835938e+00, 5.427853e-07, 5.505602e-07
3.851563e+00, 4.697300e-07, 4.767531e-07
3.867188e+00, 4.060045e-07, 4.123372e-07
3.882813e+00, 3.504899e-07, 3.561900e-07
3.898438e+00, 3.021915e-07, 3.073132e-07
3.914063e+00, 2.602262e-07, 2.648200e-07
3.929688e+00, 2.238110e-07, 2.279244e-07
3.945313e+00, 1.922531e-07, 1.959300e-07
3.960938e+00, 1.649403e-07, 1.682215e-07
3.976563e+00, 1.413324e-07, 1.442554e-07
3.992188e+00, 1.209532e-07, 1.235529e-07
4.007813e+00, 1.033843e-07, 1.056925e-07
4.023438e+00, 8.825761e-08, 9.030369e-08
4.039063e+00, 7.525071e-08, 7.706144e-08
4.054688e+00, 6.408104e-08, 6.568089e-08
4.070313e+00, 5.450155e-08, 5.591279e-08
4.085938e+00, 4.629652e-08, 4.753938e-08
4.101563e+00, 3.927787e-08, 4.037069e-08
4.117188e+00, 3.328184e-08, 3.424120e-08
4.132813e+00, 2.816608e-08, 2.900695e-08
4.148438e+00, 2.380703e-08, 2.454287e-08
4.164063e+00, 2.009755e-08, 2.074049e-08
4.179688e+00, 1.694496e-08, 1.750584e-08
4.195313e+00, 1.426911e-08, 1.475764e-08
4.210938e+00, 1.200085e-08, 1.242571e-08
4.226563e+00, 1.008059e-08, 1.044951e-08
4.242188e+00, 8.457038e-09, 8.776889e-09
4.257813e+00, 7.086129e-09, 7.363014e-09
4.273438e+00, 5.930045e-09, 6.169371e-09
4.289063e+00, 4.956384e-09, 5.162933e-09
4.304688e+00, 4.137421e-09, 4.315412e-09
4.320313e+00, 3.449467e-09, 3.602618e-09
4.335938e+00, 2.872314e-09, 3.003893e-09
4.351563e+00, 2.388741e-09, 2.501618e-09
4.367188e+00, 1.984098e-09, 2.080788e-09
4.382813e+00, 1.645941e-09, 1.728641e-09
4.398438e+00, 1.363710e-09, 1.434340e-09
4.414063e+00, 1.128461e-09, 1.188692e-09
4.429688e+00, 9.326251e-10, 9.839141e-10
4.445313e+00, 7.698107e-10, 8.134206e-10
4.460938e+00, 6.346243e-10, 6.716505e-10
4.476563e+00, 5.225227e-10, 5.539133e-10
4.492188e+00, 4.296841e-10, 4.562580e-10
4.507813e+00, 3.528976e-10, 3.753613e-10
4.523438e+00, 2.894698e-10, 3.084314e-10
4.539063e+00, 2.371443e-10, 2.531268e-10
4.554688e+00, 1.940336e-10, 2.074855e-10
4.570313e+00, 1.585607e-10, 1.698665e-10
4.585938e+00, 1.294101e-10, 1.388986e-10
4.601563e+00, 1.054860e-10, 1.134379e-10
4.617188e+00, 8.587660e-11, 9.253134e-11
4.632813e+00, 6.982448e-11, 7.538583e-11
4.648438e+00, 5.670125e-11, 6.134242e-11
4.664063e+00, 4.598632e-11, 4.985426e-11
4.679688e+00, 3.724896e-11, 4.046820e-11
4.695313e+00, 3.013329e-11, 3.280921e-11
4.710938e+00, 2.434569e-11, 2.656732e-11
4.726563e+00, 1.964422e-11, 2.148672e-11
4.742188e+00, 1.582979e-11, 1.735652e-11
4.757813e+00, 1.273878e-11, 1.400315e-11
4.773438e+00, 1.023690e-11, 1.128389e-11
4.789063e+00, 8.214066e-12, 9.081592e-12
4.804688e+00, 6.580126e-12, 7.300213e-12
4.820313e+00, 5.261328e-12, 5.861103e-12
4.835938e+00, 4.197383e-12, 4.699952e-12
4.851563e+00, 3.339021e-12, 3.764244e-12
4.867188e+00, 2.645977e-12, 3.011149e-12
4.882813e+00, 2.085308e-12, 2.405786e-12
4.898438e+00, 1.630003e-12, 1.919783e-12
4.914063e+00, 1.257825e-12, 1.530091e-12
4.929688e+00, 9.503394e-13, 1.218016e-12
4.945313e+00, 6.921006e-13, 9.684085e-13
4.960938e+00, 4.699538e-13, 7.690146e-13
4.976563e+00, 2.724361e-13, 6.099312e-13
4.992188e+00, 8.924495e-14, 4.831671e-13
5.000000e+00, 2.047753e-42, 4.298401e-13


#At time: 1.000977e+02, nsteps= 820


0.000000e+00, 9.495900e-21, 7.545218e-07
7.812500e-03, 9.361193e-08, 8.030471e-07
2.343750e-02, 2.820296e-07, 9.089954e-07
3.906250e-02, 4.740388e-07, 1.027918e-06
5.468750e-02, 6.720669e-07, 1.161266e-06
7.031250e-02, 8.785916e-07, 1.310632e-06
8.593750e-02, 1.096161e-06, 1.477769e-06
1.015625e-01, 1.327412e-06, 1.664593e-06
1.171875e-01, 1.575094e-06, 1.873208e-06
1.328125e-01, 1.842089e-06, 2.105912e-06
1.484375e-01, 2.131430e-06, 2.365215e-06
1.640625e-01, 2.446325e-06, 2.653855e-06
1.796875e-01, 2.790180e-06, 2.974815e-06
1.953125e-01, 3.166616e-06, 3.331340e-06
2.109375e-01, 3.579497e-06, 3.726956e-06
2.265625e-01, 4.032952e-06, 4.165486e-06
2.421875e-01, 4.531394e-06, 4.651075e-06
2.578125e-01, 5.079549e-06, 5.188206e-06
2.734375e-01, 5.682480e-06, 5.781724e-06
2.890625e-01, 6.345605e-06, 6.436854e-06
3.046875e-01, 7.074730e-06, 7.159227e-06
3.203125e-01, 7.876067e-06, 7.954903e-06
3.359375e-01, 8.756266e-06, 8.830389e-06
3.515625e-01, 9.722431e-06, 9.792668e-06
3.671875e-01, 1.078216e-05, 1.084922e-05
3.828125e-01, 1.194354e-05, 1.200804e-05
3.984375e-01, 1.321522e-05, 1.327767e-05
4.140625e-01, 1.460638e-05, 1.466722e-05
4.296875e-01, 1.612680e-05, 1.618639e-05
4.453125e-01, 1.778685e-05, 1.784549e-05
4.609375e-01, 1.959755e-05, 1.965546e-05
4.765625e-01, 2.157053e-05, 2.162789e-05
4.921875e-01, 2.371812e-05, 2.377504e-05
5.078125e-01, 2.605332e-05, 2.610986e-05
5.234375e-01, 2.858983e-05, 2.864601e-05
5.390625e-01, 3.134205e-05, 3.139785e-05
5.546875e-01, 3.432513e-05, 3.438047e-05
5.703125e-01, 3.755494e-05, 3.760971e-05
5.859375e-01, 4.104808e-05, 4.110214e-05
6.015625e-01, 4.482189e-05, 4.487506e-05
6.171875e-01, 4.889447e-05, 4.894653e-05
6.328125e-01, 5.328463e-05, 5.333532e-05
6.484375e-01, 5.801190e-05, 5.806095e-05
6.640625e-01, 6.309655e-05, 6.314365e-05
6.796875e-01, 6.855950e-05, 6.860430e-05
6.953125e-01, 7.442235e-05, 7.446450e-05
7.109375e-01, 8.070734e-05, 8.074644e-05
7.265625e-01, 8.743729e-05, 8.747294e-05
7.421875e-01, 9.463560e-05, 9.466736e-05
7.578125e-01, 1.023262e-04, 1.023536e-04
7.734375e-01, 1.105333e-04, 1.105559e-04
7.890625e-01, 1.192818e-04, 1.192991e-04
8.046875e-01, 1.285966e-04, 1.286082e-04
8.203125e-01, 1.385031e-04, 1.385085e-04
8.359375e-01, 1.490267e-04, 1.490253e-04
8.515625e-01, 1.601930e-04, 1.601844e-04
8.671875e-01, 1.720274e-04, 1.720111e-04
8.828125e-01, 1.845553e-04, 1.845308e-04
8.984375e-01, 1.978018e-04, 1.977687e-04
9.140625e-01, 2.117918e-04, 2.117496e-04
9.296875e-01, 2.265493e-04, 2.264977e-04
9.453125e-01, 2.420982e-04, 2.420366e-04
9.609375e-01, 2.584612e-04, 2.583894e-04
9.765625e-01, 2.756603e-04, 2.755779e-04
9.921875e-01, 2.937165e-04, 2.936232e-04
1.007813e+00, 3.126494e-04, 3.125451e-04
1.023438e+00, 3.324774e-04, 3.323618e-04
1.039063e+00, 3.532172e-04, 3.530903e-04
1.054688e+00, 3.748841e-04, 3.747456e-04
1.070313e+00, 3.974912e-04, 3.973413e-04
1.085938e+00, 4.210497e-04, 4.208884e-04
1.101563e+00, 4.455687e-04, 4.453962e-04
1.117188e+00, 4.710548e-04, 4.708713e-04
1.132813e+00, 4.975123e-04, 4.973179e-04
1.148438e+00, 5.249424e-04, 5.247377e-04
1.164063e+00, 5.533438e-04, 5.531293e-04
1.179688e+00, 5.827123e-04, 5.824883e-04
1.195313e+00, 6.130401e-04, 6.128075e-04
1.210938e+00, 6.443166e-04, 6.440759e-04
1.226563e+00, 6.765275e-04, 6.762796e-04
1.242188e+00, 7.096551e-04, 7.094009e-04
1.257813e+00, 7.436781e-04, 7.434186e-04
1.273438e+00, 7.785715e-04, 7.783076e-04
1.289063e+00, 8.143064e-04, 8.140393e-04
1.304688e+00, 8.508501e-04, 8.505810e-04
1.320313e+00, 8.881661e-04, 8.878962e-04
1.335938e+00, 9.262138e-04, 9.259445e-04
1.351563e+00, 9.649488e-04, 9.646814e-04
1.367188e+00, 1.004323e-03, 1.004059e-03
1.382813e+00, 1.044283e-03, 1.044024e-03
1.398438e+00, 1.084774e-03, 1.084521e-03
1.414063e+00, 1.125736e-03, 1.125491e-03
1.429688e+00, 1.167105e-03, 1.166868e-03
1.445313e+00, 1.208813e-03, 1.208588e-03
1.460938e+00, 1.250791e-03, 1.250577e-03
1.476563e+00, 1.292964e-03, 1.292764e-03
1.492188e+00, 1.335255e-03, 1.335070e-03
1.507813e+00, 1.377584e-03, 1.377416e-03
1.523438e+00, 1.419870e-03, 1.419720e-03
1.539063e+00, 1.462026e-03, 1.461895e-03
1.554688e+00, 1.503965e-03, 1.503855e-03
1.570313e+00, 1.545599e-03, 1.545510e-03
1.585938e+00, 1.586836e-03, 1.586770e-03
1.601563e+00, 1.627586e-03, 1.627543e-03
1.617188e+00, 1.667754e-03, 1.667735e-03
1.632813e+00, 1.707247e-03, 1.707253e-03
1.648438e+00, 1.745971e-03, 1.746003e-03
1.664063e+00, 1.783833e-03, 1.783891e-03
1.679688e+00, 1.820739e-03, 1.820823e-03
1.695313e+00, 1.856597e-03, 1.856707e-03
1.710938e+00, 1.891315e-03, 1.891452e-03
1.726563e+00, 1.924805e-03, 1.924968e-03
1.742188e+00, 1.956978e-03, 1.957166e-03
1.757813e+00, 1.987750e-03, 1.987963e-03
1.773438e+00, 2.017037e-03, 2.017275e-03
1.789063e+00, 2.044761e-03, 2.045022e-03
1.804688e+00, 2.070845e-03, 2.071129e-03
1.820313e+00, 2.095218e-03, 2.095524e-03
1.835938e+00, 2.117812e-03, 2.118138e-03
1.851563e+00, 2.138563e-03, 2.138908e-03
1.867188e+00, 2.157413e-03, 2.157775e-03
1.882813e+00, 2.174307e-03, 2.174686e-03
1.898438e+00, 2.189198e-03, 2.189591e-03
1.914063e+00, 2.202043e-03, 2.202448e-03
1.929688e+00, 2.212805e-03, 2.213220e-03
1.945313e+00, 2.221452e-03, 2.221876e-03
1.960938e+00, 2.227960e-03, 2.228389e-03
1.976563e+00, 2.232309e-03, 2.232743e-03
1.992188e+00, 2.234486e-03, 2.234922e-03
2.007813e+00, 2.234486e-03, 2.234922e-03
2.023438e+00, 2.232309e-03, 2.232743e-03
2.039063e+00, 2.227960e-03, 2.228389e-03
2.054688e+00, 2.221452e-03, 2.221876e-03
2.070313e+00, 2.212805e-03, 2.213220e-03
2.085938e+00, 2.202043e-03, 2.202448e-03
2.101563e+00, 2.189198e-03, 2.189591e-03
2.117188e+00, 2.174307e-03, 2.174686e-03
2.132813e+00, 2.157413e-03, 2.157775e-03
2.148438e+00, 2.138563e-03, 2.138908e-03
2.164063e+00, 2.117812e-03, 2.118138e-03
2.179688e+00, 2.095218e-03, 2.095524e-03
2.195313e+00, 2.070845e-03, 2.071129e-03
2.210938e+00, 2.044761e-03, 2.045022e-03
2.226563e+00, 2.017037e-03, 2.017275e-03
2.242188e+00, 1.987750e-03, 1.987963e-03
2.257813e+00, 1.956978e-03, 1.957166e-03
2.273438e+00, 1.924805e-03, 1.924968e-03
2.289063e+00, 1.891315e-03, 1.891452e-03
2.304688e+00, 1.856597e-03, 1.856707e-03
2.320313e+00, 1.820739e-03, 1.820823e-03
2.335938e+00, 1.783833e-03, 1.783891e-03
2.351563e+00, 1.745971e-03, 1.746003e-03
2.367188e+00, 1.707247e-03, 1.707253e-03
2.382813e+00, 1.667754e-03, 1.667735e-03
2.398438e+00, 1.627586e-03, 1.627543e-03
2.414063e+00, 1.586836e-03, 1.586770e-03
2.429688e+00, 1.545599e-03, 1.545510e-03
2.445313e+00, 1.503965e-03, 1.503855e-03
2.460938e+00, 1.462026e-03, 1.461895e-03
2.476563e+00, 1.419870e-03, 1.419720e-03
2.492188e+00, 1.377584e-03, 1.377416e-03
2.507813e+00, 1.335255e-03, 1.335070e-03
2.523438e+00, 1.292964e-03, 1.292764e-03
2.539063e+00, 1.250791e-03, 1.250577e-03
2.554688e+00, 1.208813e-03, 1.208588e-03
2.570313e+00, 1.167105e-03, 1.166868e-03
2.585938e+00, 1.125736e-03, 1.125491e-03
2.601563e+00, 1.084774e-03, 1.084521e-03
2.617188e+00, 1.044283e-03, 1.044024e-03
2.632813e+00, 1.004323e-03, 1.004059e-03
2.648438e+00, 9.649488e-04, 9.646814e-04
2.664063e+00, 9.262138e-04, 9.259445e-04
2.679688e+00, 8.881661e-04, 8.878962e-04
2.695313e+00, 8.508501e-04, 8.505810e-04
2.710938e+00, 8.143064e-04, 8.140393e-04
2.726563e+00, 7.785715e-04, 7.783076e-04
2.742188e+00, 7.436781e-04, 7.434186e-04
2.757813e+00, 7.096551e-04, 7.094009e-04
2.773438e+00, 6.765275e-04, 6.762796e-04
2.789063e+00, 6.443166e-04, 6.440759e-04
2.804688e+00, 6.130401e-04, 6.128075e-04
2.820313e+00, 5.827123e-04, 5.824883e-04
2.835938e+00, 5.533439e-04, 5.531293e-04
2.851563e+00, 5.249424e-04, 5.247377e-04
2.867188e+00, 4.975123e-04, 4.973179e-04
2.882813e+00, 4.710548e-04, 4.708713e-04
2.898438e+00, 4.455687e-04, 4.453962e-04
2.914063e+00, 4.210497e-04, 4.208884e-04
2.929688e+00, 3.974912e-04, 3.973413e-04
2.945313e+00, 3.748841e-04, 3.747456e-04
2.960938e+00, 3.532173e-04, 3.530903e-04
2.976563e+00, 3.324774e-04, 3.323618e-04
2.992188e+00, 3.126494e-04, 3.125451e-04
3.007813e+00, 2.937165e-04, 2.936232e-04
3.023438e+00, 2.756604e-04, 2.755779e-04
3.039063e+00, 2.584612e-04, 2.583894e-04
3.054688e+00, 2.420982e-04, 2.420366e-04
3.070313e+00, 2.265494e-04, 2.264977e-04
3.085938e+00, 2.117919e-04, 2.117496e-04
3.101563e+00, 1.978019e-04, 1.977687e-04
3.117188e+00, 1.845554e-04, 1.845308e-04
3.132813e+00, 1.720275e-04, 1.720111e-04
3.148438e+00, 1.601931e-04, 1.601844e-04
3.164063e+00, 1.490269e-04, 1.490253e-04
3.179688e+00, 1.385033e-04, 1.385085e-04
3.195313e+00, 1.285969e-04, 1.286082e-04
3.210938e+00, 1.192821e-04, 1.192991e-04
3.226563e+00, 1.105337e-04, 1.105559e-04
3.242188e+00, 1.023267e-04, 1.023536e-04
3.257813e+00, 9.463623e-05, 9.466736e-05
3.273438e+00, 8.743804e-05, 8.747294e-05
3.289063e+00, 8.070823e-05, 8.074644e-05
3.304688e+00, 7.442341e-05, 7.446450e-05
3.320313e+00, 6.856075e-05, 6.860430e-05
3.335938e+00, 6.309803e-05, 6.314365e-05
3.351563e+00, 5.801366e-05, 5.806095e-05
3.367188e+00, 5.328670e-05, 5.333532e-05
3.382813e+00, 4.889691e-05, 4.894653e-05
3.398438e+00, 4.482477e-05, 4.487506e-05
3.414063e+00, 4.105146e-05, 4.110214e-05
3.429688e+00, 3.755892e-05, 3.760971e-05
3.445313e+00, 3.432981e-05, 3.438047e-05
3.460938e+00, 3.134754e-05, 3.139785e-05
3.476563e+00, 2.859626e-05, 2.864601e-05
3.492188e+00, 2.606086e-05, 2.610986e-05
3.507813e+00, 2.372694e-05, 2.377504e-05
3.523438e+00, 2.158084e-05, 2.162789e-05
3.539063e+00, 1.960958e-05, 1.965546e-05
3.554688e+00, 1.780089e-05, 1.784549e-05
3.570313e+00, 1.614316e-05, 1.618639e-05
3.585938e+00, 1.462542e-05, 1.466722e-05
3.601563e+00, 1.323737e-05, 1.327767e-05
3.617188e+00, 1.196928e-05, 1.200804e-05
3.632813e+00, 1.081204e-05, 1.084922e-05
3.648438e+00, 9.757081e-06, 9.792668e-06
3.664063e+00, 8.796406e-06, 8.830389e-06
3.679688e+00, 7.922523e-06, 7.954903e-06
3.695313e+00, 7.128440e-06, 7.159227e-06
3.710938e+00, 6.407642e-06, 6.436854e-06
3.726563e+00, 5.754064e-06, 5.781724e-06
3.742188e+00, 5.162067e-06, 5.188206e-06
3.757813e+00, 4.626420e-06, 4.651075e-06
3.773438e+00, 4.142276e-06, 4.165486e-06
3.789063e+00, 3.705146e-06, 3.726956e-06
3.804688e+00, 3.310883e-06, 3.331340e-06
3.820313e+00, 2.955661e-06, 2.974815e-06
3.835938e+00, 2.635952e-06, 2.653855e-06
3.851563e+00, 2.348510e-06, 2.365215e-06
3.867188e+00, 2.090352e-06, 2.105912e-06
3.882813e+00, 1.858738e-06, 1.873208e-06
3.898438e+00, 1.651159e-06, 1.664593e-06
3.914063e+00, 1.465316e-06, 1.477769e-06
3.929688e+00, 1.299108e-06, 1.310632e-06
3.945313e+00, 1.150617e-06, 1.161266e-06
3.960938e+00, 1.018094e-06, 1.027918e-06
3.976563e+00, 8.999464e-07, 9.089954e-07
3.992188e+00, 7.947243e-07, 8.030471e-07
4.007813e+00, 7.011124e-07, 7.087558e-07
4.023438e+00, 6.179167e-07, 6.249257e-07
4.039063e+00, 5.440557e-07, 5.504735e-07
4.054688e+00, 4.785505e-07, 4.844184e-07
4.070313e+00, 4.205165e-07, 4.258739e-07
4.085938e+00, 3.691553e-07, 3.740397e-07
4.101563e+00, 3.237472e-07, 3.281939e-07
4.117188e+00, 2.836439e-07, 2.876866e-07
4.132813e+00, 2.482627e-07, 2.519329e-07
4.148438e+00, 2.170801e-07, 2.204075e-07
4.164063e+00, 1.896265e-07, 1.926390e-07
4.179688e+00, 1.654810e-07, 1.682047e-07
4.195313e+00, 1.442672e-07, 1.467264e-07
4.210938e+00, 1.256484e-07, 1.278659e-07
4.226563e+00, 1.093243e-07, 1.113210e-07
4.242188e+00, 9.502676e-08, 9.682243e-08
4.257813e+00, 8.251733e-08, 8.413002e-08
4.273438e+00, 7.158369e-08, 7.303015e-08
4.289063e+00, 6.203727e-08, 6.333294e-08
4.304688e+00, 5.371070e-08, 5.486979e-08
4.320313e+00, 4.645563e-08, 4.749121e-08
4.335938e+00, 4.014072e-08, 4.106476e-08
4.351563e+00, 3.464984e-08, 3.547330e-08
4.367188e+00, 2.988041e-08, 3.061330e-08
4.382813e+00, 2.574191e-08, 2.639337e-08
4.398438e+00, 2.215460e-08, 2.273295e-08
4.414063e+00, 1.904829e-08, 1.956109e-08
4.429688e+00, 1.636125e-08, 1.681537e-08
4.445313e+00, 1.403931e-08, 1.444096e-08
4.460938e+00, 1.203493e-08, 1.238973e-08
4.476563e+00, 1.030646e-08, 1.061949e-08
4.492188e+00, 8.817459e-09, 9.093311e-09
4.507813e+00, 7.536079e-09, 7.778870e-09
4.523438e+00, 6.434504e-09, 6.647941e-09
4.539063e+00, 5.488481e-09, 5.675891e-09
4.554688e+00, 4.676879e-09, 4.841246e-09
4.570313e+00, 3.981316e-09, 4.125309e-09
4.585938e+00, 3.385812e-09, 3.511818e-09
4.601563e+00, 2.876497e-09, 2.986646e-09
4.617188e+00, 2.441340e-09, 2.537533e-09
4.632813e+00, 2.069922e-09, 2.153852e-09
4.648438e+00, 1.753227e-09, 1.826402e-09
4.664063e+00, 1.483463e-09, 1.547223e-09
4.679688e+00, 1.253903e-09, 1.309441e-09
4.695313e+00, 1.058744e-09, 1.107120e-09
4.710938e+00, 8.929863e-10, 9.351474e-10
4.726563e+00, 7.523288e-10, 7.891173e-10
4.742188e+00, 6.330714e-10, 6.652414e-10
4.757813e+00, 5.320357e-10, 5.602646e-10
4.773438e+00, 4.464932e-10, 4.713932e-10
4.789063e+00, 3.741030e-10, 3.962321e-10
4.804688e+00, 3.128578e-10, 3.327302e-10
4.820313e+00, 2.610364e-10, 2.791328e-10
4.835938e+00, 2.171629e-10, 2.339408e-10
4.851563e+00, 1.799705e-10, 1.958741e-10
4.867188e+00, 1.483705e-10, 1.638417e-10
4.882813e+00, 1.214248e-10, 1.369141e-10
4.898438e+00, 9.832188e-11, 1.143005e-10
4.914063e+00, 7.835603e-11, 9.532879e-11
4.929688e+00, 6.090847e-11, 7.942850e-11
4.945313e+00, 4.543088e-11, 6.611574e-11
4.960938e+00, 3.143035e-11, 5.498061e-11
4.976563e+00, 1.845584e-11, 4.567625e-11
4.992188e+00, 6.085454e-12, 3.790946e-11
5.000000e+00, 1.831522e-42, 3.452369e-11


