#At time: 0.000000e+00, nsteps= 0


0.000000e+00, 2.124177e-20, 2.124177e-20
7.812500e-03, 2.901634e-20, 2.901634e-20
2.343750e-02, 5.394562e-20, 5.394562e-20
3.906250e-02, 9.980425e-20, 9.980425e-20
5.468750e-02, 1.837475e-19, 1.837475e-19
7.031250e-02, 3.366457e-19, 3.366457e-19
8.593750e-02, 6.137680e-19, 6.137680e-19
1.015625e-01, 1.113563e-18, 1.113563e-18
1.171875e-01, 2.010504e-18, 2.010504e-18
1.328125e-01, 3.612221e-18, 3.612221e-18
1.484375e-01, 6.458373e-18, 6.458373e-18
1.640625e-01, 1.149083e-17, 1.149083e-17
1.796875e-01, 2.034506e-17, 2.034506e-17
1.953125e-01, 3.584645e-17, 3.584645e-17
2.109375e-01, 6.285107e-17, 6.285107e-17
2.265625e-01, 1.096626e-16, 1.096626e-16
2.421875e-01, 1.904075e-16, 1.904075e-16
2.578125e-01, 3.289946e-16, 3.289946e-16
2.734375e-01, 5.656829e-16, 5.656829e-16
2.890625e-01, 9.679138e-16, 9.679138e-16
3.046875e-01, 1.648085e-15, 1.648085e-15
3.203125e-01, 2.792558e-15, 2.792558e-15
3.359375e-01, 4.708734e-15, 4.708734e-15
3.515625e-01, 7.901061e-15, 7.901061e-15
3.671875e-01, 1.319308e-14, 1.319308e-14
3.828125e-01, 2.192231e-14, 2.192231e-14
3.984375e-01, 3.624983e-14, 3.624983e-14
4.140625e-01, 5.964924e-14, 5.964924e-14
4.296875e-01, 9.767499e-14, 9.767499e-14
4.453125e-01, 1.591627e-13, 1.591627e-13
4.609375e-01, 2.580944e-13, 2.580944e-13
4.765625e-01, 4.164810e-13, 4.164810e-13
4.921875e-01, 6.687924e-13, 6.687924e-13
5.078125e-01, 1.068727e-12, 1.068727e-12
5.234375e-01, 1.699503e-12, 1.699503e-12
5.390625e-01, 2.689405e-12, 2.689405e-12
5.546875e-01, 4.235162e-12, 4.235162e-12
5.703125e-01, 6.636869e-12, 6.636869e-12
5.859375e-01, 1.034989e-11, 1.034989e-11
6.015625e-01, 1.606157e-11, 1.606157e-11
6.171875e-01, 2.480387e-11, 2.480387e-11
6.328125e-01, 3.811802e-11, 3.811802e-11
6.484375e-01, 5.829357e-11, 5.829357e-11
6.640625e-01, 8.871364e-11, 8.871364e-11
6.796875e-01, 1.343506e-10, 1.343506e-10
6.953125e-01, 2.024735e-10, 2.024735e-10
7.109375e-01, 3.036520e-10, 3.036520e-10
7.265625e-01, 4.531726e-10, 4.531726e-10
7.421875e-01, 6.730239e-10, 6.730239e-10
7.578125e-01, 9.946649e-10, 9.946649e-10
7.734375e-01, 1.462859e-09, 1.462859e-09
7.890625e-01, 2.140955e-09, 2.140955e-09
8.046875e-01, 3.118115e-09, 3.118115e-09
8.203125e-01, 4.519144e-09, 4.519144e-09
8.359375e-01, 6.517777e-09, 6.517777e-09
8.515625e-01, 9.354538e-09, 9.354538e-09
8.671875e-01, 1.336056e-08, 1.336056e-08
8.828125e-01, 1.898918e-08, 1.898918e-08
8.984375e-01, 2.685761e-08, 2.685761e-08
9.140625e-01, 3.780139e-08, 3.780139e-08
9.296875e-01, 5.294534e-08, 5.294534e-08
9.453125e-01, 7.379502e-08, 7.379502e-08
9.609375e-01, 1.023542e-07, 1.023542e-07
9.765625e-01, 1.412746e-07, 1.412746e-07
9.921875e-01, 1.940446e-07, 1.940446e-07
1.007813e+00, 2.652275e-07, 2.652275e-07
1.023438e+00, 3.607573e-07, 3.607573e-07
1.039063e+00, 4.883047e-07, 4.883047e-07
1.054688e+00, 6.577278e-07, 6.577278e-07
1.070313e+00, 8.816190e-07, 8.816190e-07
1.085938e+00, 1.175967e-06, 1.175967e-06
1.101563e+00, 1.560949e-06, 1.560949e-06
1.117188e+00, 2.061872e-06, 2.061872e-06
1.132813e+00, 2.710279e-06, 2.710279e-06
1.148438e+00, 3.545241e-06, 3.545241e-06
1.164063e+00, 4.614844e-06, 4.614844e-06
1.179688e+00, 5.977887e-06, 5.977887e-06
1.195313e+00, 7.705801e-06, 7.705801e-06
1.210938e+00, 9.884787e-06, 9.884787e-06
1.226563e+00, 1.261817e-05, 1.261817e-05
1.242188e+00, 1.602893e-05, 1.602893e-05
1.257813e+00, 2.026247e-05, 2.026247e-05
1.273438e+00, 2.548940e-05, 2.548940e-05
1.289063e+00, 3.190848e-05, 3.190848e-05
1.304688e+00, 3.974955e-05, 3.974955e-05
1.320313e+00, 4.927625e-05, 4.927625e-05
1.335938e+00, 6.078865e-05, 6.078865e-05
1.351563e+00, 7.462543e-05, 7.462543e-05
1.367188e+00, 9.116550e-05, 9.116550e-05
1.382813e+00, 1.108291e-04, 1.108291e-04
1.398438e+00, 1.340776e-04, 1.340776e-04
1.414063e+00, 1.614129e-04, 1.614129e-04
1.429688e+00, 1.933747e-04, 1.933747e-04
1.445313e+00, 2.305369e-04, 2.305369e-04
1.460938e+00, 2.735021e-04, 2.735021e-04
1.476563e+00, 3.228943e-04, 3.228943e-04
1.492188e+00, 3.793495e-04, 3.793495e-04
1.507813e+00, 4.435045e-04, 4.435045e-04
1.523438e+00, 5.159836e-04, 5.159836e-04
1.539063e+00, 5.973836e-04, 5.973836e-04
1.554688e+00, 6.882561e-04, 6.882561e-04
1.570313e+00, 7.890895e-04, 7.890895e-04
1.585938e+00, 9.002888e-04, 9.002888e-04
1.601563e+00, 1.022155e-03, 1.022155e-03
1.617188e+00, 1.154865e-03, 1.154865e-03
1.632813e+00, 1.298450e-03, 1.298450e-03
1.648438e+00, 1.452776e-03, 1.452776e-03
1.664063e+00, 1.617526e-03, 1.617526e-03
1.679688e+00, 1.792187e-03, 1.792187e-03
1.695313e+00, 1.976037e-03, 1.976037e-03
1.710938e+00, 2.168133e-03, 2.168133e-03
1.726563e+00, 2.367317e-03, 2.367317e-03
1.742188e+00, 2.572209e-03, 2.572209e-03
1.757813e+00, 2.781221e-03, 2.781221e-03
1.773438e+00, 2.992569e-03, 2.992569e-03
1.789063e+00, 3.204293e-03, 3.204293e-03
1.804688e+00, 3.414285e-03, 3.414285e-03
1.820313e+00, 3.620318e-03, 3.620318e-03
1.835938e+00, 3.820086e-03, 3.820086e-03
1.851563e+00, 4.011242e-03, 4.011242e-03
1.867188e+00, 4.191448e-03, 4.191448e-03
1.882813e+00, 4.358417e-03, 4.358417e-03
1.898438e+00, 4.509961e-03, 4.509961e-03
1.914063e+00, 4.644043e-03, 4.644043e-03
1.929688e+00, 4.758819e-03, 4.758819e-03
1.945313e+00, 4.852678e-03, 4.852678e-03
1.960938e+00, 4.924285e-03, 4.924285e-03
1.976563e+00, 4.972609e-03, 4.972609e-03
1.992188e+00, 4.996949e-03, 4.996949e-03
2.007813e+00, 4.996949e-03, 4.996949e-03
2.023438e+00, 4.972609e-03, 4.972609e-03
2.039063e+00, 4.924285e-03, 4.924285e-03
2.054688e+00, 4.852678e-03, 4.852678e-03
2.070313e+00, 4.758819e-03, 4.758819e-03
2.085938e+00, 4.644043e-03, 4.644043e-03
2.101563e+00, 4.509961e-03, 4.509961e-03
2.117188e+00, 4.358417e-03, 4.358417e-03
2.132813e+00, 4.191448e-03, 4.191448e-03
2.148438e+00, 4.011242e-03, 4.011242e-03
2.164063e+00, 3.820086e-03, 3.820086e-03
2.179688e+00, 3.620318e-03, 3.620318e-03
2.195313e+00, 3.414285e-03, 3.414285e-03
2.210938e+00, 3.204293e-03, 3.204293e-03
2.226563e+00, 2.992569e-03, 2.992569e-03
2.242188e+00, 2.781221e-03, 2.781221e-03
2.257813e+00, 2.572209e-03, 2.572209e-03
2.273438e+00, 2.367317e-03, 2.367317e-03
2.289063e+00, 2.168133e-03, 2.168133e-03
2.304688e+00, 1.976037e-03, 1.976037e-03
2.320313e+00, 1.792187e-03, 1.792187e-03
2.335938e+00, 1.617526e-03, 1.617526e-03
2.351563e+00, 1.452776e-03, 1.452776e-03
2.367188e+00, 1.298450e-03, 1.298450e-03
2.382813e+00, 1.154865e-03, 1.154865e-03
2.398438e+00, 1.022155e-03, 1.022155e-03
2.414063e+00, 9.002888e-04, 9.002888e-04
2.429688e+00, 7.890895e-04, 7.890895e-04
2.445313e+00, 6.882561e-04, 6.882561e-04
2.460938e+00, 5.973836e-04, 5.973836e-04
2.476563e+00, 5.159836e-04, 5.159836e-04
2.492188e+00, 4.435045e-04, 4.435045e-04
2.507813e+00, 3.793495e-04, 3.793495e-04
2.523438e+00, 3.228943e-04, 3.228943e-04
2.539063e+00, 2.735021e-04, 2.735021e-04
2.554688e+00, 2.305369e-04, 2.305369e-04
2.570313e+00, 1.933747e-04, 1.933747e-04
2.585938e+00, 1.614129e-04, 1.614129e-04
2.601563e+00, 1.340776e-04, 1.340776e-04
2.617188e+00, 1.108291e-04, 1.108291e-04
2.632813e+00, 9.116550e-05, 9.116550e-05
2.648438e+00, 7.462543e-05, 7.462543e-05
2.664063e+00, 6.078865e-05, 6.078865e-05
2.679688e+00, 4.927625e-05, 4.927625e-05
2.695313e+00, 3.974955e-05, 3.974955e-05
2.710938e+00, 3.190848e-05, 3.190848e-05
2.726563e+00, 2.548940e-05, 2.548940e-05
2.742188e+00, 2.026247e-05, 2.026247e-05
2.757813e+00, 1.602893e-05, 1.602893e-05
2.773438e+00, 1.261817e-05, 1.261817e-05
2.789063e+00, 9.884787e-06, 9.884787e-06
2.804688e+00, 7.705801e-06, 7.705801e-06
2.820313e+00, 5.977887e-06, 5.977887e-06
2.835938e+00, 4.614844e-06, 4.614844e-06
2.851563e+00, 3.545241e-06, 3.545241e-06
2.867188e+00, 2.710279e-06, 2.710279e-06
2.882813e+00, 2.061872e-06, 2.061872e-06
2.898438e+00, 1.560949e-06, 1.560949e-06
2.914063e+00, 1.175967e-06, 1.175967e-06
2.929688e+00, 8.816190e-07, 8.816190e-07
2.945313e+00, 6.577278e-07, 6.577278e-07
2.960938e+00, 4.883047e-07, 4.883047e-07
2.976563e+00, 3.607573e-07, 3.607573e-07
2.992188e+00, 2.652275e-07, 2.652275e-07
3.007813e+00, 1.940446e-07, 1.940446e-07
3.023438e+00, 1.412746e-07, 1.412746e-07
3.039063e+00, 1.023542e-07, 1.023542e-07
3.054688e+00, 7.379502e-08, 7.379502e-08
3.070313e+00, 5.294534e-08, 5.294534e-08
3.085938e+00, 3.780139e-08, 3.780139e-08
3.101563e+00, 2.685761e-08, 2.685761e-08
3.117188e+00, 1.898918e-08, 1.898918e-08
3.132813e+00, 1.336056e-08, 1.336056e-08
3.148438e+00, 9.354538e-09, 9.354538e-09
3.164063e+00, 6.517777e-09, 6.517777e-09
3.179688e+00, 4.519144e-09, 4.519144e-09
3.195313e+00, 3.118115e-09, 3.118115e-09
3.210938e+00, 2.140955e-09, 2.140955e-09
3.226563e+00, 1.462859e-09, 1.462859e-09
3.242188e+00, 9.946649e-10, 9.946649e-10
3.257813e+00, 6.730239e-10, 6.730239e-10
3.273438e+00, 4.531726e-10, 4.531726e-10
3.289063e+00, 3.036520e-10, 3.036520e-10
3.304688e+00, 2.024735e-10, 2.024735e-10
3.320313e+00, 1.343506e-10, 1.343506e-10
3.335938e+00, 8.871364e-11, 8.871364e-11
3.351563e+00, 5.829357e-11, 5.829357e-11
3.367188e+00, 3.811802e-11, 3.811802e-11
3.382813e+00, 2.480387e-11, 2.480387e-11
3.398438e+00, 1.606157e-11, 1.606157e-11
3.414063e+00, 1.034989e-11, 1.034989e-11
3.429688e+00, 6.636869e-12, 6.636869e-12
3.445313e+00, 4.235162e-12, 4.235162e-12
3.460938e+00, 2.689405e-12, 2.689405e-12
3.476563e+00, 1.699503e-12, 1.699503e-12
3.492188e+00, 1.068727e-12, 1.068727e-12
3.507813e+00, 6.687924e-13, 6.687924e-13
3.523438e+00, 4.164810e-13, 4.164810e-13
3.539063e+00, 2.580944e-13, 2.580944e-13
3.554688e+00, 1.591627e-13, 1.591627e-13
3.570313e+00, 9.767499e-14, 9.767499e-14
3.585938e+00, 5.964924e-14, 5.964924e-14
3.601563e+00, 3.624983e-14, 3.624983e-14
3.617188e+00, 2.192231e-14, 2.192231e-14
3.632813e+00, 1.319308e-14, 1.319308e-14
3.648438e+00, 7.901061e-15, 7.901061e-15
3.664063e+00, 4.708734e-15, 4.708734e-15
3.679688e+00, 2.792558e-15, 2.792558e-15
3.695313e+00, 1.648085e-15, 1.648085e-15
3.710938e+00, 9.679138e-16, 9.679138e-16
3.726563e+00, 5.656829e-16, 5.656829e-16
3.742188e+00, 3.289946e-16, 3.289946e-16
3.757813e+00, 1.904075e-16, 1.904075e-16
3.773438e+00, 1.096626e-16, 1.096626e-16
3.789063e+00, 6.285107e-17, 6.285107e-17
3.804688e+00, 3.584645e-17, 3.584645e-17
3.820313e+00, 2.034506e-17, 2.034506e-17
3.835938e+00, 1.149083e-17, 1.149083e-17
3.851563e+00, 6.458373e-18, 6.458373e-18
3.867188e+00, 3.612221e-18, 3.612221e-18
3.882813e+00, 2.010504e-18, 2.010504e-18
3.898438e+00, 1.113563e-18, 1.113563e-18
3.914063e+00, 6.137680e-19, 6.137680e-19
3.929688e+00, 3.366457e-19, 3.366457e-19
3.945313e+00, 1.837475e-19, 1.837475e-19
3.960938e+00, 9.980425e-20, 9.980425e-20
3.976563e+00, 5.394562e-20, 5.394562e-20
3.992188e+00, 2.901634e-20, 2.901634e-20
4.007813e+00, 1.553133e-20, 1.553133e-20
4.023438e+00, 8.272828e-21, 8.272828e-21
4.039063e+00, 4.385093e-21, 4.385093e-21
4.054688e+00, 2.313039e-21, 2.313039e-21
4.070313e+00, 1.214134e-21, 1.214134e-21
4.085938e+00, 6.342051e-22, 6.342051e-22
4.101563e+00, 3.296645e-22, 3.296645e-22
4.117188e+00, 1.705274e-22, 1.705274e-22
4.132813e+00, 8.777996e-23, 8.777996e-23
4.148438e+00, 4.496516e-23, 4.496516e-23
4.164063e+00, 2.292114e-23, 2.292114e-23
4.179688e+00, 1.162722e-23, 1.162722e-23
4.195313e+00, 5.869416e-24, 5.869416e-24
4.210938e+00, 2.948447e-24, 2.948447e-24
4.226563e+00, 1.473911e-24, 1.473911e-24
4.242188e+00, 7.332101e-25, 7.332101e-25
4.257813e+00, 3.629653e-25, 3.629653e-25
4.273438e+00, 1.788057e-25, 1.788057e-25
4.289063e+00, 8.765502e-26, 8.765502e-26
4.304688e+00, 4.276138e-26, 4.276138e-26
4.320313e+00, 2.075899e-26, 2.075899e-26
4.335938e+00, 1.002859e-26, 1.002859e-26
4.351563e+00, 4.821178e-27, 4.821178e-27
4.367188e+00, 2.306459e-27, 2.306459e-27
4.382813e+00, 1.098039e-27, 1.098039e-27
4.398438e+00, 5.201988e-28, 5.201988e-28
4.414063e+00, 2.452450e-28, 2.452450e-28
4.429688e+00, 1.150563e-28, 1.150563e-28
4.445313e+00, 5.371559e-29, 5.371559e-29
4.460938e+00, 2.495568e-29, 2.495568e-29
4.476563e+00, 1.153767e-29, 1.153767e-29
4.492188e+00, 5.308186e-30, 5.308186e-30
4.507813e+00, 2.430264e-30, 2.430264e-30
4.523438e+00, 1.107236e-30, 1.107236e-30
4.539063e+00, 5.020034e-31, 5.020034e-31
4.554688e+00, 2.264917e-31, 2.264917e-31
4.570313e+00, 1.016898e-31, 1.016898e-31
4.585938e+00, 4.543411e-32, 4.543411e-32
4.601563e+00, 2.020068e-32, 2.020068e-32
4.617188e+00, 8.937774e-33, 8.937774e-33
4.632813e+00, 3.935249e-33, 3.935249e-33
4.648438e+00, 1.724227e-33, 1.724227e-33
4.664063e+00, 7.517892e-34, 7.517892e-34
4.679688e+00, 3.261949e-34, 3.261949e-34
4.695313e+00, 1.408438e-34, 1.408438e-34
4.710938e+00, 6.051702e-35, 6.051702e-35
4.726563e+00, 2.587598e-35, 2.587598e-35
4.742188e+00, 1.101021e-35, 1.101021e-35
4.757813e+00, 4.662017e-36, 4.662017e-36
4.773438e+00, 1.964407e-36, 1.964407e-36
4.789063e+00, 8.236988e-37, 8.236988e-37
4.804688e+00, 3.437042e-37, 3.437042e-37
4.820313e+00, 1.427187e-37, 1.427187e-37
4.835938e+00, 5.897338e-38, 5.897338e-38
4.851563e+00, 2.424994e-38, 2.424994e-38
4.867188e+00, 9.923043e-39, 9.923043e-39
4.882813e+00, 4.040717e-39, 4.040717e-39
4.898438e+00, 1.637387e-39, 1.637387e-39
4.914063e+00, 6.602734e-40, 6.602734e-40
4.929688e+00, 2.649571e-40, 2.649571e-40
4.945313e+00, 1.058052e-40, 1.058052e-40
4.960938e+00, 4.204531e-41, 4.204531e-41
4.976563e+00, 1.662676e-41, 1.662676e-41
4.992188e+00, 6.543003e-42, 6.543003e-42
5.000000e+00, 4.097006e-42, 4.097006e-42


#At time: 2.507267e+01, nsteps= 207


0.000000e+00, 5.471082e-21, 4.529299e-12
7.812500e-03, 1.352548e-12, 5.302835e-12
2.343750e-02, 4.201321e-12, 7.255517e-12
3.906250e-02, 7.473924e-12, 9.903070e-12
5.468750e-02, 1.146790e-11, 1.348381e-11
7.031250e-02, 1.654285e-11, 1.831456e-11
8.593750e-02, 2.314894e-11, 2.481543e-11
1.015625e-01, 3.186202e-11, 3.354194e-11
1.171875e-01, 4.342760e-11, 4.522681e-11
1.328125e-01, 5.881671e-11, 6.083380e-11
1.484375e-01, 7.929698e-11, 8.162724e-11
1.640625e-01, 1.065235e-10, 1.092614e-10
1.796875e-01, 1.426550e-10, 1.458946e-10
1.953125e-01, 1.905016e-10, 1.943360e-10
2.109375e-01, 2.537135e-10, 2.582311e-10
2.265625e-01, 3.370204e-10, 3.422985e-10
2.421875e-01, 4.465344e-10, 4.526293e-10
2.578125e-01, 5.901335e-10, 5.970651e-10
2.734375e-01, 7.779435e-10, 7.856731e-10
2.890625e-01, 1.022944e-09, 1.031344e-09
3.046875e-01, 1.341725e-09, 1.350536e-09
3.203125e-01, 1.755436e-09, 1.764209e-09
3.359375e-01, 2.290957e-09, 2.298980e-09
3.515625e-01, 2.982363e-09, 2.988558e-09
3.671875e-01, 3.872723e-09, 3.875515e-09
3.828125e-01, 5.016323e-09, 5.013470e-09
3.984375e-01, 6.481393e-09, 6.469767e-09
4.140625e-01, 8.353445e-09, 8.328755e-09
4.296875e-01, 1.073935e-08, 1.069579e-08
4.453125e-01, 1.377229e-08, 1.370209e-08
4.609375e-01, 1.761776e-08, 1.751064e-08
4.765625e-01, 2.248082e-08, 2.232330e-08
4.921875e-01, 2.861483e-08, 2.838940e-08
5.078125e-01, 3.633193e-08, 3.601597e-08
5.234375e-01, 4.601555e-08, 4.558010e-08
5.390625e-01, 5.813533e-08, 5.754357e-08
5.546875e-01, 7.326485e-08, 7.247020e-08
5.703125e-01, 9.210257e-08, 9.104654e-08
5.859375e-01, 1.154966e-07, 1.141060e-07
6.015625e-01, 1.444734e-07, 1.426577e-07
6.171875e-01, 1.802724e-07, 1.779192e-07
6.328125e-01, 2.243848e-07, 2.213562e-07
6.484375e-01, 2.785999e-07, 2.747274e-07
6.640625e-01, 3.450582e-07, 3.401367e-07
6.796875e-01, 4.263128e-07, 4.200937e-07
6.953125e-01, 5.253990e-07, 5.175831e-07
7.109375e-01, 6.459155e-07, 6.361438e-07
7.265625e-01, 7.921149e-07, 7.799590e-07
7.421875e-01, 9.690077e-07, 9.539585e-07
7.578125e-01, 1.182479e-06, 1.163934e-06
7.734375e-01, 1.439418e-06, 1.416670e-06
7.890625e-01, 1.747868e-06, 1.720086e-06
8.046875e-01, 2.117185e-06, 2.083401e-06
8.203125e-01, 2.558221e-06, 2.517310e-06
8.359375e-01, 3.083520e-06, 3.034184e-06
8.515625e-01, 3.707536e-06, 3.648282e-06
8.671875e-01, 4.446869e-06, 4.375988e-06
8.828125e-01, 5.320521e-06, 5.236065e-06
8.984375e-01, 6.350170e-06, 6.249932e-06
9.140625e-01, 7.560459e-06, 7.441950e-06
9.296875e-01, 8.979315e-06, 8.839739e-06
9.453125e-01, 1.063827e-05, 1.047450e-05
9.609375e-01, 1.257278e-05, 1.238137e-05
9.765625e-01, 1.482264e-05, 1.459974e-05
9.921875e-01, 1.743225e-05, 1.717365e-05
1.007813e+00, 2.045104e-05, 2.015216e-05
1.023438e+00, 2.393383e-05, 2.358967e-05
1.039063e+00, 2.794113e-05, 2.754630e-05
1.054688e+00, 3.253951e-05, 3.208825e-05
1.070313e+00, 3.780193e-05, 3.728808e-05
1.085938e+00, 4.380795e-05, 4.322502e-05
1.101563e+00, 5.064405e-05, 4.998522e-05
1.117188e+00, 5.840376e-05, 5.766195e-05
1.132813e+00, 6.718779e-05, 6.635570e-05
1.148438e+00, 7.710410e-05, 7.617430e-05
1.164063e+00, 8.826783e-05, 8.723282e-05
1.179688e+00, 1.008012e-04, 9.965351e-05
1.195313e+00, 1.148332e-04, 1.135655e-04
1.210938e+00, 1.304992e-04, 1.291046e-04
1.226563e+00, 1.479407e-04, 1.464125e-04
1.242188e+00, 1.673042e-04, 1.656364e-04
1.257813e+00, 1.887408e-04, 1.869282e-04
1.273438e+00, 2.124050e-04, 2.104433e-04
1.289063e+00, 2.384537e-04, 2.363396e-04
1.304688e+00, 2.670447e-04, 2.647763e-04
1.320313e+00, 2.983354e-04, 2.959123e-04
1.335938e+00, 3.324809e-04, 3.299045e-04
1.351563e+00, 3.696325e-04, 3.669059e-04
1.367188e+00, 4.099352e-04, 4.070637e-04
1.382813e+00, 4.535261e-04, 4.505172e-04
1.398438e+00, 5.005315e-04, 4.973951e-04
1.414063e+00, 5.510651e-04, 5.478138e-04
1.429688e+00, 6.052253e-04, 6.018741e-04
1.445313e+00, 6.630925e-04, 6.596592e-04
1.460938e+00, 7.247266e-04, 7.212317e-04
1.476563e+00, 7.901645e-04, 7.866313e-04
1.492188e+00, 8.594178e-04, 8.558722e-04
1.507813e+00, 9.324699e-04, 9.289404e-04
1.523438e+00, 1.009274e-03, 1.005792e-03
1.539063e+00, 1.089752e-03, 1.086349e-03
1.554688e+00, 1.173789e-03, 1.170502e-03
1.570313e+00, 1.261238e-03, 1.258103e-03
1.585938e+00, 1.351913e-03, 1.348967e-03
1.601563e+00, 1.445590e-03, 1.442872e-03
1.617188e+00, 1.542007e-03, 1.539556e-03
1.632813e+00, 1.640863e-03, 1.638718e-03
1.648438e+00, 1.741822e-03, 1.740021e-03
1.664063e+00, 1.844508e-03, 1.843087e-03
1.679688e+00, 1.948509e-03, 1.947505e-03
1.695313e+00, 2.053384e-03, 2.052828e-03
1.710938e+00, 2.158656e-03, 2.158578e-03
1.726563e+00, 2.263823e-03, 2.264249e-03
1.742188e+00, 2.368358e-03, 2.369310e-03
1.757813e+00, 2.471714e-03, 2.473209e-03
1.773438e+00, 2.573328e-03, 2.575378e-03
1.789063e+00, 2.672626e-03, 2.675238e-03
1.804688e+00, 2.769029e-03, 2.772203e-03
1.820313e+00, 2.861957e-03, 2.865689e-03
1.835938e+00, 2.950836e-03, 2.955114e-03
1.851563e+00, 3.035103e-03, 3.039909e-03
1.867188e+00, 3.114213e-03, 3.119524e-03
1.882813e+00, 3.187643e-03, 3.193429e-03
1.898438e+00, 3.254899e-03, 3.261125e-03
1.914063e+00, 3.315523e-03, 3.322147e-03
1.929688e+00, 3.369094e-03, 3.376071e-03
1.945313e+00, 3.415237e-03, 3.422516e-03
1.960938e+00, 3.453626e-03, 3.461152e-03
1.976563e+00, 3.483985e-03, 3.491701e-03
1.992188e+00, 3.506098e-03, 3.513943e-03
2.007813e+00, 3.519803e-03, 3.527716e-03
2.023438e+00, 3.525003e-03, 3.532920e-03
2.039063e+00, 3.521657e-03, 3.529517e-03
2.054688e+00, 3.509792e-03, 3.517531e-03
2.070313e+00, 3.489492e-03, 3.497050e-03
2.085938e+00, 3.460905e-03, 3.468223e-03
2.101563e+00, 3.424235e-03, 3.431258e-03
2.117188e+00, 3.379745e-03, 3.386422e-03
2.132813e+00, 3.327750e-03, 3.334034e-03
2.148438e+00, 3.268616e-03, 3.274464e-03
2.164063e+00, 3.202752e-03, 3.208128e-03
2.179688e+00, 3.130609e-03, 3.135482e-03
2.195313e+00, 3.052675e-03, 3.057020e-03
2.210938e+00, 2.969466e-03, 2.973263e-03
2.226563e+00, 2.881523e-03, 2.884761e-03
2.242188e+00, 2.789406e-03, 2.792078e-03
2.257813e+00, 2.693687e-03, 2.695792e-03
2.273438e+00, 2.594944e-03, 2.596489e-03
2.289063e+00, 2.493759e-03, 2.494755e-03
2.304688e+00, 2.390707e-03, 2.391171e-03
2.320313e+00, 2.286355e-03, 2.286307e-03
2.335938e+00, 2.181252e-03, 2.180719e-03
2.351563e+00, 2.075932e-03, 2.074943e-03
2.367188e+00, 1.970904e-03, 1.969490e-03
2.382813e+00, 1.866647e-03, 1.864845e-03
2.398438e+00, 1.763614e-03, 1.761460e-03
2.414063e+00, 1.662223e-03, 1.659756e-03
2.429688e+00, 1.562857e-03, 1.560116e-03
2.445313e+00, 1.465863e-03, 1.462887e-03
2.460938e+00, 1.371548e-03, 1.368378e-03
2.476563e+00, 1.280184e-03, 1.276858e-03
2.492188e+00, 1.192003e-03, 1.188557e-03
2.507813e+00, 1.107198e-03, 1.103670e-03
2.523438e+00, 1.025927e-03, 1.022349e-03
2.539063e+00, 9.483102e-04, 9.447146e-04
2.554688e+00, 8.744337e-04, 8.708498e-04
2.570313e+00, 8.043513e-04, 8.008058e-04
2.585938e+00, 7.380856e-04, 7.346024e-04
2.601563e+00, 6.756310e-04, 6.722313e-04
2.617188e+00, 6.169558e-04, 6.136580e-04
2.632813e+00, 5.620046e-04, 5.588244e-04
2.648438e+00, 5.107011e-04, 5.076513e-04
2.664063e+00, 4.629506e-04, 4.600414e-04
2.679688e+00, 4.186422e-04, 4.158815e-04
2.695313e+00, 3.776519e-04, 3.750451e-04
2.710938e+00, 3.398445e-04, 3.373950e-04
2.726563e+00, 3.050764e-04, 3.027855e-04
2.742188e+00, 2.731973e-04, 2.710645e-04
2.757813e+00, 2.440525e-04, 2.420759e-04
2.773438e+00, 2.174848e-04, 2.156611e-04
2.789063e+00, 1.933362e-04, 1.916607e-04
2.804688e+00, 1.714492e-04, 1.699166e-04
2.820313e+00, 1.516685e-04, 1.502726e-04
2.835938e+00, 1.338422e-04, 1.325760e-04
2.851563e+00, 1.178224e-04, 1.166786e-04
2.867188e+00, 1.034664e-04, 1.024375e-04
2.882813e+00, 9.063737e-05, 8.971557e-05
2.898438e+00, 7.920477e-05, 7.838230e-05
2.914063e+00, 6.904481e-05, 6.831395e-05
2.929688e+00, 6.004074e-05, 5.939393e-05
2.945313e+00, 5.208301e-05, 5.151289e-05
2.960938e+00, 4.506927e-05, 4.456882e-05
2.976563e+00, 3.890445e-05, 3.846693e-05
2.992188e+00, 3.350053e-05, 3.311961e-05
3.007813e+00, 2.877647e-05, 2.844619e-05
3.023438e+00, 2.465791e-05, 2.437273e-05
3.039063e+00, 2.107693e-05, 2.083174e-05
3.054688e+00, 1.797177e-05, 1.776185e-05
3.070313e+00, 1.528642e-05, 1.510748e-05
3.085938e+00, 1.297036e-05, 1.281850e-05
3.101563e+00, 1.097814e-05, 1.084985e-05
3.117188e+00, 9.269070e-06, 9.161179e-06
3.132813e+00, 7.806804e-06, 7.716498e-06
3.148438e+00, 6.559032e-06, 6.483812e-06
3.164063e+00, 5.497120e-06, 5.434778e-06
3.179688e+00, 4.595778e-06, 4.544378e-06
3.195313e+00, 3.832754e-06, 3.790603e-06
3.210938e+00, 3.188528e-06, 3.154158e-06
3.226563e+00, 2.646040e-06, 2.618182e-06
3.242188e+00, 2.190429e-06, 2.167991e-06
3.257813e+00, 1.808789e-06, 1.790838e-06
3.273438e+00, 1.489951e-06, 1.475695e-06
3.289063e+00, 1.224280e-06, 1.213048e-06
3.304688e+00, 1.003493e-06, 9.947194e-07
3.320313e+00, 8.204866e-07, 8.137003e-07
3.335938e+00, 6.691940e-07, 6.640024e-07
3.351563e+00, 5.444466e-07, 5.405253e-07
3.367188e+00, 4.418560e-07, 4.389385e-07
3.382813e+00, 3.577073e-07, 3.555761e-07
3.398438e+00, 2.888657e-07, 2.873444e-07
3.414063e+00, 2.326937e-07, 2.316403e-07
3.429688e+00, 1.869791e-07, 1.862802e-07
3.445313e+00, 1.498721e-07, 1.494379e-07
3.460938e+00, 1.198305e-07, 1.195902e-07
3.476563e+00, 9.557231e-08, 9.547115e-08
3.492188e+00, 7.603512e-08, 7.603084e-08
3.507813e+00, 6.034110e-08, 6.040163e-08
3.523438e+00, 4.776706e-08, 4.786839e-08
3.539063e+00, 3.771894e-08, 3.784340e-08
3.554688e+00, 2.971019e-08, 2.984509e-08
3.570313e+00, 2.334349e-08, 2.347993e-08
3.585938e+00, 1.829531e-08, 1.842731e-08
3.601563e+00, 1.430299e-08, 1.442674e-08
3.617188e+00, 1.115389e-08, 1.126720e-08
3.632813e+00, 8.676355e-09, 8.778186e-09
3.648438e+00, 6.732239e-09, 6.822364e-09
3.664063e+00, 5.210652e-09, 5.289398e-09
3.679688e+00, 4.022855e-09, 4.090901e-09
3.695313e+00, 3.098030e-09, 3.156260e-09
3.710938e+00, 2.379825e-09, 2.429226e-09
3.726563e+00, 1.823527e-09, 1.865109e-09
3.742188e+00, 1.393754e-09, 1.428506e-09
3.757813e+00, 1.062591e-09, 1.091442e-09
3.773438e+00, 8.080749e-10, 8.318805e-10
3.789063e+00, 6.129736e-10, 6.325026e-10
3.804688e+00, 4.638054e-10, 4.797389e-10
3.820313e+00, 3.500524e-10, 3.629852e-10
3.835938e+00, 2.635316e-10, 2.739769e-10
3.851563e+00, 1.978946e-10, 2.062910e-10
3.867188e+00, 1.482301e-10, 1.549487e-10
3.882813e+00, 1.107487e-10, 1.161012e-10
3.898438e+00, 8.253540e-11, 8.678147e-11
3.914063e+00, 6.135366e-11, 6.470806e-11
3.929688e+00, 4.549235e-11, 4.813168e-11
3.945313e+00, 3.364599e-11, 3.571453e-11
3.960938e+00, 2.482129e-11, 2.643626e-11
3.976563e+00, 1.826462e-11, 1.952075e-11
3.992188e+00, 1.340576e-11, 1.437918e-11
4.007813e+00, 9.814452e-12, 1.056606e-11
4.023438e+00, 7.166934e-12, 7.745207e-12
4.039063e+00, 5.220267e-12, 5.663624e-12
4.054688e+00, 3.792653e-12, 4.131398e-12
4.070313e+00, 2.748425e-12, 3.006359e-12
4.085938e+00, 1.986616e-12, 2.182358e-12
4.101563e+00, 1.432296e-12, 1.580347e-12
4.117188e+00, 1.030004e-12, 1.141616e-12
4.132813e+00, 7.388090e-13, 8.226761e-13
4.148438e+00, 5.285806e-13, 5.913969e-13
4.164063e+00, 3.772031e-13, 4.241021e-13
4.179688e+00, 2.684870e-13, 3.033912e-13
4.195313e+00, 1.906139e-13, 2.165095e-13
4.210938e+00, 1.349796e-13, 1.541317e-13
4.226563e+00, 9.533730e-14, 1.094582e-13
4.242188e+00, 6.716424e-14, 7.754361e-14
4.257813e+00, 4.719465e-14, 5.480054e-14
4.273438e+00, 3.307699e-14, 3.863358e-14
4.289063e+00, 2.312260e-14, 2.716979e-14
4.304688e+00, 1.612219e-14, 1.906114e-14
4.320313e+00, 1.121210e-14, 1.333991e-14
4.335938e+00, 7.777222e-15, 9.313179e-15
4.351563e+00, 5.380663e-15, 6.486110e-15
4.367188e+00, 3.712955e-15, 4.506215e-15
4.382813e+00, 2.555497e-15, 3.123064e-15
4.398438e+00, 1.754291e-15, 2.159190e-15
4.414063e+00, 1.201151e-15, 1.489163e-15
4.429688e+00, 8.202802e-16, 1.024554e-15
4.445313e+00, 5.587203e-16, 7.031837e-16
4.460938e+00, 3.795712e-16, 4.814419e-16
4.476563e+00, 2.571922e-16, 3.288215e-16
4.492188e+00, 1.738148e-16, 2.240360e-16
4.507813e+00, 1.171599e-16, 1.522708e-16
4.523438e+00, 7.876510e-17, 1.032421e-16
4.539063e+00, 5.281411e-17, 6.982938e-17
4.554688e+00, 3.532046e-17, 4.711518e-17
4.570313e+00, 2.355928e-17, 3.171208e-17
4.585938e+00, 1.567313e-17, 2.129265e-17
4.601563e+00, 1.039936e-17, 1.426186e-17
4.617188e+00, 6.881974e-18, 9.529361e-18
4.632813e+00, 4.542286e-18, 6.351739e-18
4.648438e+00, 2.990127e-18, 4.223405e-18
4.664063e+00, 1.963167e-18, 2.801393e-18
4.679688e+00, 1.285513e-18, 1.853646e-18
4.695313e+00, 8.395484e-19, 1.223547e-18
4.710938e+00, 5.468451e-19, 8.056672e-19
4.726563e+00, 3.552473e-19, 5.292149e-19
4.742188e+00, 2.301676e-19, 3.467765e-19
4.757813e+00, 1.487316e-19, 2.266776e-19
4.773438e+00, 9.585319e-20, 1.478116e-19
4.789063e+00, 6.161025e-20, 9.615015e-20
4.804688e+00, 3.949487e-20, 6.239253e-20
4.820313e+00, 2.525033e-20, 4.038838e-20
4.835938e+00, 1.610004e-20, 2.608084e-20
4.851563e+00, 1.023787e-20, 1.680072e-20
4.867188e+00, 6.492130e-21, 1.079631e-20
4.882813e+00, 4.104765e-21, 6.920928e-21
4.898438e+00, 2.586580e-21, 4.425827e-21
4.914063e+00, 1.622572e-21, 2.823357e-21
4.929688e+00, 1.010176e-21, 1.796712e-21
4.945313e+00, 6.190084e-22, 1.140597e-21
4.960938e+00, 3.646004e-22, 7.223162e-22
4.976563e+00, 1.911119e-22, 4.563139e-22
4.992188e+00, 5.970672e-23, 2.875685e-22
5.000000e+00, 1.294916e-41, 2.280778e-22


#At time: 5.002422e+01, nsteps= 413


0.000000e+00, 1.616897e-21, 2.390111e-09
7.812500e-03, 5.091205e-10, 2.658798e-09
2.343750e-02, 1.554614e-09, 3.286168e-09
3.906250e-02, 2.675228e-09, 4.054970e-09
5.468750e-02, 3.914043e-09, 4.995499e-09
7.031250e-02, 5.318536e-09, 6.144173e-09
8.593750e-02, 6.942063e-09, 7.544690e-09
1.015625e-01, 8.845507e-09, 9.249382e-09
1.171875e-01, 1.109913e-08, 1.132081e-08
1.328125e-01, 1.378467e-08, 1.383361e-08
1.484375e-01, 1.699770e-08, 1.687668e-08
1.640625e-01, 2.085042e-08, 2.055567e-08
1.796875e-01, 2.547467e-08, 2.499596e-08
1.953125e-01, 3.102562e-08, 3.034600e-08
2.109375e-01, 3.768579e-08, 3.678124e-08
2.265625e-01, 4.566979e-08, 4.450867e-08
2.421875e-01, 5.522970e-08, 5.377201e-08
2.578125e-01, 6.666125e-08, 6.485766e-08
2.734375e-01, 8.031080e-08, 7.810156e-08
2.890625e-01, 9.658344e-08, 9.389694e-08
3.046875e-01, 1.159520e-07, 1.127033e-07
3.203125e-01, 1.389676e-07, 1.350564e-07
3.359375e-01, 1.662711e-07, 1.615797e-07
3.515625e-01, 1.986065e-07, 1.929977e-07
3.671875e-01, 2.368360e-07, 2.301499e-07
3.828125e-01, 2.819563e-07, 2.740077e-07
3.984375e-01, 3.351181e-07, 3.256927e-07
4.140625e-01, 3.976463e-07, 3.864976e-07
4.296875e-01, 4.710641e-07, 4.579086e-07
4.453125e-01, 5.571189e-07, 5.416320e-07
4.609375e-01, 6.578108e-07, 6.396216e-07
4.765625e-01, 7.754251e-07, 7.541110e-07
4.921875e-01, 9.125671e-07, 8.876481e-07
5.078125e-01, 1.072201e-06, 1.043133e-06
5.234375e-01, 1.257692e-06, 1.223861e-06
5.390625e-01, 1.472853e-06, 1.433566e-06
5.546875e-01, 1.721994e-06, 1.676474e-06
5.703125e-01, 2.009979e-06, 1.957353e-06
5.859375e-01, 2.342282e-06, 2.281576e-06
6.015625e-01, 2.725051e-06, 2.655180e-06
6.171875e-01, 3.165180e-06, 3.084938e-06
6.328125e-01, 3.670376e-06, 3.578429e-06
6.484375e-01, 4.249240e-06, 4.144113e-06
6.640625e-01, 4.911350e-06, 4.791419e-06
6.796875e-01, 5.667344e-06, 5.530828e-06
6.953125e-01, 6.529013e-06, 6.373963e-06
7.109375e-01, 7.509395e-06, 7.333684e-06
7.265625e-01, 8.622873e-06, 8.424193e-06
7.421875e-01, 9.885280e-06, 9.661126e-06
7.578125e-01, 1.131400e-05, 1.106167e-05
7.734375e-01, 1.292806e-05, 1.264465e-05
7.890625e-01, 1.474827e-05, 1.443066e-05
8.046875e-01, 1.679730e-05, 1.644217e-05
8.203125e-01, 1.909980e-05, 1.870361e-05
8.359375e-01, 2.168249e-05, 2.124150e-05
8.515625e-01, 2.457427e-05, 2.408453e-05
8.671875e-01, 2.780632e-05, 2.726369e-05
8.828125e-01, 3.141218e-05, 3.081232e-05
8.984375e-01, 3.542780e-05, 3.476622e-05
9.140625e-01, 3.989169e-05, 3.916373e-05
9.296875e-01, 4.484485e-05, 4.404574e-05
9.453125e-01, 5.033095e-05, 4.945579e-05
9.609375e-01, 5.639622e-05, 5.544007e-05
9.765625e-01, 6.308956e-05, 6.204742e-05
9.921875e-01, 7.046245e-05, 6.932934e-05
1.007813e+00, 7.856893e-05, 7.733993e-05
1.023438e+00, 8.746555e-05, 8.613584e-05
1.039063e+00, 9.721123e-05, 9.577614e-05
1.054688e+00, 1.078672e-04, 1.063222e-04
1.070313e+00, 1.194966e-04, 1.178377e-04
1.085938e+00, 1.321647e-04, 1.303881e-04
1.101563e+00, 1.459382e-04, 1.440406e-04
1.117188e+00, 1.608854e-04, 1.588639e-04
1.132813e+00, 1.770755e-04, 1.749278e-04
1.148438e+00, 1.945783e-04, 1.923029e-04
1.164063e+00, 2.134640e-04, 2.110601e-04
1.179688e+00, 2.338026e-04, 2.312704e-04
1.195313e+00, 2.556634e-04, 2.530039e-04
1.210938e+00, 2.791146e-04, 2.763298e-04
1.226563e+00, 3.042226e-04, 3.013155e-04
1.242188e+00, 3.310513e-04, 3.280264e-04
1.257813e+00, 3.596617e-04, 3.565245e-04
1.273438e+00, 3.901111e-04, 3.868685e-04
1.289063e+00, 4.224523e-04, 4.191126e-04
1.304688e+00, 4.567332e-04, 4.533060e-04
1.320313e+00, 4.929954e-04, 4.894919e-04
1.335938e+00, 5.312743e-04, 5.277072e-04
1.351563e+00, 5.715978e-04, 5.679810e-04
1.367188e+00, 6.139854e-04, 6.103347e-04
1.382813e+00, 6.584480e-04, 6.547803e-04
1.398438e+00, 7.049868e-04, 7.013205e-04
1.414063e+00, 7.535925e-04, 7.499475e-04
1.429688e+00, 8.042449e-04, 8.006423e-04
1.445313e+00, 8.569124e-04, 8.533743e-04
1.460938e+00, 9.115508e-04, 9.081006e-04
1.476563e+00, 9.681034e-04, 9.647655e-04
1.492188e+00, 1.026501e-03, 1.023300e-03
1.507813e+00, 1.086659e-03, 1.083621e-03
1.523438e+00, 1.148482e-03, 1.145632e-03
1.539063e+00, 1.211857e-03, 1.209223e-03
1.554688e+00, 1.276662e-03, 1.274269e-03
1.570313e+00, 1.342756e-03, 1.340631e-03
1.585938e+00, 1.409988e-03, 1.408155e-03
1.601563e+00, 1.478191e-03, 1.476676e-03
1.617188e+00, 1.547187e-03, 1.546014e-03
1.632813e+00, 1.616785e-03, 1.615976e-03
1.648438e+00, 1.686782e-03, 1.686358e-03
1.664063e+00, 1.756964e-03, 1.756944e-03
1.679688e+00, 1.827108e-03, 1.827509e-03
1.695313e+00, 1.896980e-03, 1.897817e-03
1.710938e+00, 1.966340e-03, 1.967627e-03
1.726563e+00, 2.034942e-03, 2.036687e-03
1.742188e+00, 2.102534e-03, 2.104745e-03
1.757813e+00, 2.168859e-03, 2.171540e-03
1.773438e+00, 2.233662e-03, 2.236813e-03
1.789063e+00, 2.296682e-03, 2.300301e-03
1.804688e+00, 2.357665e-03, 2.361746e-03
1.820313e+00, 2.416356e-03, 2.420891e-03
1.835938e+00, 2.472506e-03, 2.477482e-03
1.851563e+00, 2.525873e-03, 2.531273e-03
1.867188e+00, 2.576223e-03, 2.582029e-03
1.882813e+00, 2.623331e-03, 2.629520e-03
1.898438e+00, 2.666984e-03, 2.673531e-03
1.914063e+00, 2.706983e-03, 2.713859e-03
1.929688e+00, 2.743143e-03, 2.750317e-03
1.945313e+00, 2.775295e-03, 2.782733e-03
1.960938e+00, 2.803287e-03, 2.810954e-03
1.976563e+00, 2.826987e-03, 2.834845e-03
1.992188e+00, 2.846282e-03, 2.854291e-03
2.007813e+00, 2.861079e-03, 2.869199e-03
2.023438e+00, 2.871306e-03, 2.879495e-03
2.039063e+00, 2.876914e-03, 2.885130e-03
2.054688e+00, 2.877875e-03, 2.886076e-03
2.070313e+00, 2.874186e-03, 2.882329e-03
2.085938e+00, 2.865864e-03, 2.873907e-03
2.101563e+00, 2.852949e-03, 2.860851e-03
2.117188e+00, 2.835503e-03, 2.843225e-03
2.132813e+00, 2.813611e-03, 2.821113e-03
2.148438e+00, 2.787375e-03, 2.794622e-03
2.164063e+00, 2.756923e-03, 2.763879e-03
2.179688e+00, 2.722396e-03, 2.729031e-03
2.195313e+00, 2.683957e-03, 2.690241e-03
2.210938e+00, 2.641785e-03, 2.647691e-03
2.226563e+00, 2.596073e-03, 2.601577e-03
2.242188e+00, 2.547028e-03, 2.552111e-03
2.257813e+00, 2.494870e-03, 2.499515e-03
2.273438e+00, 2.439830e-03, 2.444024e-03
2.289063e+00, 2.382148e-03, 2.385879e-03
2.304688e+00, 2.322068e-03, 2.325330e-03
2.320313e+00, 2.259844e-03, 2.262634e-03
2.335938e+00, 2.195732e-03, 2.198049e-03
2.351563e+00, 2.129988e-03, 2.131836e-03
2.367188e+00, 2.062871e-03, 2.064256e-03
2.382813e+00, 1.994638e-03, 1.995569e-03
2.398438e+00, 1.925542e-03, 1.926031e-03
2.414063e+00, 1.855833e-03, 1.855894e-03
2.429688e+00, 1.785753e-03, 1.785404e-03
2.445313e+00, 1.715540e-03, 1.714799e-03
2.460938e+00, 1.645420e-03, 1.644308e-03
2.476563e+00, 1.575613e-03, 1.574152e-03
2.492188e+00, 1.506325e-03, 1.504538e-03
2.507813e+00, 1.437753e-03, 1.435666e-03
2.523438e+00, 1.370081e-03, 1.367719e-03
2.539063e+00, 1.303481e-03, 1.300870e-03
2.554688e+00, 1.238109e-03, 1.235276e-03
2.570313e+00, 1.174112e-03, 1.171083e-03
2.585938e+00, 1.111619e-03, 1.108420e-03
2.601563e+00, 1.050748e-03, 1.047405e-03
2.617188e+00, 9.916007e-04, 9.881401e-04
2.632813e+00, 9.342666e-04, 9.307126e-04
2.648438e+00, 8.788209e-04, 8.751974e-04
2.664063e+00, 8.253259e-04, 8.216556e-04
2.679688e+00, 7.738307e-04, 7.701353e-04
2.695313e+00, 7.243721e-04, 7.206718e-04
2.710938e+00, 6.769751e-04, 6.732889e-04
2.726563e+00, 6.316532e-04, 6.279987e-04
2.742188e+00, 5.884094e-04, 5.848027e-04
2.757813e+00, 5.472369e-04, 5.436926e-04
2.773438e+00, 5.081195e-04, 5.046506e-04
2.789063e+00, 4.710325e-04, 4.676506e-04
2.804688e+00, 4.359436e-04, 4.326589e-04
2.820313e+00, 4.028136e-04, 3.996347e-04
2.835938e+00, 3.715969e-04, 3.685310e-04
2.851563e+00, 3.422426e-04, 3.392956e-04
2.867188e+00, 3.146951e-04, 3.118716e-04
2.882813e+00, 2.888948e-04, 2.861981e-04
2.898438e+00, 2.647787e-04, 2.622111e-04
2.914063e+00, 2.422813e-04, 2.398440e-04
2.929688e+00, 2.213349e-04, 2.190281e-04
2.945313e+00, 2.018707e-04, 1.996937e-04
2.960938e+00, 1.838187e-04, 1.817700e-04
2.976563e+00, 1.671086e-04, 1.651860e-04
2.992188e+00, 1.516704e-04, 1.498711e-04
3.007813e+00, 1.374343e-04, 1.357550e-04
3.023438e+00, 1.243318e-04, 1.227685e-04
3.039063e+00, 1.122952e-04, 1.108439e-04
3.054688e+00, 1.012587e-04, 9.991478e-05
3.070313e+00, 9.115812e-05, 8.991686e-05
3.085938e+00, 8.193135e-05, 8.078782e-05
3.101563e+00, 7.351846e-05, 7.246762e-05
3.117188e+00, 6.586187e-05, 6.489863e-05
3.132813e+00, 5.890646e-05, 5.802570e-05
3.148438e+00, 5.259964e-05, 5.179628e-05
3.164063e+00, 4.689142e-05, 4.616047e-05
3.179688e+00, 4.173445e-05, 4.107099e-05
3.195313e+00, 3.708398e-05, 3.648325e-05
3.210938e+00, 3.289791e-05, 3.235528e-05
3.226563e+00, 2.913670e-05, 2.864774e-05
3.242188e+00, 2.576334e-05, 2.532379e-05
3.257813e+00, 2.274331e-05, 2.234913e-05
3.273438e+00, 2.004447e-05, 1.969181e-05
3.289063e+00, 1.763700e-05, 1.732225e-05
3.304688e+00, 1.549329e-05, 1.521305e-05
3.320313e+00, 1.358788e-05, 1.333895e-05
3.335938e+00, 1.189730e-05, 1.167670e-05
3.351563e+00, 1.040000e-05, 1.020498e-05
3.367188e+00, 9.076248e-06, 8.904255e-06
3.382813e+00, 7.908014e-06, 7.756688e-06
3.398438e+00, 6.878855e-06, 6.746033e-06
3.414063e+00, 5.973824e-06, 5.857523e-06
3.429688e+00, 5.179358e-06, 5.077768e-06
3.445313e+00, 4.483183e-06, 4.394658e-06
3.460938e+00, 3.874215e-06, 3.797263e-06
3.476563e+00, 3.342471e-06, 3.275742e-06
3.492188e+00, 2.878975e-06, 2.821253e-06
3.507813e+00, 2.475678e-06, 2.425871e-06
3.523438e+00, 2.125378e-06, 2.082509e-06
3.539063e+00, 1.821645e-06, 1.784840e-06
3.554688e+00, 1.558751e-06, 1.527232e-06
3.570313e+00, 1.331603e-06, 1.304681e-06
3.585938e+00, 1.135684e-06, 1.112748e-06
3.601563e+00, 9.669969e-07, 9.475077e-07
3.617188e+00, 8.220095e-07, 8.054935e-07
3.632813e+00, 6.976098e-07, 6.836514e-07
3.648438e+00, 5.910607e-07, 5.792963e-07
3.664063e+00, 4.999598e-07, 4.900723e-07
3.679688e+00, 4.222030e-07, 4.139167e-07
3.695313e+00, 3.559512e-07, 3.490270e-07
3.710938e+00, 2.996004e-07, 2.938316e-07
3.726563e+00, 2.517541e-07, 2.469627e-07
3.742188e+00, 2.111995e-07, 2.072324e-07
3.757813e+00, 1.768850e-07, 1.736110e-07
3.773438e+00, 1.479009e-07, 1.452079e-07
3.789063e+00, 1.234616e-07, 1.212542e-07
3.804688e+00, 1.028901e-07, 1.010872e-07
3.820313e+00, 8.560444e-08, 8.413747e-08
3.835938e+00, 7.110485e-08, 6.991589e-08
3.851563e+00, 5.896335e-08, 5.800370e-08
3.867188e+00, 4.881406e-08, 4.804287e-08
3.882813e+00, 4.034476e-08, 3.972789e-08
3.898438e+00, 3.328959e-08, 3.279861e-08
3.914063e+00, 2.742259e-08, 2.703390e-08
3.929688e+00, 2.255211e-08, 2.224618e-08
3.945313e+00, 1.851587e-08, 1.827660e-08
3.960938e+00, 1.517675e-08, 1.499094e-08
3.976563e+00, 1.241912e-08, 1.227596e-08
3.992188e+00, 1.014566e-08, 1.003635e-08
4.007813e+00, 8.274596e-09, 8.191987e-09
4.023438e+00, 6.737359e-09, 6.675690e-09
4.039063e+00, 5.476573e-09, 5.431208e-09
4.054688e+00, 4.444305e-09, 4.411538e-09
4.070313e+00, 3.600596e-09, 3.577478e-09
4.085938e+00, 2.912194e-09, 2.896392e-09
4.101563e+00, 2.351478e-09, 2.341160e-09
4.117188e+00, 1.895553e-09, 1.889288e-09
4.132813e+00, 1.525476e-09, 1.522154e-09
4.148438e+00, 1.225599e-09, 1.224369e-09
4.164063e+00, 9.830261e-10, 9.832403e-10
4.179688e+00, 7.871450e-10, 7.883158e-10
4.195313e+00, 6.292412e-10, 6.310070e-10
4.210938e+00, 5.021713e-10, 5.042681e-10
4.226563e+00, 4.000909e-10, 4.023298e-10
4.242188e+00, 3.182270e-10, 3.204765e-10
4.257813e+00, 2.526892e-10, 2.548611e-10
4.273438e+00, 2.003121e-10, 2.023506e-10
4.289063e+00, 1.585252e-10, 1.603979e-10
4.304688e+00, 1.252447e-10, 1.269364e-10
4.320313e+00, 9.878482e-11, 1.002922e-10
4.335938e+00, 7.778402e-11, 7.911179e-11
4.351563e+00, 6.114480e-11, 6.230298e-11
4.367188e+00, 4.798409e-11, 4.898576e-11
4.382813e+00, 3.759267e-11, 3.845247e-11
4.398438e+00, 2.940199e-11, 3.013505e-11
4.414063e+00, 2.295714e-11, 2.357833e-11
4.429688e+00, 1.789475e-11, 1.841821e-11
4.445313e+00, 1.392516e-11, 1.436400e-11
4.460938e+00, 1.081785e-11, 1.118398e-11
4.476563e+00, 8.389715e-12, 8.693830e-12
4.492188e+00, 6.495594e-12, 6.747130e-12
4.507813e+00, 5.020597e-12, 5.227817e-12
4.523438e+00, 3.873971e-12, 4.044036e-12
4.539063e+00, 2.984156e-12, 3.123224e-12
4.554688e+00, 2.294828e-12, 2.408156e-12
4.570313e+00, 1.761741e-12, 1.853785e-12
4.585938e+00, 1.350195e-12, 1.424713e-12
4.601563e+00, 1.033031e-12, 1.093173e-12
4.617188e+00, 7.890276e-13, 8.374211e-13
4.632813e+00, 6.016339e-13, 6.404602e-13
4.648438e+00, 4.579661e-13, 4.890281e-13
4.664063e+00, 3.480125e-13, 3.727939e-13
4.679688e+00, 2.640075e-13, 2.837247e-13
4.695313e+00, 1.999387e-13, 2.155852e-13
4.710938e+00, 1.511597e-13, 1.635438e-13
4.726563e+00, 1.140860e-13, 1.238633e-13
4.742188e+00, 8.595767e-14, 9.365788e-14
4.757813e+00, 6.465317e-14, 7.070328e-14
4.773438e+00, 4.854487e-14, 5.328784e-14
4.789063e+00, 3.638619e-14, 4.009683e-14
4.804688e+00, 2.722411e-14, 3.012211e-14
4.820313e+00, 2.033129e-14, 2.259197e-14
4.835938e+00, 1.515356e-14, 1.691672e-14
4.851563e+00, 1.126930e-14, 1.264654e-14
4.867188e+00, 8.358174e-15, 9.438877e-15
4.882813e+00, 6.176959e-15, 7.033354e-15
4.898438e+00, 4.541000e-15, 5.232365e-15
4.914063e+00, 3.309874e-15, 3.886216e-15
4.929688e+00, 2.376342e-15, 2.881703e-15
4.945313e+00, 1.657764e-15, 2.133363e-15
4.960938e+00, 1.089355e-15, 1.576790e-15
4.976563e+00, 6.188025e-16, 1.163526e-15
4.992188e+00, 2.018030e-16, 8.571799e-16
5.000000e+00, 4.639623e-41, 7.352836e-16


#At time: 7.509690e+01, nsteps= 620


0.000000e+00, 4.976127e-22, 5.333914e-08
7.812500e-03, 8.620009e-09, 5.782944e-08
2.343750e-02, 2.616837e-08, 6.791374e-08
3.906250e-02, 4.451716e-08, 7.965935e-08
5.468750e-02, 6.404468e-08, 9.332246e-08
7.031250e-02, 8.515390e-08, 1.091958e-07
8.593750e-02, 1.082786e-07, 1.276134e-07
1.015625e-01, 1.338900e-07, 1.489556e-07
1.171875e-01, 1.625039e-07, 1.736551e-07
1.328125e-01, 1.946879e-07, 2.022036e-07
1.484375e-01, 2.310703e-07, 2.351584e-07
1.640625e-01, 2.723483e-07, 2.731509e-07
1.796875e-01, 3.192981e-07, 3.168947e-07
1.953125e-01, 3.727849e-07, 3.671958e-07
2.109375e-01, 4.337746e-07, 4.249628e-07
2.265625e-01, 5.033458e-07, 4.912181e-07
2.421875e-01, 5.827030e-07, 5.671112e-07
2.578125e-01, 6.731910e-07, 6.539318e-07
2.734375e-01, 7.763105e-07, 7.531250e-07
2.890625e-01, 8.937347e-07, 8.663075e-07
3.046875e-01, 1.027328e-06, 9.952848e-07
3.203125e-01, 1.179163e-06, 1.142071e-06
3.359375e-01, 1.351546e-06, 1.308908e-06
3.515625e-01, 1.547034e-06, 1.498289e-06
3.671875e-01, 1.768463e-06, 1.712981e-06
3.828125e-01, 2.018970e-06, 1.956049e-06
3.984375e-01, 2.302024e-06, 2.230885e-06
4.140625e-01, 2.621450e-06, 2.541237e-06
4.296875e-01, 2.981464e-06, 2.891235e-06
4.453125e-01, 3.386704e-06, 3.285429e-06
4.609375e-01, 3.842260e-06, 3.728817e-06
4.765625e-01, 4.353715e-06, 4.226885e-06
4.921875e-01, 4.927179e-06, 4.785642e-06
5.078125e-01, 5.569328e-06, 5.411658e-06
5.234375e-01, 6.287445e-06, 6.112106e-06
5.390625e-01, 7.089460e-06, 6.894801e-06
5.546875e-01, 7.983991e-06, 7.768246e-06
5.703125e-01, 8.980392e-06, 8.741673e-06
5.859375e-01, 1.008879e-05, 9.825090e-06
6.015625e-01, 1.132015e-05, 1.102932e-05
6.171875e-01, 1.268627e-05, 1.236607e-05
6.328125e-01, 1.419990e-05, 1.384792e-05
6.484375e-01, 1.587472e-05, 1.548846e-05
6.640625e-01, 1.772541e-05, 1.730222e-05
6.796875e-01, 1.976771e-05, 1.930484e-05
6.953125e-01, 2.201843e-05, 2.151299e-05
7.109375e-01, 2.449550e-05, 2.394449e-05
7.265625e-01, 2.721800e-05, 2.661834e-05
7.421875e-01, 3.020622e-05, 2.955470e-05
7.578125e-01, 3.348165e-05, 3.277499e-05
7.734375e-01, 3.706702e-05, 3.630187e-05
7.890625e-01, 4.098632e-05, 4.015927e-05
8.046875e-01, 4.526482e-05, 4.437240e-05
8.203125e-01, 4.992905e-05, 4.896778e-05
8.359375e-01, 5.500681e-05, 5.397321e-05
8.515625e-01, 6.052720e-05, 5.941779e-05
8.671875e-01, 6.652051e-05, 6.533187e-05
8.828125e-01, 7.301827e-05, 7.174706e-05
8.984375e-01, 8.005318e-05, 7.869614e-05
9.140625e-01, 8.765906e-05, 8.621308e-05
9.296875e-01, 9.587078e-05, 9.433291e-05
9.453125e-01, 1.047242e-04, 1.030917e-04
9.609375e-01, 1.142561e-04, 1.125264e-04
9.765625e-01, 1.245039e-04, 1.226749e-04
9.921875e-01, 1.355059e-04, 1.335756e-04
1.007813e+00, 1.473008e-04, 1.452677e-04
1.023438e+00, 1.599277e-04, 1.577907e-04
1.039063e+00, 1.734259e-04, 1.711844e-04
1.054688e+00, 1.878348e-04, 1.854886e-04
1.070313e+00, 2.031936e-04, 2.007431e-04
1.085938e+00, 2.195413e-04, 2.169873e-04
1.101563e+00, 2.369159e-04, 2.342602e-04
1.117188e+00, 2.553551e-04, 2.525998e-04
1.132813e+00, 2.748950e-04, 2.720432e-04
1.148438e+00, 2.955708e-04, 2.926261e-04
1.164063e+00, 3.174158e-04, 3.143828e-04
1.179688e+00, 3.404613e-04, 3.373453e-04
1.195313e+00, 3.647368e-04, 3.615439e-04
1.210938e+00, 3.902687e-04, 3.870061e-04
1.226563e+00, 4.170811e-04, 4.137565e-04
1.242188e+00, 4.451946e-04, 4.418169e-04
1.257813e+00, 4.746264e-04, 4.712053e-04
1.273438e+00, 5.053900e-04, 5.019360e-04
1.289063e+00, 5.374946e-04, 5.340192e-04
1.304688e+00, 5.709452e-04, 5.674607e-04
1.320313e+00, 6.057418e-04, 6.022615e-04
1.335938e+00, 6.418797e-04, 6.384175e-04
1.351563e+00, 6.793486e-04, 6.759193e-04
1.367188e+00, 7.181327e-04, 7.147517e-04
1.382813e+00, 7.582105e-04, 7.548940e-04
1.398438e+00, 7.995543e-04, 7.963191e-04
1.414063e+00, 8.421304e-04, 8.389936e-04
1.429688e+00, 8.858982e-04, 8.828777e-04
1.445313e+00, 9.308112e-04, 9.279248e-04
1.460938e+00, 9.768156e-04, 9.740817e-04
1.476563e+00, 1.023851e-03, 1.021288e-03
1.492188e+00, 1.071851e-03, 1.069478e-03
1.507813e+00, 1.120742e-03, 1.118576e-03
1.523438e+00, 1.170442e-03, 1.168502e-03
1.539063e+00, 1.220866e-03, 1.219169e-03
1.554688e+00, 1.271919e-03, 1.270483e-03
1.570313e+00, 1.323501e-03, 1.322343e-03
1.585938e+00, 1.375507e-03, 1.374642e-03
1.601563e+00, 1.427824e-03, 1.427268e-03
1.617188e+00, 1.480336e-03, 1.480103e-03
1.632813e+00, 1.532920e-03, 1.533022e-03
1.648438e+00, 1.585450e-03, 1.585899e-03
1.664063e+00, 1.637793e-03, 1.638600e-03
1.679688e+00, 1.689816e-03, 1.690989e-03
1.695313e+00, 1.741379e-03, 1.742926e-03
1.710938e+00, 1.792343e-03, 1.794268e-03
1.726563e+00, 1.842564e-03, 1.844872e-03
1.742188e+00, 1.891899e-03, 1.894591e-03
1.757813e+00, 1.940202e-03, 1.943279e-03
1.773438e+00, 1.987330e-03, 1.990788e-03
1.789063e+00, 2.033138e-03, 2.036974e-03
1.804688e+00, 2.077483e-03, 2.081691e-03
1.820313e+00, 2.120225e-03, 2.124796e-03
1.835938e+00, 2.161226e-03, 2.166151e-03
1.851563e+00, 2.200354e-03, 2.205619e-03
1.867188e+00, 2.237478e-03, 2.243070e-03
1.882813e+00, 2.272473e-03, 2.278376e-03
1.898438e+00, 2.305222e-03, 2.311417e-03
1.914063e+00, 2.335612e-03, 2.342079e-03
1.929688e+00, 2.363537e-03, 2.370256e-03
1.945313e+00, 2.388901e-03, 2.395848e-03
1.960938e+00, 2.411615e-03, 2.418765e-03
1.976563e+00, 2.431597e-03, 2.438925e-03
1.992188e+00, 2.448776e-03, 2.456256e-03
2.007813e+00, 2.463092e-03, 2.470695e-03
2.023438e+00, 2.474492e-03, 2.482190e-03
2.039063e+00, 2.482935e-03, 2.490699e-03
2.054688e+00, 2.488391e-03, 2.496191e-03
2.070313e+00, 2.490840e-03, 2.498647e-03
2.085938e+00, 2.490273e-03, 2.498056e-03
2.101563e+00, 2.486692e-03, 2.494422e-03
2.117188e+00, 2.480110e-03, 2.487758e-03
2.132813e+00, 2.470550e-03, 2.478087e-03
2.148438e+00, 2.458048e-03, 2.465445e-03
2.164063e+00, 2.442648e-03, 2.449878e-03
2.179688e+00, 2.424406e-03, 2.431443e-03
2.195313e+00, 2.403386e-03, 2.410205e-03
2.210938e+00, 2.379664e-03, 2.386241e-03
2.226563e+00, 2.353322e-03, 2.359636e-03
2.242188e+00, 2.324455e-03, 2.330484e-03
2.257813e+00, 2.293161e-03, 2.298886e-03
2.273438e+00, 2.259548e-03, 2.264953e-03
2.289063e+00, 2.223732e-03, 2.228802e-03
2.304688e+00, 2.185833e-03, 2.190554e-03
2.320313e+00, 2.145978e-03, 2.150338e-03
2.335938e+00, 2.104298e-03, 2.108289e-03
2.351563e+00, 2.060927e-03, 2.064542e-03
2.367188e+00, 2.016006e-03, 2.019239e-03
2.382813e+00, 1.969675e-03, 1.972523e-03
2.398438e+00, 1.922077e-03, 1.924539e-03
2.414063e+00, 1.873356e-03, 1.875434e-03
2.429688e+00, 1.823659e-03, 1.825355e-03
2.445313e+00, 1.773129e-03, 1.774448e-03
2.460938e+00, 1.721909e-03, 1.722858e-03
2.476563e+00, 1.670143e-03, 1.670729e-03
2.492188e+00, 1.617970e-03, 1.618203e-03
2.507813e+00, 1.565527e-03, 1.565418e-03
2.523438e+00, 1.512948e-03, 1.512509e-03
2.539063e+00, 1.460362e-03, 1.459607e-03
2.554688e+00, 1.407895e-03, 1.406839e-03
2.570313e+00, 1.355667e-03, 1.354326e-03
2.585938e+00, 1.303794e-03, 1.302184e-03
2.601563e+00, 1.252385e-03, 1.250523e-03
2.617188e+00, 1.201545e-03, 1.199449e-03
2.632813e+00, 1.151370e-03, 1.149058e-03
2.648438e+00, 1.101952e-03, 1.099443e-03
2.664063e+00, 1.053376e-03, 1.050688e-03
2.679688e+00, 1.005720e-03, 1.002871e-03
2.695313e+00, 9.590542e-04, 9.560634e-04
2.710938e+00, 9.134444e-04, 9.103299e-04
2.726563e+00, 8.689478e-04, 8.657276e-04
2.742188e+00, 8.256156e-04, 8.223072e-04
2.757813e+00, 7.834920e-04, 7.801126e-04
2.773438e+00, 7.426151e-04, 7.391811e-04
2.789063e+00, 7.030163e-04, 6.995437e-04
2.804688e+00, 6.647209e-04, 6.612248e-04
2.820313e+00, 6.277484e-04, 6.242432e-04
2.835938e+00, 5.921123e-04, 5.886117e-04
2.851563e+00, 5.578208e-04, 5.543375e-04
2.867188e+00, 5.248769e-04, 5.214229e-04
2.882813e+00, 4.932786e-04, 4.898648e-04
2.898438e+00, 4.630192e-04, 4.596558e-04
2.914063e+00, 4.340879e-04, 4.307841e-04
2.929688e+00, 4.064697e-04, 4.032338e-04
2.945313e+00, 3.801460e-04, 3.769854e-04
2.960938e+00, 3.550948e-04, 3.520161e-04
2.976563e+00, 3.312912e-04, 3.283000e-04
2.992188e+00, 3.087074e-04, 3.058086e-04
3.007813e+00, 2.873132e-04, 2.845108e-04
3.023438e+00, 2.670764e-04, 2.643737e-04
3.039063e+00, 2.479629e-04, 2.453624e-04
3.054688e+00, 2.299372e-04, 2.274407e-04
3.070313e+00, 2.129624e-04, 2.105711e-04
3.085938e+00, 1.970006e-04, 1.947152e-04
3.101563e+00, 1.820134e-04, 1.798337e-04
3.117188e+00, 1.679615e-04, 1.658872e-04
3.132813e+00, 1.548058e-04, 1.528357e-04
3.148438e+00, 1.425067e-04, 1.406395e-04
3.164063e+00, 1.310250e-04, 1.292588e-04
3.179688e+00, 1.203216e-04, 1.186542e-04
3.195313e+00, 1.103579e-04, 1.087869e-04
3.210938e+00, 1.010959e-04, 9.961865e-05
3.226563e+00, 9.249834e-05, 9.111186e-05
3.242188e+00, 8.452878e-05, 8.322993e-05
3.257813e+00, 7.715167e-05, 7.593719e-05
3.273438e+00, 7.033250e-05, 6.919901e-05
3.289063e+00, 6.403784e-05, 6.298188e-05
3.304688e+00, 5.823541e-05, 5.725346e-05
3.320313e+00, 5.289411e-05, 5.198263e-05
3.335938e+00, 4.798406e-05, 4.713951e-05
3.351563e+00, 4.347667e-05, 4.269552e-05
3.367188e+00, 3.934458e-05, 3.862334e-05
3.382813e+00, 3.556173e-05, 3.489698e-05
3.398438e+00, 3.210332e-05, 3.149170e-05
3.414063e+00, 2.894584e-05, 2.838408e-05
3.429688e+00, 2.606702e-05, 2.555194e-05
3.445313e+00, 2.344582e-05, 2.297435e-05
3.460938e+00, 2.106241e-05, 2.063161e-05
3.476563e+00, 1.889816e-05, 1.850518e-05
3.492188e+00, 1.693556e-05, 1.657768e-05
3.507813e+00, 1.515821e-05, 1.483285e-05
3.523438e+00, 1.355079e-05, 1.325550e-05
3.539063e+00, 1.209900e-05, 1.183144e-05
3.554688e+00, 1.078952e-05, 1.054750e-05
3.570313e+00, 9.609995e-06, 9.391435e-06
3.585938e+00, 8.548931e-06, 8.351889e-06
3.601563e+00, 7.595707e-06, 7.418359e-06
3.617188e+00, 6.740501e-06, 6.581143e-06
3.632813e+00, 5.974253e-06, 5.831297e-06
3.648438e+00, 5.288620e-06, 5.160590e-06
3.664063e+00, 4.675934e-06, 4.561461e-06
3.679688e+00, 4.129157e-06, 4.026975e-06
3.695313e+00, 3.641844e-06, 3.550784e-06
3.710938e+00, 3.208102e-06, 3.127087e-06
3.726563e+00, 2.822550e-06, 2.750591e-06
3.742188e+00, 2.480286e-06, 2.416476e-06
3.757813e+00, 2.176849e-06, 2.120358e-06
3.773438e+00, 1.908187e-06, 1.858260e-06
3.789063e+00, 1.670629e-06, 1.626574e-06
3.804688e+00, 1.460847e-06, 1.422040e-06
3.820313e+00, 1.275838e-06, 1.241710e-06
3.835938e+00, 1.112890e-06, 1.082926e-06
3.851563e+00, 9.695593e-07, 9.432954e-07
3.867188e+00, 8.436493e-07, 8.206672e-07
3.882813e+00, 7.331872e-07, 7.131105e-07
3.898438e+00, 6.364040e-07, 6.188950e-07
3.914063e+00, 5.517166e-07, 5.364725e-07
3.929688e+00, 4.777096e-07, 4.644600e-07
3.945313e+00, 4.131204e-07, 4.016239e-07
3.960938e+00, 3.568239e-07, 3.468655e-07
3.976563e+00, 3.078191e-07, 2.992079e-07
3.992188e+00, 2.652171e-07, 2.577837e-07
4.007813e+00, 2.282294e-07, 2.218238e-07
4.023438e+00, 1.961578e-07, 1.906475e-07
4.039063e+00, 1.683850e-07, 1.636532e-07
4.054688e+00, 1.443660e-07, 1.403099e-07
4.070313e+00, 1.236203e-07, 1.201497e-07
4.085938e+00, 1.057251e-07, 1.027607e-07
4.101563e+00, 9.030866e-08, 8.778129e-08
4.117188e+00, 7.704489e-08, 7.489404e-08
4.132813e+00, 6.564794e-08, 6.382089e-08
4.148438e+00, 5.586773e-08, 5.431864e-08
4.164063e+00, 4.748577e-08, 4.617483e-08
4.179688e+00, 4.031144e-08, 3.920415e-08
4.195313e+00, 3.417868e-08, 3.324521e-08
4.210938e+00, 2.894304e-08, 2.815766e-08
4.226563e+00, 2.447907e-08, 2.381960e-08
4.242188e+00, 2.067795e-08, 2.012532e-08
4.257813e+00, 1.744542e-08, 1.698327e-08
4.273438e+00, 1.469997e-08, 1.431430e-08
4.289063e+00, 1.237123e-08, 1.205007e-08
4.304688e+00, 1.039849e-08, 1.013163e-08
4.320313e+00, 8.729478e-09, 8.508232e-09
4.335938e+00, 7.319256e-09, 7.136245e-09
4.351563e+00, 6.129231e-09, 5.978202e-09
4.367188e+00, 5.126315e-09, 5.001978e-09
4.382813e+00, 4.282177e-09, 4.180067e-09
4.398438e+00, 3.572595e-09, 3.488954e-09
4.414063e+00, 2.976889e-09, 2.908556e-09
4.429688e+00, 2.477428e-09, 2.421754e-09
4.445313e+00, 2.059201e-09, 2.013971e-09
4.460938e+00, 1.709446e-09, 1.672810e-09
4.476563e+00, 1.417330e-09, 1.387747e-09
4.492188e+00, 1.173668e-09, 1.149858e-09
4.507813e+00, 9.706845e-10, 9.515878e-10
4.523438e+00, 8.018058e-10, 7.865453e-10
4.539063e+00, 6.614825e-10, 6.493352e-10
4.554688e+00, 5.450363e-10, 5.354076e-10
4.570313e+00, 4.485285e-10, 4.409309e-10
4.585938e+00, 3.686480e-10, 3.626827e-10
4.601563e+00, 3.026153e-10, 2.979570e-10
4.617188e+00, 2.480997e-10, 2.444841e-10
4.632813e+00, 2.031505e-10, 2.003632e-10
4.648438e+00, 1.661363e-10, 1.640045e-10
4.664063e+00, 1.356956e-10, 1.340800e-10
4.679688e+00, 1.106928e-10, 1.094820e-10
4.695313e+00, 9.018274e-11, 8.928766e-11
4.710938e+00, 7.337935e-11, 7.272952e-11
4.726563e+00, 5.963001e-11, 5.916984e-11
4.742188e+00, 4.839350e-11, 4.807955e-11
4.757813e+00, 3.922159e-11, 3.902032e-11
4.773438e+00, 3.174355e-11, 3.162944e-11
4.789063e+00, 2.565306e-11, 2.560723e-11
4.804688e+00, 2.069732e-11, 2.070638e-11
4.820313e+00, 1.666786e-11, 1.672307e-11
4.835938e+00, 1.339290e-11, 1.348957e-11
4.851563e+00, 1.073088e-11, 1.086803e-11
4.867188e+00, 8.565114e-12, 8.745282e-12
4.882813e+00, 6.799264e-12, 7.028573e-12
4.898438e+00, 5.353560e-12, 5.641971e-12
4.914063e+00, 4.161603e-12, 4.523399e-12
4.929688e+00, 3.167651e-12, 3.622174e-12
4.945313e+00, 2.324294e-12, 2.896971e-12
4.960938e+00, 1.590424e-12, 2.314138e-12
4.976563e+00, 9.294383e-13, 1.846311e-12
4.992188e+00, 3.075859e-13, 1.471265e-12
5.000000e+00, 1.752202e-40, 1.312759e-12


#At time: 1.000484e+02, nsteps= 826


0.000000e+00, 1.570835e-22, 3.313073e-07
7.812500e-03, 4.284752e-08, 3.537269e-07
2.343750e-02, 1.297363e-07, 4.029253e-07
3.906250e-02, 2.195679e-07, 4.585187e-07
5.468750e-02, 3.134781e-07, 5.212734e-07
7.031250e-02, 4.126579e-07, 5.920388e-07
8.593750e-02, 5.183641e-07, 6.717548e-07
1.015625e-01, 6.319294e-07, 7.614606e-07
1.171875e-01, 7.547735e-07, 8.623035e-07
1.328125e-01, 8.884145e-07, 9.755487e-07
1.484375e-01, 1.034481e-06, 1.102589e-06
1.640625e-01, 1.194726e-06, 1.244958e-06
1.796875e-01, 1.371037e-06, 1.404338e-06
1.953125e-01, 1.565455e-06, 1.582576e-06
2.109375e-01, 1.780183e-06, 1.781696e-06
2.265625e-01, 2.017607e-06, 2.003912e-06
2.421875e-01, 2.280309e-06, 2.251644e-06
2.578125e-01, 2.571084e-06, 2.527533e-06
2.734375e-01, 2.892957e-06, 2.834458e-06
2.890625e-01, 3.249201e-06, 3.175553e-06
3.046875e-01, 3.643360e-06, 3.554222e-06
3.203125e-01, 4.079261e-06, 3.974166e-06
3.359375e-01, 4.561039e-06, 4.439391e-06
3.515625e-01, 5.093157e-06, 4.954237e-06
3.671875e-01, 5.680427e-06, 5.523398e-06
3.828125e-01, 6.328033e-06, 6.151937e-06
3.984375e-01, 7.041549e-06, 6.845315e-06
4.140625e-01, 7.826967e-06, 7.609412e-06
4.296875e-01, 8.690717e-06, 8.450546e-06
4.453125e-01, 9.639692e-06, 9.375502e-06
4.609375e-01, 1.068127e-05, 1.039155e-05
4.765625e-01, 1.182333e-05, 1.150647e-05
4.921875e-01, 1.307430e-05, 1.272858e-05
5.078125e-01, 1.444315e-05, 1.406676e-05
5.234375e-01, 1.593943e-05, 1.553045e-05
5.390625e-01, 1.757327e-05, 1.712971e-05
5.546875e-01, 1.935546e-05, 1.887522e-05
5.703125e-01, 2.129740e-05, 2.077831e-05
5.859375e-01, 2.341115e-05, 2.285096e-05
6.015625e-01, 2.570945e-05, 2.510583e-05
6.171875e-01, 2.820573e-05, 2.755630e-05
6.328125e-01, 3.091412e-05, 3.021644e-05
6.484375e-01, 3.384947e-05, 3.310104e-05
6.640625e-01, 3.702735e-05, 3.622564e-05
6.796875e-01, 4.046405e-05, 3.960650e-05
6.953125e-01, 4.417660e-05, 4.326065e-05
7.109375e-01, 4.818276e-05, 4.720582e-05
7.265625e-01, 5.250101e-05, 5.146052e-05
7.421875e-01, 5.715053e-05, 5.604397e-05
7.578125e-01, 6.215123e-05, 6.097609e-05
7.734375e-01, 6.752368e-05, 6.627753e-05
7.890625e-01, 7.328910e-05, 7.196961e-05
8.046875e-01, 7.946938e-05, 7.807428e-05
8.203125e-01, 8.608696e-05, 8.461414e-05
8.359375e-01, 9.316486e-05, 9.161232e-05
8.515625e-01, 1.007266e-04, 9.909252e-05
8.671875e-01, 1.087961e-04, 1.070789e-04
8.828125e-01, 1.173979e-04, 1.155961e-04
8.984375e-01, 1.265565e-04, 1.246689e-04
9.140625e-01, 1.362969e-04, 1.343227e-04
9.296875e-01, 1.466443e-04, 1.445828e-04
9.453125e-01, 1.576238e-04, 1.554748e-04
9.609375e-01, 1.692607e-04, 1.670242e-04
9.765625e-01, 1.815801e-04, 1.792564e-04
9.921875e-01, 1.946068e-04, 1.921968e-04
1.007813e+00, 2.083653e-04, 2.058703e-04
1.023438e+00, 2.228798e-04, 2.203013e-04
1.039063e+00, 2.381737e-04, 2.355140e-04
1.054688e+00, 2.542698e-04, 2.515315e-04
1.070313e+00, 2.711899e-04, 2.683762e-04
1.085938e+00, 2.889551e-04, 2.860697e-04
1.101563e+00, 3.075850e-04, 3.046320e-04
1.117188e+00, 3.270980e-04, 3.240824e-04
1.132813e+00, 3.475111e-04, 3.444382e-04
1.148438e+00, 3.688397e-04, 3.657154e-04
1.164063e+00, 3.910972e-04, 3.879281e-04
1.179688e+00, 4.142952e-04, 4.110884e-04
1.195313e+00, 4.384431e-04, 4.352064e-04
1.210938e+00, 4.635482e-04, 4.602899e-04
1.226563e+00, 4.896150e-04, 4.863440e-04
1.242188e+00, 5.166457e-04, 5.133716e-04
1.257813e+00, 5.446397e-04, 5.413724e-04
1.273438e+00, 5.735933e-04, 5.703434e-04
1.289063e+00, 6.034999e-04, 6.002785e-04
1.304688e+00, 6.343497e-04, 6.311683e-04
1.320313e+00, 6.661296e-04, 6.630002e-04
1.335938e+00, 6.988229e-04, 6.957579e-04
1.351563e+00, 7.324096e-04, 7.294218e-04
1.367188e+00, 7.668659e-04, 7.639683e-04
1.382813e+00, 8.021643e-04, 7.993703e-04
1.398438e+00, 8.382737e-04, 8.355967e-04
1.414063e+00, 8.751589e-04, 8.726126e-04
1.429688e+00, 9.127809e-04, 9.103791e-04
1.445313e+00, 9.510971e-04, 9.488534e-04
1.460938e+00, 9.900606e-04, 9.879888e-04
1.476563e+00, 1.029621e-03, 1.027735e-03
1.492188e+00, 1.069724e-03, 1.068036e-03
1.507813e+00, 1.110311e-03, 1.108835e-03
1.523438e+00, 1.151321e-03, 1.150070e-03
1.539063e+00, 1.192688e-03, 1.191673e-03
1.554688e+00, 1.234343e-03, 1.233578e-03
1.570313e+00, 1.276215e-03, 1.275709e-03
1.585938e+00, 1.318229e-03, 1.317993e-03
1.601563e+00, 1.360305e-03, 1.360349e-03
1.617188e+00, 1.402364e-03, 1.402697e-03
1.632813e+00, 1.444322e-03, 1.444951e-03
1.648438e+00, 1.486094e-03, 1.487026e-03
1.664063e+00, 1.527592e-03, 1.528833e-03
1.679688e+00, 1.568726e-03, 1.570282e-03
1.695313e+00, 1.609407e-03, 1.611281e-03
1.710938e+00, 1.649543e-03, 1.651738e-03
1.726563e+00, 1.689041e-03, 1.691558e-03
1.742188e+00, 1.727809e-03, 1.730647e-03
1.757813e+00, 1.765754e-03, 1.768913e-03
1.773438e+00, 1.802784e-03, 1.806260e-03
1.789063e+00, 1.838807e-03, 1.842596e-03
1.804688e+00, 1.873732e-03, 1.877830e-03
1.820313e+00, 1.907470e-03, 1.911869e-03
1.835938e+00, 1.939934e-03, 1.944627e-03
1.851563e+00, 1.971039e-03, 1.976016e-03
1.867188e+00, 2.000703e-03, 2.005952e-03
1.882813e+00, 2.028845e-03, 2.034355e-03
1.898438e+00, 2.055389e-03, 2.061147e-03
1.914063e+00, 2.080264e-03, 2.086255e-03
1.929688e+00, 2.103399e-03, 2.109608e-03
1.945313e+00, 2.124731e-03, 2.131141e-03
1.960938e+00, 2.144199e-03, 2.150793e-03
1.976563e+00, 2.161750e-03, 2.168508e-03
1.992188e+00, 2.177333e-03, 2.184236e-03
2.007813e+00, 2.190903e-03, 2.197932e-03
2.023438e+00, 2.202421e-03, 2.209555e-03
2.039063e+00, 2.211856e-03, 2.219073e-03
2.054688e+00, 2.219178e-03, 2.226457e-03
2.070313e+00, 2.224367e-03, 2.231686e-03
2.085938e+00, 2.227408e-03, 2.234745e-03
2.101563e+00, 2.228292e-03, 2.235625e-03
2.117188e+00, 2.227016e-03, 2.234322e-03
2.132813e+00, 2.223585e-03, 2.230842e-03
2.148438e+00, 2.218007e-03, 2.225194e-03
2.164063e+00, 2.210300e-03, 2.217394e-03
2.179688e+00, 2.200485e-03, 2.207466e-03
2.195313e+00, 2.188591e-03, 2.195438e-03
2.210938e+00, 2.174652e-03, 2.181346e-03
2.226563e+00, 2.158707e-03, 2.165229e-03
2.242188e+00, 2.140803e-03, 2.147134e-03
2.257813e+00, 2.120990e-03, 2.127113e-03
2.273438e+00, 2.099324e-03, 2.105222e-03
2.289063e+00, 2.075865e-03, 2.081524e-03
2.304688e+00, 2.050679e-03, 2.056084e-03
2.320313e+00, 2.023835e-03, 2.028974e-03
2.335938e+00, 1.995407e-03, 2.000268e-03
2.351563e+00, 1.965471e-03, 1.970043e-03
2.367188e+00, 1.934107e-03, 1.938383e-03
2.382813e+00, 1.901399e-03, 1.905370e-03
2.398438e+00, 1.867432e-03, 1.871092e-03
2.414063e+00, 1.832294e-03, 1.835638e-03
2.429688e+00, 1.796074e-03, 1.799098e-03
2.445313e+00, 1.758864e-03, 1.761566e-03
2.460938e+00, 1.720754e-03, 1.723133e-03
2.476563e+00, 1.681837e-03, 1.683895e-03
2.492188e+00, 1.642207e-03, 1.643944e-03
2.507813e+00, 1.601956e-03, 1.603375e-03
2.523438e+00, 1.561176e-03, 1.562282e-03
2.539063e+00, 1.519958e-03, 1.520756e-03
2.554688e+00, 1.478394e-03, 1.478890e-03
2.570313e+00, 1.436571e-03, 1.436774e-03
2.585938e+00, 1.394578e-03, 1.394494e-03
2.601563e+00, 1.352499e-03, 1.352138e-03
2.617188e+00, 1.310417e-03, 1.309790e-03
2.632813e+00, 1.268413e-03, 1.267530e-03
2.648438e+00, 1.226564e-03, 1.225437e-03
2.664063e+00, 1.184945e-03, 1.183585e-03
2.679688e+00, 1.143627e-03, 1.142047e-03
2.695313e+00, 1.102679e-03, 1.100892e-03
2.710938e+00, 1.062165e-03, 1.060185e-03
2.726563e+00, 1.022147e-03, 1.019987e-03
2.742188e+00, 9.826823e-04, 9.803551e-04
2.757813e+00, 9.438240e-04, 9.413440e-04
2.773438e+00, 9.056222e-04, 9.030033e-04
2.789063e+00, 8.681232e-04, 8.653791e-04
2.804688e+00, 8.313688e-04, 8.285133e-04
2.820313e+00, 7.953976e-04, 7.924440e-04
2.835938e+00, 7.602438e-04, 7.572055e-04
2.851563e+00, 7.259380e-04, 7.228281e-04
2.867188e+00, 6.925070e-04, 6.893381e-04
2.882813e+00, 6.599740e-04, 6.567584e-04
2.898438e+00, 6.283583e-04, 6.251079e-04
2.914063e+00, 5.976760e-04, 5.944022e-04
2.929688e+00, 5.679396e-04, 5.646533e-04
2.945313e+00, 5.391583e-04, 5.358699e-04
2.960938e+00, 5.113382e-04, 5.080576e-04
2.976563e+00, 4.844823e-04, 4.812188e-04
2.992188e+00, 4.585908e-04, 4.553530e-04
3.007813e+00, 4.336610e-04, 4.304572e-04
3.023438e+00, 4.096878e-04, 4.065254e-04
3.039063e+00, 3.866636e-04, 3.835496e-04
3.054688e+00, 3.645785e-04, 3.615192e-04
3.070313e+00, 3.434206e-04, 3.404218e-04
3.085938e+00, 3.231759e-04, 3.202427e-04
3.101563e+00, 3.038289e-04, 3.009659e-04
3.117188e+00, 2.853623e-04, 2.825734e-04
3.132813e+00, 2.677573e-04, 2.650461e-04
3.148438e+00, 2.509940e-04, 2.483634e-04
3.164063e+00, 2.350513e-04, 2.325037e-04
3.179688e+00, 2.199070e-04, 2.174443e-04
3.195313e+00, 2.055382e-04, 2.031619e-04
3.210938e+00, 1.919213e-04, 1.896325e-04
3.226563e+00, 1.790321e-04, 1.768313e-04
3.242188e+00, 1.668459e-04, 1.647333e-04
3.257813e+00, 1.553377e-04, 1.533134e-04
3.273438e+00, 1.444825e-04, 1.425458e-04
3.289063e+00, 1.342550e-04, 1.324052e-04
3.304688e+00, 1.246300e-04, 1.228660e-04
3.320313e+00, 1.155822e-04, 1.139028e-04
3.335938e+00, 1.070869e-04, 1.054905e-04
3.351563e+00, 9.911930e-05, 9.760408e-05
3.367188e+00, 9.165510e-05, 9.021917e-05
3.382813e+00, 8.467038e-05, 8.331164e-05
3.398438e+00, 7.814170e-05, 7.685792e-05
3.414063e+00, 7.204611e-05, 7.083495e-05
3.429688e+00, 6.636124e-05, 6.522028e-05
3.445313e+00, 6.106533e-05, 5.999205e-05
3.460938e+00, 5.613725e-05, 5.512909e-05
3.476563e+00, 5.155653e-05, 5.061090e-05
3.492188e+00, 4.730339e-05, 4.641766e-05
3.507813e+00, 4.335876e-05, 4.253031e-05
3.523438e+00, 3.970429e-05, 3.893049e-05
3.539063e+00, 3.632234e-05, 3.560059e-05
3.554688e+00, 3.319602e-05, 3.252375e-05
3.570313e+00, 3.030917e-05, 2.968384e-05
3.585938e+00, 2.764634e-05, 2.706547e-05
3.601563e+00, 2.519283e-05, 2.465399e-05
3.617188e+00, 2.293463e-05, 2.243545e-05
3.632813e+00, 2.085845e-05, 2.039663e-05
3.648438e+00, 1.895168e-05, 1.852500e-05
3.664063e+00, 1.720239e-05, 1.680869e-05
3.679688e+00, 1.559930e-05, 1.523652e-05
3.695313e+00, 1.413178e-05, 1.379792e-05
3.710938e+00, 1.278979e-05, 1.248296e-05
3.726563e+00, 1.156392e-05, 1.128229e-05
3.742188e+00, 1.044532e-05, 1.018717e-05
3.757813e+00, 9.425698e-06, 9.189364e-06
3.773438e+00, 8.497282e-06, 8.281205e-06
3.789063e+00, 7.652816e-06, 7.455516e-06
3.804688e+00, 6.885528e-06, 6.705604e-06
3.820313e+00, 6.189105e-06, 6.025237e-06
3.835938e+00, 5.557673e-06, 5.408619e-06
3.851563e+00, 4.985774e-06, 4.850369e-06
3.867188e+00, 4.468344e-06, 4.345494e-06
3.882813e+00, 4.000690e-06, 3.889373e-06
3.898438e+00, 3.578471e-06, 3.477732e-06
3.914063e+00, 3.197674e-06, 3.106623e-06
3.929688e+00, 2.854598e-06, 2.772408e-06
3.945313e+00, 2.545832e-06, 2.471735e-06
3.960938e+00, 2.268237e-06, 2.201519e-06
3.976563e+00, 2.018929e-06, 1.958931e-06
3.992188e+00, 1.795260e-06, 1.741374e-06
4.007813e+00, 1.594804e-06, 1.546468e-06
4.023438e+00, 1.415340e-06, 1.372037e-06
4.039063e+00, 1.254838e-06, 1.216093e-06
4.054688e+00, 1.111446e-06, 1.076821e-06
4.070313e+00, 9.834719e-07, 9.525694e-07
4.085938e+00, 8.693787e-07, 8.418325e-07
4.101563e+00, 7.677665e-07, 7.432430e-07
4.117188e+00, 6.773644e-07, 6.555593e-07
4.132813e+00, 5.970196e-07, 5.776559e-07
4.148438e+00, 5.256875e-07, 5.085135e-07
4.164063e+00, 4.624231e-07, 4.472103e-07
4.179688e+00, 4.063723e-07, 3.929137e-07
4.195313e+00, 3.567643e-07, 3.448725e-07
4.210938e+00, 3.129040e-07, 3.024099e-07
4.226563e+00, 2.741658e-07, 2.649168e-07
4.242188e+00, 2.399870e-07, 2.318457e-07
4.257813e+00, 2.098623e-07, 2.027051e-07
4.273438e+00, 1.833384e-07, 1.770542e-07
4.289063e+00, 1.600090e-07, 1.544984e-07
4.304688e+00, 1.395106e-07, 1.346846e-07
4.320313e+00, 1.215184e-07, 1.172972e-07
4.335938e+00, 1.057422e-07, 1.020548e-07
4.351563e+00, 9.192351e-08, 8.870648e-08
4.367188e+00, 7.983187e-08, 7.702882e-08
4.382813e+00, 6.926239e-08, 6.682320e-08
4.398438e+00, 6.003299e-08, 5.791317e-08
4.414063e+00, 5.198208e-08, 5.014220e-08
4.429688e+00, 4.496644e-08, 4.337161e-08
4.445313e+00, 3.885925e-08, 3.747863e-08
4.460938e+00, 3.354835e-08, 3.235474e-08
4.476563e+00, 2.893467e-08, 2.790411e-08
4.492188e+00, 2.493082e-08, 2.404222e-08
4.507813e+00, 2.145976e-08, 2.069460e-08
4.523438e+00, 1.845369e-08, 1.779571e-08
4.539063e+00, 1.585301e-08, 1.528797e-08
4.554688e+00, 1.360534e-08, 1.312080e-08
4.570313e+00, 1.166477e-08, 1.124986e-08
4.585938e+00, 9.991045e-09, 9.636284e-09
4.601563e+00, 8.548955e-09, 8.246094e-09
4.617188e+00, 7.307706e-09, 7.049576e-09
4.632813e+00, 6.240408e-09, 6.020794e-09
4.648438e+00, 5.323607e-09, 5.137130e-09
4.664063e+00, 4.536867e-09, 4.378884e-09
4.679688e+00, 3.862400e-09, 3.728914e-09
4.695313e+00, 3.284741e-09, 3.172323e-09
4.710938e+00, 2.790456e-09, 2.696177e-09
4.726563e+00, 2.367888e-09, 2.289262e-09
4.742188e+00, 2.006933e-09, 1.941863e-09
4.757813e+00, 1.698836e-09, 1.645575e-09
4.773438e+00, 1.436019e-09, 1.393134e-09
4.789063e+00, 1.211926e-09, 1.178268e-09
4.804688e+00, 1.020886e-09, 9.955692e-10
4.820313e+00, 8.579927e-10, 8.403783e-10
4.835938e+00, 7.189992e-10, 7.086866e-10
4.851563e+00, 6.002252e-10, 5.970486e-10
4.867188e+00, 4.984739e-10, 5.025059e-10
4.882813e+00, 4.109592e-10, 4.225214e-10
4.898438e+00, 3.352402e-10, 3.549215e-10
4.914063e+00, 2.691630e-10, 2.978461e-10
4.929688e+00, 2.108079e-10, 2.497052e-10
4.945313e+00, 1.584409e-10, 2.091411e-10
4.960938e+00, 1.104685e-10, 1.749956e-10
4.976563e+00, 6.539569e-11, 1.462820e-10
4.992188e+00, 2.178483e-11, 1.221605e-10
5.000000e+00, 6.705873e-40, 1.115943e-10


