#At time: 0.000000e+00, nsteps= 0


-1.000000e+00, 1.234098e-07, 1.234098e-07
-9.921875e-01, 1.293245e-07, 1.293245e-07
-9.765625e-01, 1.419658e-07, 1.419658e-07
-9.609375e-01, 1.557667e-07, 1.557667e-07
-9.453125e-01, 1.708259e-07, 1.708259e-07
-9.296875e-01, 1.872495e-07, 1.872495e-07
-9.140625e-01, 2.051518e-07, 2.051518e-07
-8.984375e-01, 2.246561e-07, 2.246561e-07
-8.828125e-01, 2.458945e-07, 2.458945e-07
-8.671875e-01, 2.690094e-07, 2.690094e-07
-8.515625e-01, 2.941535e-07, 2.941535e-07
-8.359375e-01, 3.214908e-07, 3.214908e-07
-8.203125e-01, 3.511972e-07, 3.511972e-07
-8.046875e-01, 3.834613e-07, 3.834613e-07
-7.890625e-01, 4.184850e-07, 4.184850e-07
-7.734375e-01, 4.564846e-07, 4.564846e-07
-7.578125e-01, 4.976917e-07, 4.976917e-07
-7.421875e-01, 5.423536e-07, 5.423536e-07
-7.265625e-01, 5.907350e-07, 5.907350e-07
-7.109375e-01, 6.431181e-07, 6.431181e-07
-6.953125e-01, 6.998046e-07, 6.998046e-07
-6.796875e-01, 7.611158e-07, 7.611158e-07
-6.640625e-01, 8.273945e-07, 8.273945e-07
-6.484375e-01, 8.990057e-07, 8.990057e-07
-6.328125e-01, 9.763381e-07, 9.763381e-07
-6.171875e-01, 1.059805e-06, 1.059805e-06
-6.015625e-01, 1.149846e-06, 1.149846e-06
-5.859375e-01, 1.246927e-06, 1.246927e-06
-5.703125e-01, 1.351546e-06, 1.351546e-06
-5.546875e-01, 1.464226e-06, 1.464226e-06
-5.390625e-01, 1.585527e-06, 1.585527e-06
-5.234375e-01, 1.716039e-06, 1.716039e-06
-5.078125e-01, 1.856386e-06, 1.856386e-06
-4.921875e-01, 2.007232e-06, 2.007232e-06
-4.765625e-01, 2.169276e-06, 2.169276e-06
-4.609375e-01, 2.343257e-06, 2.343257e-06
-4.453125e-01, 2.529956e-06, 2.529956e-06
-4.296875e-01, 2.730197e-06, 2.730197e-06
-4.140625e-01, 2.944849e-06, 2.944849e-06
-3.984375e-01, 3.174826e-06, 3.174826e-06
-3.828125e-01, 3.421092e-06, 3.421092e-06
-3.671875e-01, 3.684661e-06, 3.684661e-06
-3.515625e-01, 3.966599e-06, 3.966599e-06
-3.359375e-01, 4.268025e-06, 4.268025e-06
-3.203125e-01, 4.590115e-06, 4.590115e-06
-3.046875e-01, 4.934103e-06, 4.934103e-06
-2.890625e-01, 5.301279e-06, 5.301279e-06
-2.734375e-01, 5.692999e-06, 5.692999e-06
-2.578125e-01, 6.110680e-06, 6.110680e-06
-2.421875e-01, 6.555802e-06, 6.555802e-06
-2.265625e-01, 7.029916e-06, 7.029916e-06
-2.109375e-01, 7.534637e-06, 7.534637e-06
-1.953125e-01, 8.071653e-06, 8.071653e-06
-1.796875e-01, 8.642723e-06, 8.642723e-06
-1.640625e-01, 9.249678e-06, 9.249678e-06
-1.484375e-01, 9.894426e-06, 9.894426e-06
-1.328125e-01, 1.057895e-05, 1.057895e-05
-1.171875e-01, 1.130531e-05, 1.130531e-05
-1.015625e-01, 1.207564e-05, 1.207564e-05
-8.593750e-02, 1.289217e-05, 1.289217e-05
-7.031250e-02, 1.375719e-05, 1.375719e-05
-5.468750e-02, 1.467308e-05, 1.467308e-05
-3.906250e-02, 1.564231e-05, 1.564231e-05
-2.343750e-02, 1.666742e-05, 1.666742e-05
-7.812500e-03, 1.775104e-05, 1.775104e-05
7.812500e-03, 1.889589e-05, 1.889589e-05
2.343750e-02, 2.010475e-05, 2.010475e-05
3.906250e-02, 2.138050e-05, 2.138050e-05
5.468750e-02, 2.272611e-05, 2.272611e-05
7.031250e-02, 2.414462e-05, 2.414462e-05
8.593750e-02, 2.563914e-05, 2.563914e-05
1.015625e-01, 2.721288e-05, 2.721288e-05
1.171875e-01, 2.886912e-05, 2.886912e-05
1.328125e-01, 3.061121e-05, 3.061121e-05
1.484375e-01, 3.244257e-05, 3.244257e-05
1.640625e-01, 3.436672e-05, 3.436672e-05
1.796875e-01, 3.638722e-05, 3.638722e-05
1.953125e-01, 3.850770e-05, 3.850770e-05
2.109375e-01, 4.073186e-05, 4.073186e-05
2.265625e-01, 4.306345e-05, 4.306345e-05
2.421875e-01, 4.550629e-05, 4.550629e-05
2.578125e-01, 4.806422e-05, 4.806422e-05
2.734375e-01, 5.074115e-05, 5.074115e-05
2.890625e-01, 5.354102e-05, 5.354102e-05
3.046875e-01, 5.646781e-05, 5.646781e-05
3.203125e-01, 5.952552e-05, 5.952552e-05
3.359375e-01, 6.271817e-05, 6.271817e-05
3.515625e-01, 6.604981e-05, 6.604981e-05
3.671875e-01, 6.952446e-05, 6.952446e-05
3.828125e-01, 7.314618e-05, 7.314618e-05
3.984375e-01, 7.691899e-05, 7.691899e-05
4.140625e-01, 8.084692e-05, 8.084692e-05
4.296875e-01, 8.493395e-05, 8.493395e-05
4.453125e-01, 8.918404e-05, 8.918404e-05
4.609375e-01, 9.360108e-05, 9.360108e-05
4.765625e-01, 9.818893e-05, 9.818893e-05
4.921875e-01, 1.029514e-04, 1.029514e-04
5.078125e-01, 1.078921e-04, 1.078921e-04
5.234375e-01, 1.130148e-04, 1.130148e-04
5.390625e-01, 1.183228e-04, 1.183228e-04
5.546875e-01, 1.238198e-04, 1.238198e-04
5.703125e-01, 1.295088e-04, 1.295088e-04
5.859375e-01, 1.353931e-04, 1.353931e-04
6.015625e-01, 1.414757e-04, 1.414757e-04
6.171875e-01, 1.477593e-04, 1.477593e-04
6.328125e-01, 1.542468e-04, 1.542468e-04
6.484375e-01, 1.609404e-04, 1.609404e-04
6.640625e-01, 1.678425e-04, 1.678425e-04
6.796875e-01, 1.749552e-04, 1.749552e-04
6.953125e-01, 1.822803e-04, 1.822803e-04
7.109375e-01, 1.898194e-04, 1.898194e-04
7.265625e-01, 1.975738e-04, 1.975738e-04
7.421875e-01, 2.055446e-04, 2.055446e-04
7.578125e-01, 2.137326e-04, 2.137326e-04
7.734375e-01, 2.221382e-04, 2.221382e-04
7.890625e-01, 2.307617e-04, 2.307617e-04
8.046875e-01, 2.396030e-04, 2.396030e-04
8.203125e-01, 2.486615e-04, 2.486615e-04
8.359375e-01, 2.579366e-04, 2.579366e-04
8.515625e-01, 2.674270e-04, 2.674270e-04
8.671875e-01, 2.771312e-04, 2.771312e-04
8.828125e-01, 2.870474e-04, 2.870474e-04
8.984375e-01, 2.971733e-04, 2.971733e-04
9.140625e-01, 3.075061e-04, 3.075061e-04
9.296875e-01, 3.180429e-04, 3.180429e-04
9.453125e-01, 3.287802e-04, 3.287802e-04
9.609375e-01, 3.397141e-04, 3.397141e-04
9.765625e-01, 3.508402e-04, 3.508402e-04
9.921875e-01, 3.621539e-04, 3.621539e-04
1.007813e+00, 3.736499e-04, 3.736499e-04
1.023438e+00, 3.853226e-04, 3.853226e-04
1.039063e+00, 3.971660e-04, 3.971660e-04
1.054688e+00, 4.091736e-04, 4.091736e-04
1.070313e+00, 4.213385e-04, 4.213385e-04
1.085938e+00, 4.336532e-04, 4.336532e-04
1.101563e+00, 4.461099e-04, 4.461099e-04
1.117188e+00, 4.587004e-04, 4.587004e-04
1.132813e+00, 4.714161e-04, 4.714161e-04
1.148438e+00, 4.842477e-04, 4.842477e-04
1.164063e+00, 4.971858e-04, 4.971858e-04
1.179688e+00, 5.102203e-04, 5.102203e-04
1.195313e+00, 5.233410e-04, 5.233410e-04
1.210938e+00, 5.365371e-04, 5.365371e-04
1.226563e+00, 5.497973e-04, 5.497973e-04
1.242188e+00, 5.631103e-04, 5.631103e-04
1.257813e+00, 5.764641e-04, 5.764641e-04
1.273438e+00, 5.898464e-04, 5.898464e-04
1.289063e+00, 6.032448e-04, 6.032448e-04
1.304688e+00, 6.166464e-04, 6.166464e-04
1.320313e+00, 6.300380e-04, 6.300380e-04
1.335938e+00, 6.434062e-04, 6.434062e-04
1.351563e+00, 6.567373e-04, 6.567373e-04
1.367188e+00, 6.700174e-04, 6.700174e-04
1.382813e+00, 6.832323e-04, 6.832323e-04
1.398438e+00, 6.963677e-04, 6.963677e-04
1.414063e+00, 7.094092e-04, 7.094092e-04
1.429688e+00, 7.223422e-04, 7.223422e-04
1.445313e+00, 7.351518e-04, 7.351518e-04
1.460938e+00, 7.478234e-04, 7.478234e-04
1.476563e+00, 7.603421e-04, 7.603421e-04
1.492188e+00, 7.726929e-04, 7.726929e-04
1.507813e+00, 7.848611e-04, 7.848611e-04
1.523438e+00, 7.968317e-04, 7.968317e-04
1.539063e+00, 8.085899e-04, 8.085899e-04
1.554688e+00, 8.201211e-04, 8.201211e-04
1.570313e+00, 8.314107e-04, 8.314107e-04
1.585938e+00, 8.424443e-04, 8.424443e-04
1.601563e+00, 8.532076e-04, 8.532076e-04
1.617188e+00, 8.636865e-04, 8.636865e-04
1.632813e+00, 8.738674e-04, 8.738674e-04
1.648438e+00, 8.837366e-04, 8.837366e-04
1.664063e+00, 8.932811e-04, 8.932811e-04
1.679688e+00, 9.024878e-04, 9.024878e-04
1.695313e+00, 9.113443e-04, 9.113443e-04
1.710938e+00, 9.198385e-04, 9.198385e-04
1.726563e+00, 9.279587e-04, 9.279587e-04
1.742188e+00, 9.356935e-04, 9.356935e-04
1.757813e+00, 9.430323e-04, 9.430323e-04
1.773438e+00, 9.499646e-04, 9.499646e-04
1.789063e+00, 9.564807e-04, 9.564807e-04
1.804688e+00, 9.625715e-04, 9.625715e-04
1.820313e+00, 9.682281e-04, 9.682281e-04
1.835938e+00, 9.734425e-04, 9.734425e-04
1.851563e+00, 9.782073e-04, 9.782073e-04
1.867188e+00, 9.825155e-04, 9.825155e-04
1.882813e+00, 9.863610e-04, 9.863610e-04
1.898438e+00, 9.897381e-04, 9.897381e-04
1.914063e+00, 9.926420e-04, 9.926420e-04
1.929688e+00, 9.950684e-04, 9.950684e-04
1.945313e+00, 9.970137e-04, 9.970137e-04
1.960938e+00, 9.984753e-04, 9.984753e-04
1.976563e+00, 9.994508e-04, 9.994508e-04
1.992188e+00, 9.999390e-04, 9.999390e-04
2.007813e+00, 9.999390e-04, 9.999390e-04
2.023438e+00, 9.994508e-04, 9.994508e-04
2.039063e+00, 9.984753e-04, 9.984753e-04
2.054688e+00, 9.970137e-04, 9.970137e-04
2.070313e+00, 9.950684e-04, 9.950684e-04
2.085938e+00, 9.926420e-04, 9.926420e-04
2.101563e+00, 9.897381e-04, 9.897381e-04
2.117188e+00, 9.863610e-04, 9.863610e-04
2.132813e+00, 9.825155e-04, 9.825155e-04
2.148438e+00, 9.782073e-04, 9.782073e-04
2.164063e+00, 9.734425e-04, 9.734425e-04
2.179688e+00, 9.682281e-04, 9.682281e-04
2.195313e+00, 9.625715e-04, 9.625715e-04
2.210938e+00, 9.564807e-04, 9.564807e-04
2.226563e+00, 9.499646e-04, 9.499646e-04
2.242188e+00, 9.430323e-04, 9.430323e-04
2.257813e+00, 9.356935e-04, 9.356935e-04
2.273438e+00, 9.279587e-04, 9.279587e-04
2.289063e+00, 9.198385e-04, 9.198385e-04
2.304688e+00, 9.113443e-04, 9.113443e-04
2.320313e+00, 9.024878e-04, 9.024878e-04
2.335938e+00, 8.932811e-04, 8.932811e-04
2.351563e+00, 8.837366e-04, 8.837366e-04
2.367188e+00, 8.738674e-04, 8.738674e-04
2.382813e+00, 8.636865e-04, 8.636865e-04
2.398438e+00, 8.532076e-04, 8.532076e-04
2.414063e+00, 8.424443e-04, 8.424443e-04
2.429688e+00, 8.314107e-04, 8.314107e-04
2.445313e+00, 8.201211e-04, 8.201211e-04
2.460938e+00, 8.085899e-04, 8.085899e-04
2.476563e+00, 7.968317e-04, 7.968317e-04
2.492188e+00, 7.848611e-04, 7.848611e-04
2.507813e+00, 7.726929e-04, 7.726929e-04
2.523438e+00, 7.603421e-04, 7.603421e-04
2.539063e+00, 7.478234e-04, 7.478234e-04
2.554688e+00, 7.351518e-04, 7.351518e-04
2.570313e+00, 7.223422e-04, 7.223422e-04
2.585938e+00, 7.094092e-04, 7.094092e-04
2.601563e+00, 6.963677e-04, 6.963677e-04
2.617188e+00, 6.832323e-04, 6.832323e-04
2.632813e+00, 6.700174e-04, 6.700174e-04
2.648438e+00, 6.567373e-04, 6.567373e-04
2.664063e+00, 6.434062e-04, 6.434062e-04
2.679688e+00, 6.300380e-04, 6.300380e-04
2.695313e+00, 6.166464e-04, 6.166464e-04
2.710938e+00, 6.032448e-04, 6.032448e-04
2.726563e+00, 5.898464e-04, 5.898464e-04
2.742188e+00, 5.764641e-04, 5.764641e-04
2.757813e+00, 5.631103e-04, 5.631103e-04
2.773438e+00, 5.497973e-04, 5.497973e-04
2.789063e+00, 5.365371e-04, 5.365371e-04
2.804688e+00, 5.233410e-04, 5.233410e-04
2.820313e+00, 5.102203e-04, 5.102203e-04
2.835938e+00, 4.971858e-04, 4.971858e-04
2.851563e+00, 4.842477e-04, 4.842477e-04
2.867188e+00, 4.714161e-04, 4.714161e-04
2.882813e+00, 4.587004e-04, 4.587004e-04
2.898438e+00, 4.461099e-04, 4.461099e-04
2.914063e+00, 4.336532e-04, 4.336532e-04
2.929688e+00, 4.213385e-04, 4.213385e-04
2.945313e+00, 4.091736e-04, 4.091736e-04
2.960938e+00, 3.971660e-04, 3.971660e-04
2.976563e+00, 3.853226e-04, 3.853226e-04
2.992188e+00, 3.736499e-04, 3.736499e-04
3.007813e+00, 3.621539e-04, 3.621539e-04
3.023438e+00, 3.508402e-04, 3.508402e-04
3.039063e+00, 3.397141e-04, 3.397141e-04
3.054688e+00, 3.287802e-04, 3.287802e-04
3.070313e+00, 3.180429e-04, 3.180429e-04
3.085938e+00, 3.075061e-04, 3.075061e-04
3.101563e+00, 2.971733e-04, 2.971733e-04
3.117188e+00, 2.870474e-04, 2.870474e-04
3.132813e+00, 2.771312e-04, 2.771312e-04
3.148438e+00, 2.674270e-04, 2.674270e-04
3.164063e+00, 2.579366e-04, 2.579366e-04
3.179688e+00, 2.486615e-04, 2.486615e-04
3.195313e+00, 2.396030e-04, 2.396030e-04
3.210938e+00, 2.307617e-04, 2.307617e-04
3.226563e+00, 2.221382e-04, 2.221382e-04
3.242188e+00, 2.137326e-04, 2.137326e-04
3.257813e+00, 2.055446e-04, 2.055446e-04
3.273438e+00, 1.975738e-04, 1.975738e-04
3.289063e+00, 1.898194e-04, 1.898194e-04
3.304688e+00, 1.822803e-04, 1.822803e-04
3.320313e+00, 1.749552e-04, 1.749552e-04
3.335938e+00, 1.678425e-04, 1.678425e-04
3.351563e+00, 1.609404e-04, 1.609404e-04
3.367188e+00, 1.542468e-04, 1.542468e-04
3.382813e+00, 1.477593e-04, 1.477593e-04
3.398438e+00, 1.414757e-04, 1.414757e-04
3.414063e+00, 1.353931e-04, 1.353931e-04
3.429688e+00, 1.295088e-04, 1.295088e-04
3.445313e+00, 1.238198e-04, 1.238198e-04
3.460938e+00, 1.183228e-04, 1.183228e-04
3.476563e+00, 1.130148e-04, 1.130148e-04
3.492188e+00, 1.078921e-04, 1.078921e-04
3.507813e+00, 1.029514e-04, 1.029514e-04
3.523438e+00, 9.818893e-05, 9.818893e-05
3.539063e+00, 9.360108e-05, 9.360108e-05
3.554688e+00, 8.918404e-05, 8.918404e-05
3.570313e+00, 8.493395e-05, 8.493395e-05
3.585938e+00, 8.084692e-05, 8.084692e-05
3.601563e+00, 7.691899e-05, 7.691899e-05
3.617188e+00, 7.314618e-05, 7.314618e-05
3.632813e+00, 6.952446e-05, 6.952446e-05
3.648438e+00, 6.604981e-05, 6.604981e-05
3.664063e+00, 6.271817e-05, 6.271817e-05
3.679688e+00, 5.952552e-05, 5.952552e-05
3.695313e+00, 5.646781e-05, 5.646781e-05
3.710938e+00, 5.354102e-05, 5.354102e-05
3.726563e+00, 5.074115e-05, 5.074115e-05
3.742188e+00, 4.806422e-05, 4.806422e-05
3.757813e+00, 4.550629e-05, 4.550629e-05
3.773438e+00, 4.306345e-05, 4.306345e-05
3.789063e+00, 4.073186e-05, 4.073186e-05
3.804688e+00, 3.850770e-05, 3.850770e-05
3.820313e+00, 3.638722e-05, 3.638722e-05
3.835938e+00, 3.436672e-05, 3.436672e-05
3.851563e+00, 3.244257e-05, 3.244257e-05
3.867188e+00, 3.061121e-05, 3.061121e-05
3.882813e+00, 2.886912e-05, 2.886912e-05
3.898438e+00, 2.721288e-05, 2.721288e-05
3.914063e+00, 2.563914e-05, 2.563914e-05
3.929688e+00, 2.414462e-05, 2.414462e-05
3.945313e+00, 2.272611e-05, 2.272611e-05
3.960938e+00, 2.138050e-05, 2.138050e-05
3.976563e+00, 2.010475e-05, 2.010475e-05
3.992188e+00, 1.889589e-05, 1.889589e-05
4.007813e+00, 1.775104e-05, 1.775104e-05
4.023438e+00, 1.666742e-05, 1.666742e-05
4.039063e+00, 1.564231e-05, 1.564231e-05
4.054688e+00, 1.467308e-05, 1.467308e-05
4.070313e+00, 1.375719e-05, 1.375719e-05
4.085938e+00, 1.289217e-05, 1.289217e-05
4.101563e+00, 1.207564e-05, 1.207564e-05
4.117188e+00, 1.130531e-05, 1.130531e-05
4.132813e+00, 1.057895e-05, 1.057895e-05
4.148438e+00, 9.894426e-06, 9.894426e-06
4.164063e+00, 9.249678e-06, 9.249678e-06
4.179688e+00, 8.642723e-06, 8.642723e-06
4.195313e+00, 8.071653e-06, 8.071653e-06
4.210938e+00, 7.534637e-06, 7.534637e-06
4.226563e+00, 7.029916e-06, 7.029916e-06
4.242188e+00, 6.555802e-06, 6.555802e-06
4.257813e+00, 6.110680e-06, 6.110680e-06
4.273438e+00, 5.692999e-06, 5.692999e-06
4.289063e+00, 5.301279e-06, 5.301279e-06
4.304688e+00, 4.934103e-06, 4.934103e-06
4.320313e+00, 4.590115e-06, 4.590115e-06
4.335938e+00, 4.268025e-06, 4.268025e-06
4.351563e+00, 3.966599e-06, 3.966599e-06
4.367188e+00, 3.684661e-06, 3.684661e-06
4.382813e+00, 3.421092e-06, 3.421092e-06
4.398438e+00, 3.174826e-06, 3.174826e-06
4.414063e+00, 2.944849e-06, 2.944849e-06
4.429688e+00, 2.730197e-06, 2.730197e-06
4.445313e+00, 2.529956e-06, 2.529956e-06
4.460938e+00, 2.343257e-06, 2.343257e-06
4.476563e+00, 2.169276e-06, 2.169276e-06
4.492188e+00, 2.007232e-06, 2.007232e-06
4.507813e+00, 1.856386e-06, 1.856386e-06
4.523438e+00, 1.716039e-06, 1.716039e-06
4.539063e+00, 1.585527e-06, 1.585527e-06
4.554688e+00, 1.464226e-06, 1.464226e-06
4.570313e+00, 1.351546e-06, 1.351546e-06
4.585938e+00, 1.246927e-06, 1.246927e-06
4.601563e+00, 1.149846e-06, 1.149846e-06
4.617188e+00, 1.059805e-06, 1.059805e-06
4.632813e+00, 9.763381e-07, 9.763381e-07
4.648438e+00, 8.990057e-07, 8.990057e-07
4.664063e+00, 8.273945e-07, 8.273945e-07
4.679688e+00, 7.611158e-07, 7.611158e-07
4.695313e+00, 6.998046e-07, 6.998046e-07
4.710938e+00, 6.431181e-07, 6.431181e-07
4.726563e+00, 5.907350e-07, 5.907350e-07
4.742188e+00, 5.423536e-07, 5.423536e-07
4.757813e+00, 4.976917e-07, 4.976917e-07
4.773438e+00, 4.564846e-07, 4.564846e-07
4.789063e+00, 4.184850e-07, 4.184850e-07
4.804688e+00, 3.834613e-07, 3.834613e-07
4.820313e+00, 3.511972e-07, 3.511972e-07
4.835938e+00, 3.214908e-07, 3.214908e-07
4.851563e+00, 2.941535e-07, 2.941535e-07
4.867188e+00, 2.690094e-07, 2.690094e-07
4.882813e+00, 2.458945e-07, 2.458945e-07
4.898438e+00, 2.246561e-07, 2.246561e-07
4.914063e+00, 2.051518e-07, 2.051518e-07
4.929688e+00, 1.872495e-07, 1.872495e-07
4.945313e+00, 1.708259e-07, 1.708259e-07
4.960938e+00, 1.557667e-07, 1.557667e-07
4.976563e+00, 1.419658e-07, 1.419658e-07
4.992188e+00, 1.293245e-07, 1.293245e-07
5.000000e+00, 1.234098e-07, 1.234098e-07


#At time: 2.500488e+01, nsteps= 205


-1.000000e+00, 1.159127e-07, 2.630987e-07
-9.921875e-01, 1.360099e-07, 2.745469e-07
-9.765625e-01, 1.763627e-07, 2.988599e-07
-9.609375e-01, 2.171397e-07, 3.251817e-07
-9.453125e-01, 2.585981e-07, 3.536646e-07
-9.296875e-01, 3.010455e-07, 3.844718e-07
-9.140625e-01, 3.447466e-07, 4.177770e-07
-8.984375e-01, 3.900165e-07, 4.537658e-07
-8.828125e-01, 4.371315e-07, 4.926361e-07
-8.671875e-01, 4.864174e-07, 5.345988e-07
-8.515625e-01, 5.381658e-07, 5.798784e-07
-8.359375e-01, 5.927169e-07, 6.287139e-07
-8.203125e-01, 6.503817e-07, 6.813597e-07
-8.046875e-01, 7.115185e-07, 7.380862e-07
-7.890625e-01, 7.764621e-07, 7.991806e-07
-7.734375e-01, 8.455930e-07, 8.649479e-07
-7.578125e-01, 9.192743e-07, 9.357121e-07
-7.421875e-01, 9.979134e-07, 1.011816e-06
-7.265625e-01, 1.081906e-06, 1.093625e-06
-7.109375e-01, 1.171692e-06, 1.181524e-06
-6.953125e-01, 1.267706e-06, 1.275920e-06
-6.796875e-01, 1.370422e-06, 1.377248e-06
-6.640625e-01, 1.480319e-06, 1.485962e-06
-6.484375e-01, 1.597915e-06, 1.602546e-06
-6.328125e-01, 1.723736e-06, 1.727510e-06
-6.171875e-01, 1.858348e-06, 1.861392e-06
-6.015625e-01, 2.002332e-06, 2.004760e-06
-5.859375e-01, 2.156308e-06, 2.158212e-06
-5.703125e-01, 2.320916e-06, 2.322379e-06
-5.546875e-01, 2.496838e-06, 2.497924e-06
-5.390625e-01, 2.684778e-06, 2.685546e-06
-5.234375e-01, 2.885483e-06, 2.885980e-06
-5.078125e-01, 3.099732e-06, 3.099996e-06
-4.921875e-01, 3.328343e-06, 3.328406e-06
-4.765625e-01, 3.572171e-06, 3.572058e-06
-4.609375e-01, 3.832114e-06, 3.831846e-06
-4.453125e-01, 4.109110e-06, 4.108704e-06
-4.296875e-01, 4.404143e-06, 4.403609e-06
-4.140625e-01, 4.718238e-06, 4.717588e-06
-3.984375e-01, 5.052472e-06, 5.051710e-06
-3.828125e-01, 5.407963e-06, 5.407096e-06
-3.671875e-01, 5.785886e-06, 5.784914e-06
-3.515625e-01, 6.187461e-06, 6.186386e-06
-3.359375e-01, 6.613962e-06, 6.612784e-06
-3.203125e-01, 7.066718e-06, 7.065435e-06
-3.046875e-01, 7.547110e-06, 7.545719e-06
-2.890625e-01, 8.056577e-06, 8.055076e-06
-2.734375e-01, 8.596616e-06, 8.594999e-06
-2.578125e-01, 9.168779e-06, 9.167043e-06
-2.421875e-01, 9.774681e-06, 9.772821e-06
-2.265625e-01, 1.041600e-05, 1.041401e-05
-2.109375e-01, 1.109446e-05, 1.109233e-05
-1.953125e-01, 1.181187e-05, 1.180960e-05
-1.796875e-01, 1.257009e-05, 1.256767e-05
-1.640625e-01, 1.337104e-05, 1.336847e-05
-1.484375e-01, 1.421671e-05, 1.421398e-05
-1.328125e-01, 1.510916e-05, 1.510626e-05
-1.171875e-01, 1.605050e-05, 1.604742e-05
-1.015625e-01, 1.704293e-05, 1.703966e-05
-8.593750e-02, 1.808868e-05, 1.808522e-05
-7.031250e-02, 1.919008e-05, 1.918642e-05
-5.468750e-02, 2.034950e-05, 2.034564e-05
-3.906250e-02, 2.156940e-05, 2.156532e-05
-2.343750e-02, 2.285228e-05, 2.284797e-05
-7.812500e-03, 2.420071e-05, 2.419617e-05
7.812500e-03, 2.561734e-05, 2.561255e-05
2.343750e-02, 2.710485e-05, 2.709982e-05
3.906250e-02, 2.866601e-05, 2.866072e-05
5.468750e-02, 3.030363e-05, 3.029807e-05
7.031250e-02, 3.202058e-05, 3.201475e-05
8.593750e-02, 3.381979e-05, 3.381368e-05
1.015625e-01, 3.570425e-05, 3.569784e-05
1.171875e-01, 3.767698e-05, 3.767027e-05
1.328125e-01, 3.974106e-05, 3.973405e-05
1.484375e-01, 4.189962e-05, 4.189229e-05
1.640625e-01, 4.415581e-05, 4.414815e-05
1.796875e-01, 4.651283e-05, 4.650485e-05
1.953125e-01, 4.897393e-05, 4.896561e-05
2.109375e-01, 5.154236e-05, 5.153370e-05
2.265625e-01, 5.422142e-05, 5.421240e-05
2.421875e-01, 5.701441e-05, 5.700504e-05
2.578125e-01, 5.992466e-05, 5.991493e-05
2.734375e-01, 6.295551e-05, 6.294541e-05
2.890625e-01, 6.611030e-05, 6.609983e-05
3.046875e-01, 6.939237e-05, 6.938152e-05
3.203125e-01, 7.280505e-05, 7.279382e-05
3.359375e-01, 7.635166e-05, 7.634005e-05
3.515625e-01, 8.003551e-05, 8.002351e-05
3.671875e-01, 8.385985e-05, 8.384748e-05
3.828125e-01, 8.782794e-05, 8.781518e-05
3.984375e-01, 9.194297e-05, 9.192982e-05
4.140625e-01, 9.620809e-05, 9.619455e-05
4.296875e-01, 1.006264e-04, 1.006125e-04
4.453125e-01, 1.052009e-04, 1.051866e-04
4.609375e-01, 1.099345e-04, 1.099198e-04
4.765625e-01, 1.148301e-04, 1.148151e-04
4.921875e-01, 1.198905e-04, 1.198751e-04
5.078125e-01, 1.251184e-04, 1.251026e-04
5.234375e-01, 1.305163e-04, 1.305002e-04
5.390625e-01, 1.360866e-04, 1.360702e-04
5.546875e-01, 1.418317e-04, 1.418149e-04
5.703125e-01, 1.477538e-04, 1.477366e-04
5.859375e-01, 1.538548e-04, 1.538373e-04
6.015625e-01, 1.601366e-04, 1.601189e-04
6.171875e-01, 1.666009e-04, 1.665829e-04
6.328125e-01, 1.732493e-04, 1.732310e-04
6.484375e-01, 1.800830e-04, 1.800645e-04
6.640625e-01, 1.871032e-04, 1.870844e-04
6.796875e-01, 1.943108e-04, 1.942918e-04
6.953125e-01, 2.017065e-04, 2.016873e-04
7.109375e-01, 2.092907e-04, 2.092714e-04
7.265625e-01, 2.170638e-04, 2.170443e-04
7.421875e-01, 2.250256e-04, 2.250060e-04
7.578125e-01, 2.331759e-04, 2.331563e-04
7.734375e-01, 2.415143e-04, 2.414945e-04
7.890625e-01, 2.500397e-04, 2.500200e-04
8.046875e-01, 2.587513e-04, 2.587315e-04
8.203125e-01, 2.676475e-04, 2.676278e-04
8.359375e-01, 2.767268e-04, 2.767071e-04
8.515625e-01, 2.859870e-04, 2.859674e-04
8.671875e-01, 2.954260e-04, 2.954065e-04
8.828125e-01, 3.050411e-04, 3.050218e-04
8.984375e-01, 3.148293e-04, 3.148102e-04
9.140625e-01, 3.247875e-04, 3.247686e-04
9.296875e-01, 3.349119e-04, 3.348933e-04
9.453125e-01, 3.451987e-04, 3.451804e-04
9.609375e-01, 3.556435e-04, 3.556256e-04
9.765625e-01, 3.662418e-04, 3.662242e-04
9.921875e-01, 3.769885e-04, 3.769714e-04
1.007813e+00, 3.878784e-04, 3.878617e-04
1.023438e+00, 3.989057e-04, 3.988896e-04
1.039063e+00, 4.100645e-04, 4.100489e-04
1.054688e+00, 4.213484e-04, 4.213334e-04
1.070313e+00, 4.327506e-04, 4.327363e-04
1.085938e+00, 4.442642e-04, 4.442506e-04
1.101563e+00, 4.558817e-04, 4.558688e-04
1.117188e+00, 4.675955e-04, 4.675833e-04
1.132813e+00, 4.793973e-04, 4.793860e-04
1.148438e+00, 4.912790e-04, 4.912685e-04
1.164063e+00, 5.032317e-04, 5.032220e-04
1.179688e+00, 5.152464e-04, 5.152377e-04
1.195313e+00, 5.273139e-04, 5.273062e-04
1.210938e+00, 5.394246e-04, 5.394179e-04
1.226563e+00, 5.515686e-04, 5.515628e-04
1.242188e+00, 5.637356e-04, 5.637310e-04
1.257813e+00, 5.759154e-04, 5.759119e-04
1.273438e+00, 5.880972e-04, 5.880948e-04
1.289063e+00, 6.002703e-04, 6.002690e-04
1.304688e+00, 6.124234e-04, 6.124233e-04
1.320313e+00, 6.245453e-04, 6.245464e-04
1.335938e+00, 6.366245e-04, 6.366269e-04
1.351563e+00, 6.486493e-04, 6.486530e-04
1.367188e+00, 6.606080e-04, 6.606130e-04
1.382813e+00, 6.724887e-04, 6.724949e-04
1.398438e+00, 6.842792e-04, 6.842868e-04
1.414063e+00, 6.959675e-04, 6.959764e-04
1.429688e+00, 7.075413e-04, 7.075516e-04
1.445313e+00, 7.189884e-04, 7.190000e-04
1.460938e+00, 7.302965e-04, 7.303095e-04
1.476563e+00, 7.414533e-04, 7.414676e-04
1.492188e+00, 7.524464e-04, 7.524621e-04
1.507813e+00, 7.632638e-04, 7.632808e-04
1.523438e+00, 7.738930e-04, 7.739114e-04
1.539063e+00, 7.843221e-04, 7.843419e-04
1.554688e+00, 7.945391e-04, 7.945601e-04
1.570313e+00, 8.045319e-04, 8.045543e-04
1.585938e+00, 8.142889e-04, 8.143126e-04
1.601563e+00, 8.237986e-04, 8.238236e-04
1.617188e+00, 8.330495e-04, 8.330757e-04
1.632813e+00, 8.420304e-04, 8.420579e-04
1.648438e+00, 8.507305e-04, 8.507592e-04
1.664063e+00, 8.591391e-04, 8.591690e-04
1.679688e+00, 8.672458e-04, 8.672769e-04
1.695313e+00, 8.750406e-04, 8.750727e-04
1.710938e+00, 8.825136e-04, 8.825468e-04
1.726563e+00, 8.896555e-04, 8.896897e-04
1.742188e+00, 8.964572e-04, 8.964924e-04
1.757813e+00, 9.029101e-04, 9.029462e-04
1.773438e+00, 9.090059e-04, 9.090429e-04
1.789063e+00, 9.147367e-04, 9.147746e-04
1.804688e+00, 9.200953e-04, 9.201339e-04
1.820313e+00, 9.250745e-04, 9.251139e-04
1.835938e+00, 9.296680e-04, 9.297081e-04
1.851563e+00, 9.338697e-04, 9.339104e-04
1.867188e+00, 9.376742e-04, 9.377154e-04
1.882813e+00, 9.410763e-04, 9.411181e-04
1.898438e+00, 9.440717e-04, 9.441139e-04
1.914063e+00, 9.466564e-04, 9.466990e-04
1.929688e+00, 9.488270e-04, 9.488699e-04
1.945313e+00, 9.505805e-04, 9.506236e-04
1.960938e+00, 9.519147e-04, 9.519580e-04
1.976563e+00, 9.528277e-04, 9.528712e-04
1.992188e+00, 9.533185e-04, 9.533619e-04
2.007813e+00, 9.533862e-04, 9.534297e-04
2.023438e+00, 9.530309e-04, 9.530743e-04
2.039063e+00, 9.522529e-04, 9.522962e-04
2.054688e+00, 9.510534e-04, 9.510964e-04
2.070313e+00, 9.494340e-04, 9.494767e-04
2.085938e+00, 9.473967e-04, 9.474390e-04
2.101563e+00, 9.449442e-04, 9.449862e-04
2.117188e+00, 9.420799e-04, 9.421214e-04
2.132813e+00, 9.388075e-04, 9.388485e-04
2.148438e+00, 9.351314e-04, 9.351717e-04
2.164063e+00, 9.310563e-04, 9.310960e-04
2.179688e+00, 9.265876e-04, 9.266266e-04
2.195313e+00, 9.217312e-04, 9.217694e-04
2.210938e+00, 9.164934e-04, 9.165308e-04
2.226563e+00, 9.108810e-04, 9.109175e-04
2.242188e+00, 9.049012e-04, 9.049368e-04
2.257813e+00, 8.985618e-04, 8.985964e-04
2.273438e+00, 8.918708e-04, 8.919044e-04
2.289063e+00, 8.848369e-04, 8.848694e-04
2.304688e+00, 8.774689e-04, 8.775003e-04
2.320313e+00, 8.697761e-04, 8.698064e-04
2.335938e+00, 8.617682e-04, 8.617974e-04
2.351563e+00, 8.534551e-04, 8.534831e-04
2.367188e+00, 8.448472e-04, 8.448740e-04
2.382813e+00, 8.359550e-04, 8.359805e-04
2.398438e+00, 8.267893e-04, 8.268135e-04
2.414063e+00, 8.173613e-04, 8.173842e-04
2.429688e+00, 8.076822e-04, 8.077038e-04
2.445313e+00, 7.977636e-04, 7.977838e-04
2.460938e+00, 7.876171e-04, 7.876360e-04
2.476563e+00, 7.772546e-04, 7.772722e-04
2.492188e+00, 7.666881e-04, 7.667043e-04
2.507813e+00, 7.559297e-04, 7.559445e-04
2.523438e+00, 7.449915e-04, 7.450049e-04
2.539063e+00, 7.338857e-04, 7.338978e-04
2.554688e+00, 7.226247e-04, 7.226354e-04
2.570313e+00, 7.112208e-04, 7.112302e-04
2.585938e+00, 6.996862e-04, 6.996942e-04
2.601563e+00, 6.880332e-04, 6.880399e-04
2.617188e+00, 6.762741e-04, 6.762795e-04
2.632813e+00, 6.644209e-04, 6.644250e-04
2.648438e+00, 6.524859e-04, 6.524887e-04
2.664063e+00, 6.404809e-04, 6.404825e-04
2.679688e+00, 6.284178e-04, 6.284181e-04
2.695313e+00, 6.163083e-04, 6.163074e-04
2.710938e+00, 6.041639e-04, 6.041619e-04
2.726563e+00, 5.919960e-04, 5.919928e-04
2.742188e+00, 5.798158e-04, 5.798115e-04
2.757813e+00, 5.676342e-04, 5.676287e-04
2.773438e+00, 5.554619e-04, 5.554554e-04
2.789063e+00, 5.433094e-04, 5.433019e-04
2.804688e+00, 5.311869e-04, 5.311785e-04
2.820313e+00, 5.191045e-04, 5.190951e-04
2.835938e+00, 5.070718e-04, 5.070615e-04
2.851563e+00, 4.950982e-04, 4.950870e-04
2.867188e+00, 4.831928e-04, 4.831808e-04
2.882813e+00, 4.713645e-04, 4.713517e-04
2.898438e+00, 4.596216e-04, 4.596081e-04
2.914063e+00, 4.479724e-04, 4.479582e-04
2.929688e+00, 4.364247e-04, 4.364098e-04
2.945313e+00, 4.249860e-04, 4.249705e-04
2.960938e+00, 4.136635e-04, 4.136474e-04
2.976563e+00, 4.024639e-04, 4.024473e-04
2.992188e+00, 3.913938e-04, 3.913767e-04
3.007813e+00, 3.804592e-04, 3.804417e-04
3.023438e+00, 3.696661e-04, 3.696481e-04
3.039063e+00, 3.590197e-04, 3.590013e-04
3.054688e+00, 3.485252e-04, 3.485065e-04
3.070313e+00, 3.381873e-04, 3.381683e-04
3.085938e+00, 3.280104e-04, 3.279912e-04
3.101563e+00, 3.179986e-04, 3.179792e-04
3.117188e+00, 3.081556e-04, 3.081360e-04
3.132813e+00, 2.984847e-04, 2.984650e-04
3.148438e+00, 2.889890e-04, 2.889692e-04
3.164063e+00, 2.796713e-04, 2.796514e-04
3.179688e+00, 2.705338e-04, 2.705139e-04
3.195313e+00, 2.615788e-04, 2.615588e-04
3.210938e+00, 2.528079e-04, 2.527880e-04
3.226563e+00, 2.442227e-04, 2.442029e-04
3.242188e+00, 2.358244e-04, 2.358046e-04
3.257813e+00, 2.276138e-04, 2.275941e-04
3.273438e+00, 2.195915e-04, 2.195720e-04
3.289063e+00, 2.117580e-04, 2.117387e-04
3.304688e+00, 2.041133e-04, 2.040941e-04
3.320313e+00, 1.966573e-04, 1.966383e-04
3.335938e+00, 1.893896e-04, 1.893708e-04
3.351563e+00, 1.823095e-04, 1.822909e-04
3.367188e+00, 1.754161e-04, 1.753979e-04
3.382813e+00, 1.687086e-04, 1.686906e-04
3.398438e+00, 1.621855e-04, 1.621678e-04
3.414063e+00, 1.558454e-04, 1.558281e-04
3.429688e+00, 1.496867e-04, 1.496697e-04
3.445313e+00, 1.437076e-04, 1.436909e-04
3.460938e+00, 1.379061e-04, 1.378897e-04
3.476563e+00, 1.322800e-04, 1.322640e-04
3.492188e+00, 1.268272e-04, 1.268116e-04
3.507813e+00, 1.215452e-04, 1.215299e-04
3.523438e+00, 1.164314e-04, 1.164165e-04
3.539063e+00, 1.114833e-04, 1.114688e-04
3.554688e+00, 1.066981e-04, 1.066840e-04
3.570313e+00, 1.020730e-04, 1.020593e-04
3.585938e+00, 9.760508e-05, 9.759174e-05
3.601563e+00, 9.329126e-05, 9.327832e-05
3.617188e+00, 8.912853e-05, 8.911598e-05
3.632813e+00, 8.511375e-05, 8.510159e-05
3.648438e+00, 8.124375e-05, 8.123198e-05
3.664063e+00, 7.751528e-05, 7.750390e-05
3.679688e+00, 7.392510e-05, 7.391411e-05
3.695313e+00, 7.046992e-05, 7.045930e-05
3.710938e+00, 6.714640e-05, 6.713617e-05
3.726563e+00, 6.395124e-05, 6.394138e-05
3.742188e+00, 6.088109e-05, 6.087159e-05
3.757813e+00, 5.793260e-05, 5.792347e-05
3.773438e+00, 5.510244e-05, 5.509366e-05
3.789063e+00, 5.238728e-05, 5.237885e-05
3.804688e+00, 4.978380e-05, 4.977572e-05
3.820313e+00, 4.728871e-05, 4.728097e-05
3.835938e+00, 4.489873e-05, 4.489132e-05
3.851563e+00, 4.261062e-05, 4.260353e-05
3.867188e+00, 4.042117e-05, 4.041439e-05
3.882813e+00, 3.832720e-05, 3.832072e-05
3.898438e+00, 3.632557e-05, 3.631939e-05
3.914063e+00, 3.441320e-05, 3.440731e-05
3.929688e+00, 3.258703e-05, 3.258142e-05
3.945313e+00, 3.084408e-05, 3.083874e-05
3.960938e+00, 2.918139e-05, 2.917631e-05
3.976563e+00, 2.759607e-05, 2.759125e-05
3.992188e+00, 2.608530e-05, 2.608073e-05
4.007813e+00, 2.464629e-05, 2.464196e-05
4.023438e+00, 2.327632e-05, 2.327222e-05
4.039063e+00, 2.197275e-05, 2.196887e-05
4.054688e+00, 2.073298e-05, 2.072931e-05
4.070313e+00, 1.955448e-05, 1.955101e-05
4.085938e+00, 1.843478e-05, 1.843151e-05
4.101563e+00, 1.737147e-05, 1.736839e-05
4.117188e+00, 1.636224e-05, 1.635934e-05
4.132813e+00, 1.540479e-05, 1.540206e-05
4.148438e+00, 1.449693e-05, 1.449437e-05
4.164063e+00, 1.363652e-05, 1.363412e-05
4.179688e+00, 1.282149e-05, 1.281923e-05
4.195313e+00, 1.204981e-05, 1.204770e-05
4.210938e+00, 1.131955e-05, 1.131758e-05
4.226563e+00, 1.062883e-05, 1.062699e-05
4.242188e+00, 9.975823e-06, 9.974106e-06
4.257813e+00, 9.358778e-06, 9.357181e-06
4.273438e+00, 8.776001e-06, 8.774518e-06
4.289063e+00, 8.225859e-06, 8.224486e-06
4.304688e+00, 7.706778e-06, 7.705512e-06
4.320313e+00, 7.217245e-06, 7.216081e-06
4.335938e+00, 6.755803e-06, 6.754739e-06
4.351563e+00, 6.321051e-06, 6.320086e-06
4.367188e+00, 5.911645e-06, 5.910777e-06
4.382813e+00, 5.526292e-06, 5.525523e-06
4.398438e+00, 5.163755e-06, 5.163087e-06
4.414063e+00, 4.822847e-06, 4.822283e-06
4.429688e+00, 4.502429e-06, 4.501977e-06
4.445313e+00, 4.201412e-06, 4.201080e-06
4.460938e+00, 3.918755e-06, 3.918555e-06
4.476563e+00, 3.653459e-06, 3.653407e-06
4.492188e+00, 3.404574e-06, 3.404689e-06
4.507813e+00, 3.171187e-06, 3.171495e-06
4.523438e+00, 2.952431e-06, 2.952962e-06
4.539063e+00, 2.747473e-06, 2.748267e-06
4.554688e+00, 2.555525e-06, 2.556626e-06
4.570313e+00, 2.375828e-06, 2.377293e-06
4.585938e+00, 2.207663e-06, 2.209559e-06
4.601563e+00, 2.050341e-06, 2.052747e-06
4.617188e+00, 1.903210e-06, 1.906218e-06
4.632813e+00, 1.765639e-06, 1.769364e-06
4.648438e+00, 1.637038e-06, 1.641605e-06
4.664063e+00, 1.516831e-06, 1.522396e-06
4.679688e+00, 1.404483e-06, 1.411217e-06
4.695313e+00, 1.299466e-06, 1.307576e-06
4.710938e+00, 1.201294e-06, 1.211009e-06
4.726563e+00, 1.109481e-06, 1.121076e-06
4.742188e+00, 1.023585e-06, 1.037362e-06
4.757813e+00, 9.431579e-07, 9.594722e-07
4.773438e+00, 8.677956e-07, 8.870372e-07
4.789063e+00, 7.970805e-07, 8.197066e-07
4.804688e+00, 7.306422e-07, 7.571507e-07
4.820313e+00, 6.680890e-07, 6.990583e-07
4.835938e+00, 6.090786e-07, 6.451367e-07
4.851563e+00, 5.532407e-07, 5.951100e-07
4.867188e+00, 5.002560e-07, 5.487190e-07
4.882813e+00, 4.497711e-07, 5.057199e-07
4.898438e+00, 4.014851e-07, 4.658834e-07
4.914063e+00, 3.550571e-07, 4.289944e-07
4.929688e+00, 3.102000e-07, 3.948511e-07
4.945313e+00, 2.665817e-07, 3.632638e-07
4.960938e+00, 2.239245e-07, 3.340552e-07
4.976563e+00, 1.819012e-07, 3.070588e-07
4.992188e+00, 1.402390e-07, 2.821189e-07
5.000000e+00, 1.194435e-07, 2.703741e-07


#At time: 5.000976e+01, nsteps= 410


-1.000000e+00, 1.093225e-07, 4.925286e-07
-9.921875e-01, 1.460278e-07, 5.121554e-07
-9.765625e-01, 2.196914e-07, 5.536174e-07
-9.609375e-01, 2.939642e-07, 5.981926e-07
-9.453125e-01, 3.692419e-07, 6.460939e-07
-9.296875e-01, 4.458902e-07, 6.975470e-07
-9.140625e-01, 5.243134e-07, 7.527914e-07
-8.984375e-01, 6.048884e-07, 8.120805e-07
-8.828125e-01, 6.880317e-07, 8.756829e-07
-8.671875e-01, 7.741360e-07, 9.438824e-07
-8.515625e-01, 8.636344e-07, 1.016980e-06
-8.359375e-01, 9.569395e-07, 1.095292e-06
-8.203125e-01, 1.054505e-06, 1.179155e-06
-8.046875e-01, 1.156769e-06, 1.268922e-06
-7.890625e-01, 1.264210e-06, 1.364968e-06
-7.734375e-01, 1.377294e-06, 1.467686e-06
-7.578125e-01, 1.496531e-06, 1.577492e-06
-7.421875e-01, 1.622420e-06, 1.694824e-06
-7.265625e-01, 1.755505e-06, 1.820142e-06
-7.109375e-01, 1.896324e-06, 1.953931e-06
-6.953125e-01, 2.045460e-06, 2.096701e-06
-6.796875e-01, 2.203494e-06, 2.248987e-06
-6.640625e-01, 2.371053e-06, 2.411353e-06
-6.484375e-01, 2.548767e-06, 2.584389e-06
-6.328125e-01, 2.737311e-06, 2.768716e-06
-6.171875e-01, 2.937368e-06, 2.964982e-06
-6.015625e-01, 3.149667e-06, 3.173869e-06
-5.859375e-01, 3.374950e-06, 3.396091e-06
-5.703125e-01, 3.614003e-06, 3.632393e-06
-5.546875e-01, 3.867631e-06, 3.883557e-06
-5.390625e-01, 4.136685e-06, 4.150399e-06
-5.234375e-01, 4.422037e-06, 4.433772e-06
-5.078125e-01, 4.724608e-06, 4.734564e-06
-4.921875e-01, 5.045342e-06, 5.053707e-06
-4.765625e-01, 5.385234e-06, 5.392167e-06
-4.609375e-01, 5.745304e-06, 5.750955e-06
-4.453125e-01, 6.126626e-06, 6.131121e-06
-4.296875e-01, 6.530304e-06, 6.533758e-06
-4.140625e-01, 6.957492e-06, 6.960004e-06
-3.984375e-01, 7.409383e-06, 7.411042e-06
-3.828125e-01, 7.887216e-06, 7.888099e-06
-3.671875e-01, 8.392275e-06, 8.392448e-06
-3.515625e-01, 8.925892e-06, 8.925413e-06
-3.359375e-01, 9.489444e-06, 9.488362e-06
-3.203125e-01, 1.008436e-05, 1.008271e-05
-3.046875e-01, 1.071211e-05, 1.070994e-05
-2.890625e-01, 1.137422e-05, 1.137155e-05
-2.734375e-01, 1.207226e-05, 1.206913e-05
-2.578125e-01, 1.280787e-05, 1.280428e-05
-2.421875e-01, 1.358271e-05, 1.357869e-05
-2.265625e-01, 1.439853e-05, 1.439408e-05
-2.109375e-01, 1.525709e-05, 1.525222e-05
-1.953125e-01, 1.616023e-05, 1.615495e-05
-1.796875e-01, 1.710983e-05, 1.710415e-05
-1.640625e-01, 1.810784e-05, 1.810175e-05
-1.484375e-01, 1.915625e-05, 1.914975e-05
-1.328125e-01, 2.025709e-05, 2.025017e-05
-1.171875e-01, 2.141245e-05, 2.140512e-05
-1.015625e-01, 2.262449e-05, 2.261674e-05
-8.593750e-02, 2.389540e-05, 2.388722e-05
-7.031250e-02, 2.522742e-05, 2.521881e-05
-5.468750e-02, 2.662285e-05, 2.661379e-05
-3.906250e-02, 2.808402e-05, 2.807451e-05
-2.343750e-02, 2.961333e-05, 2.960335e-05
-7.812500e-03, 3.121321e-05, 3.120275e-05
7.812500e-03, 3.288613e-05, 3.287519e-05
2.343750e-02, 3.463461e-05, 3.462317e-05
3.906250e-02, 3.646121e-05, 3.644926e-05
5.468750e-02, 3.836852e-05, 3.835606e-05
7.031250e-02, 4.035917e-05, 4.034618e-05
8.593750e-02, 4.243583e-05, 4.242230e-05
1.015625e-01, 4.460118e-05, 4.458711e-05
1.171875e-01, 4.685796e-05, 4.684332e-05
1.328125e-01, 4.920889e-05, 4.919368e-05
1.484375e-01, 5.165674e-05, 5.164095e-05
1.640625e-01, 5.420429e-05, 5.418792e-05
1.796875e-01, 5.685434e-05, 5.683738e-05
1.953125e-01, 5.960969e-05, 5.959212e-05
2.109375e-01, 6.247314e-05, 6.245496e-05
2.265625e-01, 6.544750e-05, 6.542871e-05
2.421875e-01, 6.853557e-05, 6.851616e-05
2.578125e-01, 7.174016e-05, 7.172012e-05
2.734375e-01, 7.506402e-05, 7.504336e-05
2.890625e-01, 7.850994e-05, 7.848865e-05
3.046875e-01, 8.208063e-05, 8.205871e-05
3.203125e-01, 8.577882e-05, 8.575626e-05
3.359375e-01, 8.960715e-05, 8.958396e-05
3.515625e-01, 9.356825e-05, 9.354445e-05
3.671875e-01, 9.766471e-05, 9.764028e-05
3.828125e-01, 1.018990e-04, 1.018740e-04
3.984375e-01, 1.062737e-04, 1.062480e-04
4.140625e-01, 1.107911e-04, 1.107648e-04
4.296875e-01, 1.154535e-04, 1.154266e-04
4.453125e-01, 1.202631e-04, 1.202357e-04
4.609375e-01, 1.252222e-04, 1.251942e-04
4.765625e-01, 1.303327e-04, 1.303042e-04
4.921875e-01, 1.355966e-04, 1.355675e-04
5.078125e-01, 1.410157e-04, 1.409861e-04
5.234375e-01, 1.465917e-04, 1.465616e-04
5.390625e-01, 1.523262e-04, 1.522956e-04
5.546875e-01, 1.582207e-04, 1.581896e-04
5.703125e-01, 1.642763e-04, 1.642448e-04
5.859375e-01, 1.704944e-04, 1.704625e-04
6.015625e-01, 1.768758e-04, 1.768435e-04
6.171875e-01, 1.834214e-04, 1.833888e-04
6.328125e-01, 1.901319e-04, 1.900990e-04
6.484375e-01, 1.970077e-04, 1.969745e-04
6.640625e-01, 2.040491e-04, 2.040157e-04
6.796875e-01, 2.112562e-04, 2.112226e-04
6.953125e-01, 2.186290e-04, 2.185952e-04
7.109375e-01, 2.261669e-04, 2.261330e-04
7.265625e-01, 2.338696e-04, 2.338356e-04
7.421875e-01, 2.417362e-04, 2.417022e-04
7.578125e-01, 2.497658e-04, 2.497319e-04
7.734375e-01, 2.579572e-04, 2.579233e-04
7.890625e-01, 2.663088e-04, 2.662750e-04
8.046875e-01, 2.748189e-04, 2.747854e-04
8.203125e-01, 2.834857e-04, 2.834523e-04
8.359375e-01, 2.923068e-04, 2.922737e-04
8.515625e-01, 3.012798e-04, 3.012471e-04
8.671875e-01, 3.104019e-04, 3.103696e-04
8.828125e-01, 3.196701e-04, 3.196383e-04
8.984375e-01, 3.290812e-04, 3.290498e-04
9.140625e-01, 3.386315e-04, 3.386007e-04
9.296875e-01, 3.483172e-04, 3.482871e-04
9.453125e-01, 3.581342e-04, 3.581048e-04
9.609375e-01, 3.680781e-04, 3.680495e-04
9.765625e-01, 3.781442e-04, 3.781164e-04
9.921875e-01, 3.883276e-04, 3.883007e-04
1.007813e+00, 3.986230e-04, 3.985971e-04
1.023438e+00, 4.090249e-04, 4.090001e-04
1.039063e+00, 4.195276e-04, 4.195038e-04
1.054688e+00, 4.301248e-04, 4.301022e-04
1.070313e+00, 4.408104e-04, 4.407891e-04
1.085938e+00, 4.515777e-04, 4.515577e-04
1.101563e+00, 4.624199e-04, 4.624011e-04
1.117188e+00, 4.733297e-04, 4.733124e-04
1.132813e+00, 4.842999e-04, 4.842840e-04
1.148438e+00, 4.953227e-04, 4.953084e-04
1.164063e+00, 5.063904e-04, 5.063777e-04
1.179688e+00, 5.174948e-04, 5.174837e-04
1.195313e+00, 5.286276e-04, 5.286182e-04
1.210938e+00, 5.397802e-04, 5.397726e-04
1.226563e+00, 5.509439e-04, 5.509382e-04
1.242188e+00, 5.621098e-04, 5.621059e-04
1.257813e+00, 5.732687e-04, 5.732668e-04
1.273438e+00, 5.844114e-04, 5.844114e-04
1.289063e+00, 5.955283e-04, 5.955303e-04
1.304688e+00, 6.066098e-04, 6.066138e-04
1.320313e+00, 6.176462e-04, 6.176523e-04
1.335938e+00, 6.286276e-04, 6.286358e-04
1.351563e+00, 6.395440e-04, 6.395544e-04
1.367188e+00, 6.503854e-04, 6.503978e-04
1.382813e+00, 6.611414e-04, 6.611561e-04
1.398438e+00, 6.718021e-04, 6.718189e-04
1.414063e+00, 6.823569e-04, 6.823760e-04
1.429688e+00, 6.927957e-04, 6.928170e-04
1.445313e+00, 7.031081e-04, 7.031316e-04
1.460938e+00, 7.132837e-04, 7.133095e-04
1.476563e+00, 7.233123e-04, 7.233403e-04
1.492188e+00, 7.331836e-04, 7.332138e-04
1.507813e+00, 7.428873e-04, 7.429197e-04
1.523438e+00, 7.524132e-04, 7.524479e-04
1.539063e+00, 7.617514e-04, 7.617882e-04
1.554688e+00, 7.708918e-04, 7.709307e-04
1.570313e+00, 7.798245e-04, 7.798656e-04
1.585938e+00, 7.885399e-04, 7.885831e-04
1.601563e+00, 7.970284e-04, 7.970737e-04
1.617188e+00, 8.052806e-04, 8.053279e-04
1.632813e+00, 8.132873e-04, 8.133367e-04
1.648438e+00, 8.210396e-04, 8.210908e-04
1.664063e+00, 8.285286e-04, 8.285818e-04
1.679688e+00, 8.357459e-04, 8.358009e-04
1.695313e+00, 8.426832e-04, 8.427399e-04
1.710938e+00, 8.493324e-04, 8.493909e-04
1.726563e+00, 8.556860e-04, 8.557461e-04
1.742188e+00, 8.617364e-04, 8.617981e-04
1.757813e+00, 8.674767e-04, 8.675398e-04
1.773438e+00, 8.729000e-04, 8.729646e-04
1.789063e+00, 8.780000e-04, 8.780659e-04
1.804688e+00, 8.827706e-04, 8.828377e-04
1.820313e+00, 8.872061e-04, 8.872744e-04
1.835938e+00, 8.913012e-04, 8.913706e-04
1.851563e+00, 8.950510e-04, 8.951214e-04
1.867188e+00, 8.984511e-04, 8.985224e-04
1.882813e+00, 9.014972e-04, 9.015693e-04
1.898438e+00, 9.041858e-04, 9.042586e-04
1.914063e+00, 9.065136e-04, 9.065870e-04
1.929688e+00, 9.084776e-04, 9.085515e-04
1.945313e+00, 9.100757e-04, 9.101500e-04
1.960938e+00, 9.113057e-04, 9.113803e-04
1.976563e+00, 9.121663e-04, 9.122411e-04
1.992188e+00, 9.126563e-04, 9.127312e-04
2.007813e+00, 9.127752e-04, 9.128501e-04
2.023438e+00, 9.125228e-04, 9.125976e-04
2.039063e+00, 9.118994e-04, 9.119740e-04
2.054688e+00, 9.109059e-04, 9.109801e-04
2.070313e+00, 9.095433e-04, 9.096171e-04
2.085938e+00, 9.078134e-04, 9.078866e-04
2.101563e+00, 9.057182e-04, 9.057908e-04
2.117188e+00, 9.032603e-04, 9.033322e-04
2.132813e+00, 9.004428e-04, 9.005138e-04
2.148438e+00, 8.972689e-04, 8.973390e-04
2.164063e+00, 8.937426e-04, 8.938117e-04
2.179688e+00, 8.898680e-04, 8.899360e-04
2.195313e+00, 8.856499e-04, 8.857167e-04
2.210938e+00, 8.810932e-04, 8.811588e-04
2.226563e+00, 8.762035e-04, 8.762677e-04
2.242188e+00, 8.709866e-04, 8.710493e-04
2.257813e+00, 8.654485e-04, 8.655097e-04
2.273438e+00, 8.595959e-04, 8.596555e-04
2.289063e+00, 8.534356e-04, 8.534935e-04
2.304688e+00, 8.469748e-04, 8.470310e-04
2.320313e+00, 8.402211e-04, 8.402755e-04
2.335938e+00, 8.331822e-04, 8.332347e-04
2.351563e+00, 8.258662e-04, 8.259168e-04
2.367188e+00, 8.182815e-04, 8.183302e-04
2.382813e+00, 8.104367e-04, 8.104834e-04
2.398438e+00, 8.023406e-04, 8.023852e-04
2.414063e+00, 7.940023e-04, 7.940449e-04
2.429688e+00, 7.854311e-04, 7.854716e-04
2.445313e+00, 7.766364e-04, 7.766747e-04
2.460938e+00, 7.676279e-04, 7.676640e-04
2.476563e+00, 7.584152e-04, 7.584491e-04
2.492188e+00, 7.490083e-04, 7.490400e-04
2.507813e+00, 7.394173e-04, 7.394467e-04
2.523438e+00, 7.296521e-04, 7.296793e-04
2.539063e+00, 7.197230e-04, 7.197480e-04
2.554688e+00, 7.096404e-04, 7.096631e-04
2.570313e+00, 6.994143e-04, 6.994348e-04
2.585938e+00, 6.890553e-04, 6.890735e-04
2.601563e+00, 6.785735e-04, 6.785896e-04
2.617188e+00, 6.679794e-04, 6.679933e-04
2.632813e+00, 6.572832e-04, 6.572949e-04
2.648438e+00, 6.464953e-04, 6.465048e-04
2.664063e+00, 6.356258e-04, 6.356332e-04
2.679688e+00, 6.246848e-04, 6.246901e-04
2.695313e+00, 6.136824e-04, 6.136856e-04
2.710938e+00, 6.026286e-04, 6.026298e-04
2.726563e+00, 5.915332e-04, 5.915324e-04
2.742188e+00, 5.804059e-04, 5.804032e-04
2.757813e+00, 5.692563e-04, 5.692517e-04
2.773438e+00, 5.580938e-04, 5.580873e-04
2.789063e+00, 5.469276e-04, 5.469193e-04
2.804688e+00, 5.357668e-04, 5.357567e-04
2.820313e+00, 5.246202e-04, 5.246085e-04
2.835938e+00, 5.134966e-04, 5.134832e-04
2.851563e+00, 5.024045e-04, 5.023895e-04
2.867188e+00, 4.913520e-04, 4.913354e-04
2.882813e+00, 4.803471e-04, 4.803291e-04
2.898438e+00, 4.693978e-04, 4.693784e-04
2.914063e+00, 4.585114e-04, 4.584907e-04
2.929688e+00, 4.476953e-04, 4.476733e-04
2.945313e+00, 4.369566e-04, 4.369334e-04
2.960938e+00, 4.263020e-04, 4.262776e-04
2.976563e+00, 4.157380e-04, 4.157125e-04
2.992188e+00, 4.052709e-04, 4.052444e-04
3.007813e+00, 3.949066e-04, 3.948791e-04
3.023438e+00, 3.846508e-04, 3.846225e-04
3.039063e+00, 3.745090e-04, 3.744798e-04
3.054688e+00, 3.644862e-04, 3.644563e-04
3.070313e+00, 3.545874e-04, 3.545568e-04
3.085938e+00, 3.448171e-04, 3.447858e-04
3.101563e+00, 3.351796e-04, 3.351478e-04
3.117188e+00, 3.256789e-04, 3.256466e-04
3.132813e+00, 3.163188e-04, 3.162860e-04
3.148438e+00, 3.071027e-04, 3.070696e-04
3.164063e+00, 2.980339e-04, 2.980004e-04
3.179688e+00, 2.891152e-04, 2.890815e-04
3.195313e+00, 2.803493e-04, 2.803154e-04
3.210938e+00, 2.717386e-04, 2.717045e-04
3.226563e+00, 2.632853e-04, 2.632511e-04
3.242188e+00, 2.549911e-04, 2.549568e-04
3.257813e+00, 2.468578e-04, 2.468235e-04
3.273438e+00, 2.388866e-04, 2.388524e-04
3.289063e+00, 2.310788e-04, 2.310447e-04
3.304688e+00, 2.234353e-04, 2.234013e-04
3.320313e+00, 2.159567e-04, 2.159229e-04
3.335938e+00, 2.086435e-04, 2.086099e-04
3.351563e+00, 2.014960e-04, 2.014627e-04
3.367188e+00, 1.945142e-04, 1.944811e-04
3.382813e+00, 1.876979e-04, 1.876651e-04
3.398438e+00, 1.810467e-04, 1.810144e-04
3.414063e+00, 1.745602e-04, 1.745283e-04
3.429688e+00, 1.682377e-04, 1.682061e-04
3.445313e+00, 1.620781e-04, 1.620471e-04
3.460938e+00, 1.560806e-04, 1.560500e-04
3.476563e+00, 1.502439e-04, 1.502137e-04
3.492188e+00, 1.445665e-04, 1.445369e-04
3.507813e+00, 1.390472e-04, 1.390181e-04
3.523438e+00, 1.336841e-04, 1.336556e-04
3.539063e+00, 1.284756e-04, 1.284476e-04
3.554688e+00, 1.234198e-04, 1.233924e-04
3.570313e+00, 1.185147e-04, 1.184879e-04
3.585938e+00, 1.137583e-04, 1.137321e-04
3.601563e+00, 1.091483e-04, 1.091228e-04
3.617188e+00, 1.046825e-04, 1.046576e-04
3.632813e+00, 1.003587e-04, 1.003343e-04
3.648438e+00, 9.617421e-05, 9.615054e-05
3.664063e+00, 9.212675e-05, 9.210371e-05
3.679688e+00, 8.821371e-05, 8.819131e-05
3.695313e+00, 8.443251e-05, 8.441075e-05
3.710938e+00, 8.078051e-05, 8.075939e-05
3.726563e+00, 7.725503e-05, 7.723455e-05
3.742188e+00, 7.385334e-05, 7.383350e-05
3.757813e+00, 7.057272e-05, 7.055350e-05
3.773438e+00, 6.741038e-05, 6.739179e-05
3.789063e+00, 6.436355e-05, 6.434558e-05
3.804688e+00, 6.142942e-05, 6.141207e-05
3.820313e+00, 5.860520e-05, 5.858845e-05
3.835938e+00, 5.588807e-05, 5.587192e-05
3.851563e+00, 5.327523e-05, 5.325967e-05
3.867188e+00, 5.076388e-05, 5.074890e-05
3.882813e+00, 4.835123e-05, 4.833683e-05
3.898438e+00, 4.603451e-05, 4.602066e-05
3.914063e+00, 4.381096e-05, 4.379766e-05
3.929688e+00, 4.167784e-05, 4.166508e-05
3.945313e+00, 3.963245e-05, 3.962022e-05
3.960938e+00, 3.767210e-05, 3.766039e-05
3.976563e+00, 3.579414e-05, 3.578294e-05
3.992188e+00, 3.399596e-05, 3.398525e-05
4.007813e+00, 3.227497e-05, 3.226475e-05
4.023438e+00, 3.062864e-05, 3.061889e-05
4.039063e+00, 2.905445e-05, 2.904516e-05
4.054688e+00, 2.754995e-05, 2.754111e-05
4.070313e+00, 2.611271e-05, 2.610432e-05
4.085938e+00, 2.474038e-05, 2.473242e-05
4.101563e+00, 2.343062e-05, 2.342309e-05
4.117188e+00, 2.218117e-05, 2.217405e-05
4.132813e+00, 2.098978e-05, 2.098307e-05
4.148438e+00, 1.985429e-05, 1.984799e-05
4.164063e+00, 1.877257e-05, 1.876667e-05
4.179688e+00, 1.774254e-05, 1.773704e-05
4.195313e+00, 1.676218e-05, 1.675708e-05
4.210938e+00, 1.582953e-05, 1.582483e-05
4.226563e+00, 1.494265e-05, 1.493836e-05
4.242188e+00, 1.409969e-05, 1.409581e-05
4.257813e+00, 1.329882e-05, 1.329537e-05
4.273438e+00, 1.253830e-05, 1.253529e-05
4.289063e+00, 1.181640e-05, 1.181384e-05
4.304688e+00, 1.113147e-05, 1.112940e-05
4.320313e+00, 1.048190e-05, 1.048034e-05
4.335938e+00, 9.866131e-06, 9.865113e-06
4.351563e+00, 9.282662e-06, 9.282229e-06
4.367188e+00, 8.730030e-06, 8.730231e-06
4.382813e+00, 8.206829e-06, 8.207720e-06
4.398438e+00, 7.711694e-06, 7.713342e-06
4.414063e+00, 7.243315e-06, 7.245793e-06
4.429688e+00, 6.800418e-06, 6.803816e-06
4.445313e+00, 6.381784e-06, 6.386200e-06
4.460938e+00, 5.986228e-06, 5.991778e-06
4.476563e+00, 5.612620e-06, 5.619430e-06
4.492188e+00, 5.259858e-06, 5.268076e-06
4.507813e+00, 4.926893e-06, 4.936682e-06
4.523438e+00, 4.612704e-06, 4.624252e-06
4.539063e+00, 4.316322e-06, 4.329834e-06
4.554688e+00, 4.036800e-06, 4.052511e-06
4.570313e+00, 3.773242e-06, 3.791407e-06
4.585938e+00, 3.524770e-06, 3.545684e-06
4.601563e+00, 3.290558e-06, 3.314537e-06
4.617188e+00, 3.069793e-06, 3.097198e-06
4.632813e+00, 2.861712e-06, 2.892933e-06
4.648438e+00, 2.665562e-06, 2.701041e-06
4.664063e+00, 2.480637e-06, 2.520851e-06
4.679688e+00, 2.306240e-06, 2.351724e-06
4.695313e+00, 2.141720e-06, 2.193052e-06
4.710938e+00, 1.986426e-06, 2.044254e-06
4.726563e+00, 1.839757e-06, 1.904777e-06
4.742188e+00, 1.701106e-06, 1.774093e-06
4.757813e+00, 1.569915e-06, 1.651704e-06
4.773438e+00, 1.445615e-06, 1.537132e-06
4.789063e+00, 1.327687e-06, 1.429926e-06
4.804688e+00, 1.215597e-06, 1.329656e-06
4.820313e+00, 1.108856e-06, 1.235914e-06
4.835938e+00, 1.006961e-06, 1.148313e-06
4.851563e+00, 9.094514e-07, 1.066488e-06
4.867188e+00, 8.158460e-07, 9.900900e-07
4.882813e+00, 7.257081e-07, 9.187910e-07
4.898438e+00, 6.385756e-07, 8.522796e-07
4.914063e+00, 5.540294e-07, 7.902614e-07
4.929688e+00, 4.716216e-07, 7.324580e-07
4.945313e+00, 3.909458e-07, 6.786064e-07
4.960938e+00, 3.115635e-07, 6.284583e-07
4.976563e+00, 2.330762e-07, 5.817794e-07
4.992188e+00, 1.550497e-07, 5.383484e-07
5.000000e+00, 1.160840e-07, 5.177853e-07


#At time: 7.501464e+01, nsteps= 615


-1.000000e+00, 1.034658e-07, 8.345368e-07
-9.921875e-01, 1.621021e-07, 8.652134e-07
-9.765625e-01, 2.797008e-07, 9.297289e-07
-9.609375e-01, 3.981609e-07, 9.986799e-07
-9.453125e-01, 5.179561e-07, 1.072342e-06
-9.296875e-01, 6.395914e-07, 1.151004e-06
-9.140625e-01, 7.635502e-07, 1.234973e-06
-8.984375e-01, 8.903490e-07, 1.324571e-06
-8.828125e-01, 1.020485e-06, 1.420135e-06
-8.671875e-01, 1.154492e-06, 1.522022e-06
-8.515625e-01, 1.292883e-06, 1.630606e-06
-8.359375e-01, 1.436214e-06, 1.746281e-06
-8.203125e-01, 1.585021e-06, 1.869459e-06
-8.046875e-01, 1.739883e-06, 2.000575e-06
-7.890625e-01, 1.901364e-06, 2.140083e-06
-7.734375e-01, 2.070072e-06, 2.288460e-06
-7.578125e-01, 2.246604e-06, 2.446204e-06
-7.421875e-01, 2.431599e-06, 2.613841e-06
-7.265625e-01, 2.625691e-06, 2.791916e-06
-7.109375e-01, 2.829558e-06, 2.981004e-06
-6.953125e-01, 3.043873e-06, 3.181703e-06
-6.796875e-01, 3.269356e-06, 3.394639e-06
-6.640625e-01, 3.506727e-06, 3.620465e-06
-6.484375e-01, 3.756751e-06, 3.859865e-06
-6.328125e-01, 4.020197e-06, 4.113549e-06
-6.171875e-01, 4.297881e-06, 4.382260e-06
-6.015625e-01, 4.590627e-06, 4.666771e-06
-5.859375e-01, 4.899304e-06, 4.967887e-06
-5.703125e-01, 5.224795e-06, 5.286447e-06
-5.546875e-01, 5.568027e-06, 5.623321e-06
-5.390625e-01, 5.929945e-06, 5.979416e-06
-5.234375e-01, 6.311541e-06, 6.355674e-06
-5.078125e-01, 6.713824e-06, 6.753070e-06
-4.921875e-01, 7.137852e-06, 7.172620e-06
-4.765625e-01, 7.584705e-06, 7.615375e-06
-4.609375e-01, 8.055510e-06, 8.082424e-06
-4.453125e-01, 8.551420e-06, 8.574895e-06
-4.296875e-01, 9.073637e-06, 9.093958e-06
-4.140625e-01, 9.623388e-06, 9.640819e-06
-3.984375e-01, 1.020195e-05, 1.021673e-05
-3.828125e-01, 1.081063e-05, 1.082297e-05
-3.671875e-01, 1.145079e-05, 1.146089e-05
-3.515625e-01, 1.212381e-05, 1.213184e-05
-3.359375e-01, 1.283113e-05, 1.283726e-05
-3.203125e-01, 1.357422e-05, 1.357858e-05
-3.046875e-01, 1.435460e-05, 1.435733e-05
-2.890625e-01, 1.517382e-05, 1.517504e-05
-2.734375e-01, 1.603350e-05, 1.603329e-05
-2.578125e-01, 1.693525e-05, 1.693373e-05
-2.421875e-01, 1.788078e-05, 1.787802e-05
-2.265625e-01, 1.887181e-05, 1.886787e-05
-2.109375e-01, 1.991011e-05, 1.990506e-05
-1.953125e-01, 2.099747e-05, 2.099137e-05
-1.796875e-01, 2.213577e-05, 2.212866e-05
-1.640625e-01, 2.332688e-05, 2.331880e-05
-1.484375e-01, 2.457273e-05, 2.456373e-05
-1.328125e-01, 2.587530e-05, 2.586540e-05
-1.171875e-01, 2.723660e-05, 2.722583e-05
-1.015625e-01, 2.865866e-05, 2.864704e-05
-8.593750e-02, 3.014358e-05, 3.013113e-05
-7.031250e-02, 3.169347e-05, 3.168020e-05
-5.468750e-02, 3.331048e-05, 3.329640e-05
-3.906250e-02, 3.499679e-05, 3.498191e-05
-2.343750e-02, 3.675462e-05, 3.673894e-05
-7.812500e-03, 3.858620e-05, 3.856974e-05
7.812500e-03, 4.049381e-05, 4.047656e-05
2.343750e-02, 4.247973e-05, 4.246170e-05
3.906250e-02, 4.454629e-05, 4.452748e-05
5.468750e-02, 4.669582e-05, 4.667622e-05
7.031250e-02, 4.893066e-05, 4.891027e-05
8.593750e-02, 5.125319e-05, 5.123202e-05
1.015625e-01, 5.366579e-05, 5.364382e-05
1.171875e-01, 5.617083e-05, 5.614806e-05
1.328125e-01, 5.877071e-05, 5.874715e-05
1.484375e-01, 6.146782e-05, 6.144346e-05
1.640625e-01, 6.426455e-05, 6.423939e-05
1.796875e-01, 6.716330e-05, 6.713734e-05
1.953125e-01, 7.016642e-05, 7.013966e-05
2.109375e-01, 7.327629e-05, 7.324873e-05
2.265625e-01, 7.649525e-05, 7.646688e-05
2.421875e-01, 7.982562e-05, 7.979645e-05
2.578125e-01, 8.326970e-05, 8.323973e-05
2.734375e-01, 8.682974e-05, 8.679898e-05
2.890625e-01, 9.050798e-05, 9.047644e-05
3.046875e-01, 9.430661e-05, 9.427429e-05
3.203125e-01, 9.822776e-05, 9.819466e-05
3.359375e-01, 1.022735e-04, 1.022397e-04
3.515625e-01, 1.064459e-04, 1.064113e-04
3.671875e-01, 1.107469e-04, 1.107116e-04
3.828125e-01, 1.151785e-04, 1.151424e-04
3.984375e-01, 1.197423e-04, 1.197056e-04
4.140625e-01, 1.244403e-04, 1.244028e-04
4.296875e-01, 1.292740e-04, 1.292359e-04
4.453125e-01, 1.342451e-04, 1.342063e-04
4.609375e-01, 1.393549e-04, 1.393155e-04
4.765625e-01, 1.446049e-04, 1.445649e-04
4.921875e-01, 1.499964e-04, 1.499558e-04
5.078125e-01, 1.555304e-04, 1.554893e-04
5.234375e-01, 1.612081e-04, 1.611665e-04
5.390625e-01, 1.670303e-04, 1.669882e-04
5.546875e-01, 1.729977e-04, 1.729552e-04
5.703125e-01, 1.791111e-04, 1.790682e-04
5.859375e-01, 1.853709e-04, 1.853276e-04
6.015625e-01, 1.917774e-04, 1.917338e-04
6.171875e-01, 1.983308e-04, 1.982870e-04
6.328125e-01, 2.050312e-04, 2.049871e-04
6.484375e-01, 2.118783e-04, 2.118341e-04
6.640625e-01, 2.188718e-04, 2.188275e-04
6.796875e-01, 2.260113e-04, 2.259669e-04
6.953125e-01, 2.332961e-04, 2.332517e-04
7.109375e-01, 2.407252e-04, 2.406809e-04
7.265625e-01, 2.482976e-04, 2.482534e-04
7.421875e-01, 2.560121e-04, 2.559681e-04
7.578125e-01, 2.638672e-04, 2.638233e-04
7.734375e-01, 2.718611e-04, 2.718176e-04
7.890625e-01, 2.799920e-04, 2.799489e-04
8.046875e-01, 2.882579e-04, 2.882152e-04
8.203125e-01, 2.966563e-04, 2.966141e-04
8.359375e-01, 3.051848e-04, 3.051432e-04
8.515625e-01, 3.138406e-04, 3.137996e-04
8.671875e-01, 3.226207e-04, 3.225805e-04
8.828125e-01, 3.315219e-04, 3.314825e-04
8.984375e-01, 3.405408e-04, 3.405023e-04
9.140625e-01, 3.496737e-04, 3.496361e-04
9.296875e-01, 3.589167e-04, 3.588802e-04
9.453125e-01, 3.682657e-04, 3.682303e-04
9.609375e-01, 3.777164e-04, 3.776822e-04
9.765625e-01, 3.872641e-04, 3.872312e-04
9.921875e-01, 3.969042e-04, 3.968726e-04
1.007813e+00, 4.066314e-04, 4.066012e-04
1.023438e+00, 4.164406e-04, 4.164119e-04
1.039063e+00, 4.263263e-04, 4.262992e-04
1.054688e+00, 4.362829e-04, 4.362574e-04
1.070313e+00, 4.463043e-04, 4.462806e-04
1.085938e+00, 4.563845e-04, 4.563626e-04
1.101563e+00, 4.665171e-04, 4.664971e-04
1.117188e+00, 4.766957e-04, 4.766776e-04
1.132813e+00, 4.869135e-04, 4.868974e-04
1.148438e+00, 4.971635e-04, 4.971496e-04
1.164063e+00, 5.074388e-04, 5.074269e-04
1.179688e+00, 5.177319e-04, 5.177223e-04
1.195313e+00, 5.280355e-04, 5.280282e-04
1.210938e+00, 5.383420e-04, 5.383370e-04
1.226563e+00, 5.486436e-04, 5.486410e-04
1.242188e+00, 5.589324e-04, 5.589322e-04
1.257813e+00, 5.692004e-04, 5.692027e-04
1.273438e+00, 5.794393e-04, 5.794442e-04
1.289063e+00, 5.896410e-04, 5.896485e-04
1.304688e+00, 5.997970e-04, 5.998071e-04
1.320313e+00, 6.098989e-04, 6.099117e-04
1.335938e+00, 6.199381e-04, 6.199536e-04
1.351563e+00, 6.299060e-04, 6.299242e-04
1.367188e+00, 6.397939e-04, 6.398148e-04
1.382813e+00, 6.495930e-04, 6.496166e-04
1.398438e+00, 6.592945e-04, 6.593210e-04
1.414063e+00, 6.688898e-04, 6.689190e-04
1.429688e+00, 6.783699e-04, 6.784019e-04
1.445313e+00, 6.877261e-04, 6.877609e-04
1.460938e+00, 6.969496e-04, 6.969872e-04
1.476563e+00, 7.060316e-04, 7.060720e-04
1.492188e+00, 7.149634e-04, 7.150066e-04
1.507813e+00, 7.237364e-04, 7.237824e-04
1.523438e+00, 7.323421e-04, 7.323908e-04
1.539063e+00, 7.407718e-04, 7.408232e-04
1.554688e+00, 7.490173e-04, 7.490714e-04
1.570313e+00, 7.570703e-04, 7.571270e-04
1.585938e+00, 7.649225e-04, 7.649818e-04
1.601563e+00, 7.725661e-04, 7.726279e-04
1.617188e+00, 7.799930e-04, 7.800574e-04
1.632813e+00, 7.871958e-04, 7.872625e-04
1.648438e+00, 7.941668e-04, 7.942359e-04
1.664063e+00, 8.008987e-04, 8.009702e-04
1.679688e+00, 8.073845e-04, 8.074582e-04
1.695313e+00, 8.136173e-04, 8.136931e-04
1.710938e+00, 8.195903e-04, 8.196683e-04
1.726563e+00, 8.252973e-04, 8.253772e-04
1.742188e+00, 8.307320e-04, 8.308138e-04
1.757813e+00, 8.358886e-04, 8.359723e-04
1.773438e+00, 8.407614e-04, 8.408468e-04
1.789063e+00, 8.453452e-04, 8.454322e-04
1.804688e+00, 8.496349e-04, 8.497234e-04
1.820313e+00, 8.536257e-04, 8.537157e-04
1.835938e+00, 8.573134e-04, 8.574046e-04
1.851563e+00, 8.606937e-04, 8.607862e-04
1.867188e+00, 8.637629e-04, 8.638565e-04
1.882813e+00, 8.665177e-04, 8.666123e-04
1.898438e+00, 8.689549e-04, 8.690504e-04
1.914063e+00, 8.710719e-04, 8.711681e-04
1.929688e+00, 8.728662e-04, 8.729630e-04
1.945313e+00, 8.743358e-04, 8.744331e-04
1.960938e+00, 8.754791e-04, 8.755768e-04
1.976563e+00, 8.762949e-04, 8.763928e-04
1.992188e+00, 8.767821e-04, 8.768801e-04
2.007813e+00, 8.769402e-04, 8.770382e-04
2.023438e+00, 8.767691e-04, 8.768670e-04
2.039063e+00, 8.762689e-04, 8.763665e-04
2.054688e+00, 8.754402e-04, 8.755375e-04
2.070313e+00, 8.742840e-04, 8.743808e-04
2.085938e+00, 8.728015e-04, 8.728977e-04
2.101563e+00, 8.709945e-04, 8.710899e-04
2.117188e+00, 8.688648e-04, 8.689594e-04
2.132813e+00, 8.664150e-04, 8.665086e-04
2.148438e+00, 8.636478e-04, 8.637403e-04
2.164063e+00, 8.605662e-04, 8.606575e-04
2.179688e+00, 8.571736e-04, 8.572636e-04
2.195313e+00, 8.534740e-04, 8.535625e-04
2.210938e+00, 8.494712e-04, 8.495582e-04
2.226563e+00, 8.451699e-04, 8.452552e-04
2.242188e+00, 8.405746e-04, 8.406582e-04
2.257813e+00, 8.356904e-04, 8.357723e-04
2.273438e+00, 8.305228e-04, 8.306027e-04
2.289063e+00, 8.250772e-04, 8.251551e-04
2.304688e+00, 8.193596e-04, 8.194354e-04
2.320313e+00, 8.133761e-04, 8.134498e-04
2.335938e+00, 8.071333e-04, 8.072047e-04
2.351563e+00, 8.006376e-04, 8.007067e-04
2.367188e+00, 7.938961e-04, 7.939628e-04
2.382813e+00, 7.869158e-04, 7.869801e-04
2.398438e+00, 7.797040e-04, 7.797658e-04
2.414063e+00, 7.722683e-04, 7.723276e-04
2.429688e+00, 7.646164e-04, 7.646730e-04
2.445313e+00, 7.567560e-04, 7.568100e-04
2.460938e+00, 7.486953e-04, 7.487466e-04
2.476563e+00, 7.404424e-04, 7.404910e-04
2.492188e+00, 7.320055e-04, 7.320513e-04
2.507813e+00, 7.233931e-04, 7.234361e-04
2.523438e+00, 7.146136e-04, 7.146539e-04
2.539063e+00, 7.056756e-04, 7.057131e-04
2.554688e+00, 6.965878e-04, 6.966225e-04
2.570313e+00, 6.873589e-04, 6.873908e-04
2.585938e+00, 6.779976e-04, 6.780267e-04
2.601563e+00, 6.685127e-04, 6.685390e-04
2.617188e+00, 6.589131e-04, 6.589366e-04
2.632813e+00, 6.492075e-04, 6.492282e-04
2.648438e+00, 6.394046e-04, 6.394226e-04
2.664063e+00, 6.295134e-04, 6.295287e-04
2.679688e+00, 6.195425e-04, 6.195551e-04
2.695313e+00, 6.095006e-04, 6.095105e-04
2.710938e+00, 5.993964e-04, 5.994037e-04
2.726563e+00, 5.892384e-04, 5.892430e-04
2.742188e+00, 5.790350e-04, 5.790371e-04
2.757813e+00, 5.687947e-04, 5.687943e-04
2.773438e+00, 5.585257e-04, 5.585229e-04
2.789063e+00, 5.482362e-04, 5.482310e-04
2.804688e+00, 5.379342e-04, 5.379266e-04
2.820313e+00, 5.276277e-04, 5.276178e-04
2.835938e+00, 5.173243e-04, 5.173122e-04
2.851563e+00, 5.070316e-04, 5.070174e-04
2.867188e+00, 4.967572e-04, 4.967409e-04
2.882813e+00, 4.865083e-04, 4.864899e-04
2.898438e+00, 4.762919e-04, 4.762715e-04
2.914063e+00, 4.661149e-04, 4.660927e-04
2.929688e+00, 4.559842e-04, 4.559601e-04
2.945313e+00, 4.459061e-04, 4.458804e-04
2.960938e+00, 4.358871e-04, 4.358597e-04
2.976563e+00, 4.259332e-04, 4.259042e-04
2.992188e+00, 4.160504e-04, 4.160199e-04
3.007813e+00, 4.062442e-04, 4.062123e-04
3.023438e+00, 3.965203e-04, 3.964870e-04
3.039063e+00, 3.868838e-04, 3.868492e-04
3.054688e+00, 3.773398e-04, 3.773040e-04
3.070313e+00, 3.678930e-04, 3.678561e-04
3.085938e+00, 3.585480e-04, 3.585101e-04
3.101563e+00, 3.493092e-04, 3.492704e-04
3.117188e+00, 3.401807e-04, 3.401410e-04
3.132813e+00, 3.311664e-04, 3.311258e-04
3.148438e+00, 3.222698e-04, 3.222286e-04
3.164063e+00, 3.134945e-04, 3.134526e-04
3.179688e+00, 3.048437e-04, 3.048012e-04
3.195313e+00, 2.963203e-04, 2.962772e-04
3.210938e+00, 2.879270e-04, 2.878835e-04
3.226563e+00, 2.796664e-04, 2.796226e-04
3.242188e+00, 2.715408e-04, 2.714967e-04
3.257813e+00, 2.635523e-04, 2.635079e-04
3.273438e+00, 2.557028e-04, 2.556582e-04
3.289063e+00, 2.479939e-04, 2.479492e-04
3.304688e+00, 2.404271e-04, 2.403823e-04
3.320313e+00, 2.330036e-04, 2.329589e-04
3.335938e+00, 2.257246e-04, 2.256799e-04
3.351563e+00, 2.185908e-04, 2.185463e-04
3.367188e+00, 2.116030e-04, 2.115587e-04
3.382813e+00, 2.047617e-04, 2.047175e-04
3.398438e+00, 1.980671e-04, 1.980233e-04
3.414063e+00, 1.915195e-04, 1.914760e-04
3.429688e+00, 1.851188e-04, 1.850756e-04
3.445313e+00, 1.788648e-04, 1.788220e-04
3.460938e+00, 1.727572e-04, 1.727149e-04
3.476563e+00, 1.667955e-04, 1.667536e-04
3.492188e+00, 1.609790e-04, 1.609377e-04
3.507813e+00, 1.553071e-04, 1.552663e-04
3.523438e+00, 1.497787e-04, 1.497385e-04
3.539063e+00, 1.443928e-04, 1.443532e-04
3.554688e+00, 1.391484e-04, 1.391094e-04
3.570313e+00, 1.340440e-04, 1.340057e-04
3.585938e+00, 1.290785e-04, 1.290408e-04
3.601563e+00, 1.242502e-04, 1.242132e-04
3.617188e+00, 1.195575e-04, 1.195213e-04
3.632813e+00, 1.149989e-04, 1.149635e-04
3.648438e+00, 1.105726e-04, 1.105379e-04
3.664063e+00, 1.062767e-04, 1.062428e-04
3.679688e+00, 1.021094e-04, 1.020762e-04
3.695313e+00, 9.806862e-05, 9.803621e-05
3.710938e+00, 9.415237e-05, 9.412076e-05
3.726563e+00, 9.035856e-05, 9.032774e-05
3.742188e+00, 8.668505e-05, 8.665504e-05
3.757813e+00, 8.312965e-05, 8.310044e-05
3.773438e+00, 7.969014e-05, 7.966174e-05
3.789063e+00, 7.636424e-05, 7.633665e-05
3.804688e+00, 7.314966e-05, 7.312288e-05
3.820313e+00, 7.004407e-05, 7.001810e-05
3.835938e+00, 6.704514e-05, 6.701998e-05
3.851563e+00, 6.415050e-05, 6.412615e-05
3.867188e+00, 6.135778e-05, 6.133423e-05
3.882813e+00, 5.866458e-05, 5.864183e-05
3.898438e+00, 5.606852e-05, 5.604657e-05
3.914063e+00, 5.356720e-05, 5.354605e-05
3.929688e+00, 5.115824e-05, 5.113788e-05
3.945313e+00, 4.883925e-05, 4.881967e-05
3.960938e+00, 4.660784e-05, 4.658905e-05
3.976563e+00, 4.446166e-05, 4.444366e-05
3.992188e+00, 4.239836e-05, 4.238114e-05
4.007813e+00, 4.041560e-05, 4.039916e-05
4.023438e+00, 3.851106e-05, 3.849541e-05
4.039063e+00, 3.668245e-05, 3.666760e-05
4.054688e+00, 3.492752e-05, 3.491345e-05
4.070313e+00, 3.324400e-05, 3.323074e-05
4.085938e+00, 3.162971e-05, 3.161726e-05
4.101563e+00, 3.008244e-05, 3.007082e-05
4.117188e+00, 2.860006e-05, 2.858927e-05
4.132813e+00, 2.718044e-05, 2.717052e-05
4.148438e+00, 2.582151e-05, 2.581247e-05
4.164063e+00, 2.452122e-05, 2.451310e-05
4.179688e+00, 2.327756e-05, 2.327039e-05
4.195313e+00, 2.208857e-05, 2.208238e-05
4.210938e+00, 2.095231e-05, 2.094716e-05
4.226563e+00, 1.986690e-05, 1.986284e-05
4.242188e+00, 1.883048e-05, 1.882757e-05
4.257813e+00, 1.784125e-05, 1.783956e-05
4.273438e+00, 1.689744e-05, 1.689705e-05
4.289063e+00, 1.599733e-05, 1.599833e-05
4.304688e+00, 1.513922e-05, 1.514172e-05
4.320313e+00, 1.432149e-05, 1.432559e-05
4.335938e+00, 1.354252e-05, 1.354836e-05
4.351563e+00, 1.280077e-05, 1.280849e-05
4.367188e+00, 1.209471e-05, 1.210448e-05
4.382813e+00, 1.142288e-05, 1.143487e-05
4.398438e+00, 1.078383e-05, 1.079824e-05
4.414063e+00, 1.017618e-05, 1.019323e-05
4.429688e+00, 9.598566e-06, 9.618500e-06
4.445313e+00, 9.049683e-06, 9.072769e-06
4.460938e+00, 8.528258e-06, 8.554788e-06
4.476563e+00, 8.033048e-06, 8.063351e-06
4.492188e+00, 7.562863e-06, 7.597290e-06
4.507813e+00, 7.116534e-06, 7.155480e-06
4.523438e+00, 6.692943e-06, 6.736832e-06
4.539063e+00, 6.290993e-06, 6.340296e-06
4.554688e+00, 5.909636e-06, 5.964860e-06
4.570313e+00, 5.547842e-06, 5.609548e-06
4.585938e+00, 5.204630e-06, 5.273420e-06
4.601563e+00, 4.879032e-06, 4.955571e-06
4.617188e+00, 4.570131e-06, 4.655132e-06
4.632813e+00, 4.277018e-06, 4.371265e-06
4.648438e+00, 3.998834e-06, 4.103167e-06
4.664063e+00, 3.734725e-06, 3.850065e-06
4.679688e+00, 3.483886e-06, 3.611219e-06
4.695313e+00, 3.245514e-06, 3.385919e-06
4.710938e+00, 3.018853e-06, 3.173483e-06
4.726563e+00, 2.803146e-06, 2.973258e-06
4.742188e+00, 2.597681e-06, 2.784620e-06
4.757813e+00, 2.401744e-06, 2.606971e-06
4.773438e+00, 2.214664e-06, 2.439739e-06
4.789063e+00, 2.035760e-06, 2.282377e-06
4.804688e+00, 1.864398e-06, 2.134363e-06
4.820313e+00, 1.699929e-06, 1.995198e-06
4.835938e+00, 1.541749e-06, 1.864407e-06
4.851563e+00, 1.389236e-06, 1.741535e-06
4.867188e+00, 1.241810e-06, 1.626150e-06
4.882813e+00, 1.098873e-06, 1.517840e-06
4.898438e+00, 9.598640e-07, 1.416212e-06
4.914063e+00, 8.242015e-07, 1.320892e-06
4.929688e+00, 6.913403e-07, 1.231525e-06
4.945313e+00, 5.607105e-07, 1.147773e-06
4.960938e+00, 4.317766e-07, 1.069315e-06
4.976563e+00, 3.039759e-07, 9.958466e-07
4.992188e+00, 1.767773e-07, 9.270774e-07
5.000000e+00, 1.132116e-07, 8.943687e-07


#At time: 1.000195e+02, nsteps= 820


-1.000000e+00, 9.821263e-08, 1.307797e-06
-9.921875e-01, 1.843020e-07, 1.352415e-06
-9.765625e-01, 3.569157e-07, 1.445893e-06
-9.609375e-01, 5.306296e-07, 1.545293e-06
-9.453125e-01, 7.060499e-07, 1.650950e-06
-9.296875e-01, 8.837638e-07, 1.763216e-06
-9.140625e-01, 1.064387e-06, 1.882461e-06
-8.984375e-01, 1.248520e-06, 2.009068e-06
-8.828125e-01, 1.436792e-06, 2.143443e-06
-8.671875e-01, 1.629818e-06, 2.286009e-06
-8.515625e-01, 1.828246e-06, 2.437206e-06
-8.359375e-01, 2.032713e-06, 2.597498e-06
-8.203125e-01, 2.243888e-06, 2.767366e-06
-8.046875e-01, 2.462431e-06, 2.947316e-06
-7.890625e-01, 2.689038e-06, 3.137872e-06
-7.734375e-01, 2.924399e-06, 3.339584e-06
-7.578125e-01, 3.169239e-06, 3.553022e-06
-7.421875e-01, 3.424279e-06, 3.778784e-06
-7.265625e-01, 3.690281e-06, 4.017490e-06
-7.109375e-01, 3.968000e-06, 4.269786e-06
-6.953125e-01, 4.258237e-06, 4.536343e-06
-6.796875e-01, 4.561788e-06, 4.817860e-06
-6.640625e-01, 4.879494e-06, 5.115064e-06
-6.484375e-01, 5.212197e-06, 5.428708e-06
-6.328125e-01, 5.560782e-06, 5.759574e-06
-6.171875e-01, 5.926139e-06, 6.108476e-06
-6.015625e-01, 6.309203e-06, 6.476254e-06
-5.859375e-01, 6.710914e-06, 6.863781e-06
-5.703125e-01, 7.132257e-06, 7.271961e-06
-5.546875e-01, 7.574231e-06, 7.701728e-06
-5.390625e-01, 8.037874e-06, 8.154049e-06
-5.234375e-01, 8.524242e-06, 8.629925e-06
-5.078125e-01, 9.034431e-06, 9.130389e-06
-4.921875e-01, 9.569557e-06, 9.656507e-06
-4.765625e-01, 1.013078e-05, 1.020938e-05
-4.609375e-01, 1.071927e-05, 1.079014e-05
-4.453125e-01, 1.133626e-05, 1.139997e-05
-4.296875e-01, 1.198298e-05, 1.204006e-05
-4.140625e-01, 1.266072e-05, 1.271165e-05
-3.984375e-01, 1.337078e-05, 1.341603e-05
-3.828125e-01, 1.411453e-05, 1.415450e-05
-3.671875e-01, 1.489333e-05, 1.492842e-05
-3.515625e-01, 1.570861e-05, 1.573915e-05
-3.359375e-01, 1.656180e-05, 1.658813e-05
-3.203125e-01, 1.745439e-05, 1.747681e-05
-3.046875e-01, 1.838789e-05, 1.840668e-05
-2.890625e-01, 1.936385e-05, 1.937927e-05
-2.734375e-01, 2.038386e-05, 2.039612e-05
-2.578125e-01, 2.144953e-05, 2.145885e-05
-2.421875e-01, 2.256251e-05, 2.256908e-05
-2.265625e-01, 2.372447e-05, 2.372848e-05
-2.109375e-01, 2.493714e-05, 2.493873e-05
-1.953125e-01, 2.620224e-05, 2.620157e-05
-1.796875e-01, 2.752157e-05, 2.751876e-05
-1.640625e-01, 2.889691e-05, 2.889209e-05
-1.484375e-01, 3.033010e-05, 3.032338e-05
-1.328125e-01, 3.182300e-05, 3.181448e-05
-1.171875e-01, 3.337750e-05, 3.336726e-05
-1.015625e-01, 3.499550e-05, 3.498362e-05
-8.593750e-02, 3.667893e-05, 3.666549e-05
-7.031250e-02, 3.842976e-05, 3.841483e-05
-5.468750e-02, 4.024996e-05, 4.023359e-05
-3.906250e-02, 4.214153e-05, 4.212376e-05
-2.343750e-02, 4.410646e-05, 4.408736e-05
-7.812500e-03, 4.614680e-05, 4.612640e-05
7.812500e-03, 4.826459e-05, 4.824292e-05
2.343750e-02, 5.046186e-05, 5.043896e-05
3.906250e-02, 5.274067e-05, 5.271658e-05
5.468750e-02, 5.510310e-05, 5.507784e-05
7.031250e-02, 5.755119e-05, 5.752479e-05
8.593750e-02, 6.008703e-05, 6.005951e-05
1.015625e-01, 6.271267e-05, 6.268404e-05
1.171875e-01, 6.543017e-05, 6.540046e-05
1.328125e-01, 6.824157e-05, 6.821080e-05
1.484375e-01, 7.114891e-05, 7.111709e-05
1.640625e-01, 7.415421e-05, 7.412136e-05
1.796875e-01, 7.725947e-05, 7.722561e-05
1.953125e-01, 8.046666e-05, 8.043181e-05
2.109375e-01, 8.377774e-05, 8.374191e-05
2.265625e-01, 8.719463e-05, 8.715783e-05
2.421875e-01, 9.071921e-05, 9.068146e-05
2.578125e-01, 9.435332e-05, 9.431465e-05
2.734375e-01, 9.809878e-05, 9.805919e-05
2.890625e-01, 1.019573e-04, 1.019169e-04
3.046875e-01, 1.059307e-04, 1.058894e-04
3.203125e-01, 1.100205e-04, 1.099783e-04
3.359375e-01, 1.142284e-04, 1.141854e-04
3.515625e-01, 1.185558e-04, 1.185120e-04
3.671875e-01, 1.230043e-04, 1.229597e-04
3.828125e-01, 1.275752e-04, 1.275298e-04
3.984375e-01, 1.322697e-04, 1.322236e-04
4.140625e-01, 1.370892e-04, 1.370425e-04
4.296875e-01, 1.420348e-04, 1.419874e-04
4.453125e-01, 1.471075e-04, 1.470594e-04
4.609375e-01, 1.523082e-04, 1.522595e-04
4.765625e-01, 1.576377e-04, 1.575885e-04
4.921875e-01, 1.630969e-04, 1.630472e-04
5.078125e-01, 1.686863e-04, 1.686361e-04
5.234375e-01, 1.744064e-04, 1.743558e-04
5.390625e-01, 1.802576e-04, 1.802066e-04
5.546875e-01, 1.862401e-04, 1.861888e-04
5.703125e-01, 1.923541e-04, 1.923025e-04
5.859375e-01, 1.985995e-04, 1.985477e-04
6.015625e-01, 2.049762e-04, 2.049243e-04
6.171875e-01, 2.114839e-04, 2.114319e-04
6.328125e-01, 2.181222e-04, 2.180700e-04
6.484375e-01, 2.248903e-04, 2.248382e-04
6.640625e-01, 2.317876e-04, 2.317356e-04
6.796875e-01, 2.388132e-04, 2.387613e-04
6.953125e-01, 2.459659e-04, 2.459142e-04
7.109375e-01, 2.532445e-04, 2.531931e-04
7.265625e-01, 2.606476e-04, 2.605966e-04
7.421875e-01, 2.681736e-04, 2.681230e-04
7.578125e-01, 2.758207e-04, 2.757705e-04
7.734375e-01, 2.835869e-04, 2.835374e-04
7.890625e-01, 2.914701e-04, 2.914213e-04
8.046875e-01, 2.994681e-04, 2.994199e-04
8.203125e-01, 3.075782e-04, 3.075309e-04
8.359375e-01, 3.157978e-04, 3.157514e-04
8.515625e-01, 3.241241e-04, 3.240786e-04
8.671875e-01, 3.325539e-04, 3.325095e-04
8.828125e-01, 3.410840e-04, 3.410407e-04
8.984375e-01, 3.497109e-04, 3.496688e-04
9.140625e-01, 3.584310e-04, 3.583903e-04
9.296875e-01, 3.672404e-04, 3.672011e-04
9.453125e-01, 3.761352e-04, 3.760974e-04
9.609375e-01, 3.851112e-04, 3.850749e-04
9.765625e-01, 3.941638e-04, 3.941292e-04
9.921875e-01, 4.032886e-04, 4.032557e-04
1.007813e+00, 4.124808e-04, 4.124497e-04
1.023438e+00, 4.217355e-04, 4.217063e-04
1.039063e+00, 4.310474e-04, 4.310202e-04
1.054688e+00, 4.404114e-04, 4.403862e-04
1.070313e+00, 4.498219e-04, 4.497989e-04
1.085938e+00, 4.592733e-04, 4.592525e-04
1.101563e+00, 4.687599e-04, 4.687413e-04
1.117188e+00, 4.782756e-04, 4.782594e-04
1.132813e+00, 4.878143e-04, 4.878006e-04
1.148438e+00, 4.973698e-04, 4.973586e-04
1.164063e+00, 5.069358e-04, 5.069271e-04
1.179688e+00, 5.165055e-04, 5.164995e-04
1.195313e+00, 5.260725e-04, 5.260692e-04
1.210938e+00, 5.356299e-04, 5.356294e-04
1.226563e+00, 5.451708e-04, 5.451731e-04
1.242188e+00, 5.546883e-04, 5.546934e-04
1.257813e+00, 5.641751e-04, 5.641831e-04
1.273438e+00, 5.736241e-04, 5.736351e-04
1.289063e+00, 5.830281e-04, 5.830421e-04
1.304688e+00, 5.923797e-04, 5.923967e-04
1.320313e+00, 6.016715e-04, 6.016915e-04
1.335938e+00, 6.108959e-04, 6.109190e-04
1.351563e+00, 6.200456e-04, 6.200718e-04
1.367188e+00, 6.291129e-04, 6.291423e-04
1.382813e+00, 6.380903e-04, 6.381228e-04
1.398438e+00, 6.469702e-04, 6.470059e-04
1.414063e+00, 6.557450e-04, 6.557839e-04
1.429688e+00, 6.644072e-04, 6.644492e-04
1.445313e+00, 6.729491e-04, 6.729942e-04
1.460938e+00, 6.813632e-04, 6.814114e-04
1.476563e+00, 6.896420e-04, 6.896934e-04
1.492188e+00, 6.977781e-04, 6.978326e-04
1.507813e+00, 7.057641e-04, 7.058216e-04
1.523438e+00, 7.135926e-04, 7.136532e-04
1.539063e+00, 7.212564e-04, 7.213201e-04
1.554688e+00, 7.287485e-04, 7.288151e-04
1.570313e+00, 7.360617e-04, 7.361312e-04
1.585938e+00, 7.431891e-04, 7.432615e-04
1.601563e+00, 7.501239e-04, 7.501992e-04
1.617188e+00, 7.568596e-04, 7.569376e-04
1.632813e+00, 7.633895e-04, 7.634703e-04
1.648438e+00, 7.697074e-04, 7.697908e-04
1.664063e+00, 7.758070e-04, 7.758929e-04
1.679688e+00, 7.816824e-04, 7.817708e-04
1.695313e+00, 7.873277e-04, 7.874185e-04
1.710938e+00, 7.927374e-04, 7.928305e-04
1.726563e+00, 7.979060e-04, 7.980013e-04
1.742188e+00, 8.028284e-04, 8.029258e-04
1.757813e+00, 8.074996e-04, 8.075989e-04
1.773438e+00, 8.119148e-04, 8.120161e-04
1.789063e+00, 8.160696e-04, 8.161726e-04
1.804688e+00, 8.199597e-04, 8.200645e-04
1.820313e+00, 8.235812e-04, 8.236875e-04
1.835938e+00, 8.269303e-04, 8.270381e-04
1.851563e+00, 8.300036e-04, 8.301127e-04
1.867188e+00, 8.327980e-04, 8.329083e-04
1.882813e+00, 8.353105e-04, 8.354219e-04
1.898438e+00, 8.375385e-04, 8.376508e-04
1.914063e+00, 8.394797e-04, 8.395929e-04
1.929688e+00, 8.411321e-04, 8.412460e-04
1.945313e+00, 8.424940e-04, 8.426084e-04
1.960938e+00, 8.435640e-04, 8.436788e-04
1.976563e+00, 8.443408e-04, 8.444560e-04
1.992188e+00, 8.448238e-04, 8.449391e-04
2.007813e+00, 8.450125e-04, 8.451278e-04
2.023438e+00, 8.449065e-04, 8.450217e-04
2.039063e+00, 8.445061e-04, 8.446211e-04
2.054688e+00, 8.438116e-04, 8.439262e-04
2.070313e+00, 8.428239e-04, 8.429379e-04
2.085938e+00, 8.415438e-04, 8.416572e-04
2.101563e+00, 8.399728e-04, 8.400854e-04
2.117188e+00, 8.381124e-04, 8.382241e-04
2.132813e+00, 8.359647e-04, 8.360753e-04
2.148438e+00, 8.335318e-04, 8.336413e-04
2.164063e+00, 8.308163e-04, 8.309245e-04
2.179688e+00, 8.278209e-04, 8.279277e-04
2.195313e+00, 8.245489e-04, 8.246541e-04
2.210938e+00, 8.210035e-04, 8.211071e-04
2.226563e+00, 8.171884e-04, 8.172902e-04
2.242188e+00, 8.131074e-04, 8.132074e-04
2.257813e+00, 8.087649e-04, 8.088629e-04
2.273438e+00, 8.041651e-04, 8.042610e-04
2.289063e+00, 7.993127e-04, 7.994065e-04
2.304688e+00, 7.942127e-04, 7.943042e-04
2.320313e+00, 7.888701e-04, 7.889592e-04
2.335938e+00, 7.832904e-04, 7.833770e-04
2.351563e+00, 7.774790e-04, 7.775631e-04
2.367188e+00, 7.714417e-04, 7.715232e-04
2.382813e+00, 7.651844e-04, 7.652632e-04
2.398438e+00, 7.587134e-04, 7.587894e-04
2.414063e+00, 7.520348e-04, 7.521080e-04
2.429688e+00, 7.451551e-04, 7.452255e-04
2.445313e+00, 7.380811e-04, 7.381485e-04
2.460938e+00, 7.308193e-04, 7.308838e-04
2.476563e+00, 7.233767e-04, 7.234382e-04
2.492188e+00, 7.157603e-04, 7.158188e-04
2.507813e+00, 7.079773e-04, 7.080326e-04
2.523438e+00, 7.000347e-04, 7.000870e-04
2.539063e+00, 6.919400e-04, 6.919891e-04
2.554688e+00, 6.837005e-04, 6.837464e-04
2.570313e+00, 6.753235e-04, 6.753663e-04
2.585938e+00, 6.668167e-04, 6.668564e-04
2.601563e+00, 6.581875e-04, 6.582240e-04
2.617188e+00, 6.494435e-04, 6.494768e-04
2.632813e+00, 6.405923e-04, 6.406225e-04
2.648438e+00, 6.316415e-04, 6.316685e-04
2.664063e+00, 6.225986e-04, 6.226225e-04
2.679688e+00, 6.134712e-04, 6.134920e-04
2.695313e+00, 6.042669e-04, 6.042846e-04
2.710938e+00, 5.949932e-04, 5.950079e-04
2.726563e+00, 5.856577e-04, 5.856693e-04
2.742188e+00, 5.762676e-04, 5.762763e-04
2.757813e+00, 5.668304e-04, 5.668361e-04
2.773438e+00, 5.573534e-04, 5.573562e-04
2.789063e+00, 5.478438e-04, 5.478438e-04
2.804688e+00, 5.383087e-04, 5.383059e-04
2.820313e+00, 5.287552e-04, 5.287497e-04
2.835938e+00, 5.191901e-04, 5.191820e-04
2.851563e+00, 5.096204e-04, 5.096097e-04
2.867188e+00, 5.000527e-04, 5.000394e-04
2.882813e+00, 4.904935e-04, 4.904778e-04
2.898438e+00, 4.809494e-04, 4.809313e-04
2.914063e+00, 4.714265e-04, 4.714061e-04
2.929688e+00, 4.619312e-04, 4.619085e-04
2.945313e+00, 4.524692e-04, 4.524444e-04
2.960938e+00, 4.430466e-04, 4.430197e-04
2.976563e+00, 4.336690e-04, 4.336400e-04
2.992188e+00, 4.243418e-04, 4.243109e-04
3.007813e+00, 4.150705e-04, 4.150378e-04
3.023438e+00, 4.058602e-04, 4.058258e-04
3.039063e+00, 3.967160e-04, 3.966798e-04
3.054688e+00, 3.876426e-04, 3.876048e-04
3.070313e+00, 3.786446e-04, 3.786053e-04
3.085938e+00, 3.697265e-04, 3.696859e-04
3.101563e+00, 3.608927e-04, 3.608506e-04
3.117188e+00, 3.521471e-04, 3.521038e-04
3.132813e+00, 3.434936e-04, 3.434491e-04
3.148438e+00, 3.349359e-04, 3.348904e-04
3.164063e+00, 3.264776e-04, 3.264311e-04
3.179688e+00, 3.181219e-04, 3.180745e-04
3.195313e+00, 3.098721e-04, 3.098238e-04
3.210938e+00, 3.017309e-04, 3.016818e-04
3.226563e+00, 2.937011e-04, 2.936514e-04
3.242188e+00, 2.857854e-04, 2.857351e-04
3.257813e+00, 2.779861e-04, 2.779353e-04
3.273438e+00, 2.703053e-04, 2.702540e-04
3.289063e+00, 2.627452e-04, 2.626935e-04
3.304688e+00, 2.553074e-04, 2.552554e-04
3.320313e+00, 2.479937e-04, 2.479415e-04
3.335938e+00, 2.408055e-04, 2.407531e-04
3.351563e+00, 2.337441e-04, 2.336916e-04
3.367188e+00, 2.268107e-04, 2.267582e-04
3.382813e+00, 2.200062e-04, 2.199537e-04
3.398438e+00, 2.133314e-04, 2.132791e-04
3.414063e+00, 2.067870e-04, 2.067348e-04
3.429688e+00, 2.003735e-04, 2.003215e-04
3.445313e+00, 1.940912e-04, 1.940395e-04
3.460938e+00, 1.879403e-04, 1.878889e-04
3.476563e+00, 1.819209e-04, 1.818699e-04
3.492188e+00, 1.760328e-04, 1.759822e-04
3.507813e+00, 1.702760e-04, 1.702258e-04
3.523438e+00, 1.646500e-04, 1.646003e-04
3.539063e+00, 1.591543e-04, 1.591052e-04
3.554688e+00, 1.537884e-04, 1.537399e-04
3.570313e+00, 1.485516e-04, 1.485038e-04
3.585938e+00, 1.434431e-04, 1.433959e-04
3.601563e+00, 1.384620e-04, 1.384155e-04
3.617188e+00, 1.336073e-04, 1.335615e-04
3.632813e+00, 1.288777e-04, 1.288327e-04
3.648438e+00, 1.242723e-04, 1.242280e-04
3.664063e+00, 1.197896e-04, 1.197462e-04
3.679688e+00, 1.154284e-04, 1.153858e-04
3.695313e+00, 1.111871e-04, 1.111454e-04
3.710938e+00, 1.070644e-04, 1.070235e-04
3.726563e+00, 1.030585e-04, 1.030185e-04
3.742188e+00, 9.916790e-05, 9.912882e-05
3.757813e+00, 9.539089e-05, 9.535275e-05
3.773438e+00, 9.172573e-05, 9.168853e-05
3.789063e+00, 8.817061e-05, 8.813438e-05
3.804688e+00, 8.472371e-05, 8.468846e-05
3.820313e+00, 8.138315e-05, 8.134890e-05
3.835938e+00, 7.814701e-05, 7.811378e-05
3.851563e+00, 7.501336e-05, 7.498116e-05
3.867188e+00, 7.198023e-05, 7.194907e-05
3.882813e+00, 6.904562e-05, 6.901552e-05
3.898438e+00, 6.620751e-05, 6.617850e-05
3.914063e+00, 6.346388e-05, 6.343597e-05
3.929688e+00, 6.081269e-05, 6.078589e-05
3.945313e+00, 5.825186e-05, 5.822620e-05
3.960938e+00, 5.577936e-05, 5.575486e-05
3.976563e+00, 5.339311e-05, 5.336980e-05
3.992188e+00, 5.109104e-05, 5.106895e-05
4.007813e+00, 4.887109e-05, 4.885025e-05
4.023438e+00, 4.673120e-05, 4.671165e-05
4.039063e+00, 4.466932e-05, 4.465110e-05
4.054688e+00, 4.268341e-05, 4.266657e-05
4.070313e+00, 4.077144e-05, 4.075602e-05
4.085938e+00, 3.893138e-05, 3.891745e-05
4.101563e+00, 3.716125e-05, 3.714886e-05
4.117188e+00, 3.545905e-05, 3.544828e-05
4.132813e+00, 3.382283e-05, 3.381375e-05
4.148438e+00, 3.225064e-05, 3.224334e-05
4.164063e+00, 3.074056e-05, 3.073515e-05
4.179688e+00, 2.929071e-05, 2.928729e-05
4.195313e+00, 2.789921e-05, 2.789790e-05
4.210938e+00, 2.656422e-05, 2.656516e-05
4.226563e+00, 2.528394e-05, 2.528726e-05
4.242188e+00, 2.405657e-05, 2.406245e-05
4.257813e+00, 2.288036e-05, 2.288897e-05
4.273438e+00, 2.175360e-05, 2.176513e-05
4.289063e+00, 2.067458e-05, 2.068926e-05
4.304688e+00, 1.964165e-05, 1.965971e-05
4.320313e+00, 1.865317e-05, 1.867487e-05
4.335938e+00, 1.770757e-05, 1.773319e-05
4.351563e+00, 1.680327e-05, 1.683312e-05
4.367188e+00, 1.593874e-05, 1.597316e-05
4.382813e+00, 1.511249e-05, 1.515185e-05
4.398438e+00, 1.432306e-05, 1.436776e-05
4.414063e+00, 1.356903e-05, 1.361949e-05
4.429688e+00, 1.284898e-05, 1.290569e-05
4.445313e+00, 1.216157e-05, 1.222504e-05
4.460938e+00, 1.150546e-05, 1.157625e-05
4.476563e+00, 1.087936e-05, 1.095807e-05
4.492188e+00, 1.028200e-05, 1.036928e-05
4.507813e+00, 9.712155e-06, 9.808703e-06
4.523438e+00, 9.168612e-06, 9.275200e-06
4.539063e+00, 8.650209e-06, 8.767655e-06
4.554688e+00, 8.155799e-06, 8.284994e-06
4.570313e+00, 7.684278e-06, 7.826174e-06
4.585938e+00, 7.234554e-06, 7.390185e-06
4.601563e+00, 6.805582e-06, 6.976051e-06
4.617188e+00, 6.396326e-06, 6.582828e-06
4.632813e+00, 6.005792e-06, 6.209605e-06
4.648438e+00, 5.632998e-06, 5.855499e-06
4.664063e+00, 5.277001e-06, 5.519662e-06
4.679688e+00, 4.936865e-06, 5.201271e-06
4.695313e+00, 4.611696e-06, 4.899537e-06
4.710938e+00, 4.300601e-06, 4.613698e-06
4.726563e+00, 4.002729e-06, 4.343020e-06
4.742188e+00, 3.717228e-06, 4.086797e-06
4.757813e+00, 3.443287e-06, 3.844349e-06
4.773438e+00, 3.180089e-06, 3.615023e-06
4.789063e+00, 2.926858e-06, 3.398192e-06
4.804688e+00, 2.682808e-06, 3.193252e-06
4.820313e+00, 2.447193e-06, 2.999626e-06
4.835938e+00, 2.219256e-06, 2.816758e-06
4.851563e+00, 1.998276e-06, 2.644116e-06
4.867188e+00, 1.783519e-06, 2.481190e-06
4.882813e+00, 1.574285e-06, 2.327492e-06
4.898438e+00, 1.369857e-06, 2.182552e-06
4.914063e+00, 1.169551e-06, 2.045925e-06
4.929688e+00, 9.726642e-07, 1.917183e-06
4.945313e+00, 7.785237e-07, 1.795915e-06
4.960938e+00, 5.864343e-07, 1.681731e-06
4.976563e+00, 3.957297e-07, 1.574257e-06
4.992188e+00, 2.057180e-07, 1.473138e-06
5.000000e+00, 1.107370e-07, 1.424855e-06


