#At time: 0.000000e+00, nsteps= 0


-1.000000e+00, 1.234098e-07, 1.234098e-07
-9.921875e-01, 1.293245e-07, 1.293245e-07
-9.765625e-01, 1.419658e-07, 1.419658e-07
-9.609375e-01, 1.557667e-07, 1.557667e-07
-9.453125e-01, 1.708259e-07, 1.708259e-07
-9.296875e-01, 1.872495e-07, 1.872495e-07
-9.140625e-01, 2.051518e-07, 2.051518e-07
-8.984375e-01, 2.246561e-07, 2.246561e-07
-8.828125e-01, 2.458945e-07, 2.458945e-07
-8.671875e-01, 2.690094e-07, 2.690094e-07
-8.515625e-01, 2.941535e-07, 2.941535e-07
-8.359375e-01, 3.214908e-07, 3.214908e-07
-8.203125e-01, 3.511972e-07, 3.511972e-07
-8.046875e-01, 3.834613e-07, 3.834613e-07
-7.890625e-01, 4.184850e-07, 4.184850e-07
-7.734375e-01, 4.564846e-07, 4.564846e-07
-7.578125e-01, 4.976917e-07, 4.976917e-07
-7.421875e-01, 5.423536e-07, 5.423536e-07
-7.265625e-01, 5.907350e-07, 5.907350e-07
-7.109375e-01, 6.431181e-07, 6.431181e-07
-6.953125e-01, 6.998046e-07, 6.998046e-07
-6.796875e-01, 7.611158e-07, 7.611158e-07
-6.640625e-01, 8.273945e-07, 8.273945e-07
-6.484375e-01, 8.990057e-07, 8.990057e-07
-6.328125e-01, 9.763381e-07, 9.763381e-07
-6.171875e-01, 1.059805e-06, 1.059805e-06
-6.015625e-01, 1.149846e-06, 1.149846e-06
-5.859375e-01, 1.246927e-06, 1.246927e-06
-5.703125e-01, 1.351546e-06, 1.351546e-06
-5.546875e-01, 1.464226e-06, 1.464226e-06
-5.390625e-01, 1.585527e-06, 1.585527e-06
-5.234375e-01, 1.716039e-06, 1.716039e-06
-5.078125e-01, 1.856386e-06, 1.856386e-06
-4.921875e-01, 2.007232e-06, 2.007232e-06
-4.765625e-01, 2.169276e-06, 2.169276e-06
-4.609375e-01, 2.343257e-06, 2.343257e-06
-4.453125e-01, 2.529956e-06, 2.529956e-06
-4.296875e-01, 2.730197e-06, 2.730197e-06
-4.140625e-01, 2.944849e-06, 2.944849e-06
-3.984375e-01, 3.174826e-06, 3.174826e-06
-3.828125e-01, 3.421092e-06, 3.421092e-06
-3.671875e-01, 3.684661e-06, 3.684661e-06
-3.515625e-01, 3.966599e-06, 3.966599e-06
-3.359375e-01, 4.268025e-06, 4.268025e-06
-3.203125e-01, 4.590115e-06, 4.590115e-06
-3.046875e-01, 4.934103e-06, 4.934103e-06
-2.890625e-01, 5.301279e-06, 5.301279e-06
-2.734375e-01, 5.692999e-06, 5.692999e-06
-2.578125e-01, 6.110680e-06, 6.110680e-06
-2.421875e-01, 6.555802e-06, 6.555802e-06
-2.265625e-01, 7.029916e-06, 7.029916e-06
-2.109375e-01, 7.534637e-06, 7.534637e-06
-1.953125e-01, 8.071653e-06, 8.071653e-06
-1.796875e-01, 8.642723e-06, 8.642723e-06
-1.640625e-01, 9.249678e-06, 9.249678e-06
-1.484375e-01, 9.894426e-06, 9.894426e-06
-1.328125e-01, 1.057895e-05, 1.057895e-05
-1.171875e-01, 1.130531e-05, 1.130531e-05
-1.015625e-01, 1.207564e-05, 1.207564e-05
-8.593750e-02, 1.289217e-05, 1.289217e-05
-7.031250e-02, 1.375719e-05, 1.375719e-05
-5.468750e-02, 1.467308e-05, 1.467308e-05
-3.906250e-02, 1.564231e-05, 1.564231e-05
-2.343750e-02, 1.666742e-05, 1.666742e-05
-7.812500e-03, 1.775104e-05, 1.775104e-05
7.812500e-03, 1.889589e-05, 1.889589e-05
2.343750e-02, 2.010475e-05, 2.010475e-05
3.906250e-02, 2.138050e-05, 2.138050e-05
5.468750e-02, 2.272611e-05, 2.272611e-05
7.031250e-02, 2.414462e-05, 2.414462e-05
8.593750e-02, 2.563914e-05, 2.563914e-05
1.015625e-01, 2.721288e-05, 2.721288e-05
1.171875e-01, 2.886912e-05, 2.886912e-05
1.328125e-01, 3.061121e-05, 3.061121e-05
1.484375e-01, 3.244257e-05, 3.244257e-05
1.640625e-01, 3.436672e-05, 3.436672e-05
1.796875e-01, 3.638722e-05, 3.638722e-05
1.953125e-01, 3.850770e-05, 3.850770e-05
2.109375e-01, 4.073186e-05, 4.073186e-05
2.265625e-01, 4.306345e-05, 4.306345e-05
2.421875e-01, 4.550629e-05, 4.550629e-05
2.578125e-01, 4.806422e-05, 4.806422e-05
2.734375e-01, 5.074115e-05, 5.074115e-05
2.890625e-01, 5.354102e-05, 5.354102e-05
3.046875e-01, 5.646781e-05, 5.646781e-05
3.203125e-01, 5.952552e-05, 5.952552e-05
3.359375e-01, 6.271817e-05, 6.271817e-05
3.515625e-01, 6.604981e-05, 6.604981e-05
3.671875e-01, 6.952446e-05, 6.952446e-05
3.828125e-01, 7.314618e-05, 7.314618e-05
3.984375e-01, 7.691899e-05, 7.691899e-05
4.140625e-01, 8.084692e-05, 8.084692e-05
4.296875e-01, 8.493395e-05, 8.493395e-05
4.453125e-01, 8.918404e-05, 8.918404e-05
4.609375e-01, 9.360108e-05, 9.360108e-05
4.765625e-01, 9.818893e-05, 9.818893e-05
4.921875e-01, 1.029514e-04, 1.029514e-04
5.078125e-01, 1.078921e-04, 1.078921e-04
5.234375e-01, 1.130148e-04, 1.130148e-04
5.390625e-01, 1.183228e-04, 1.183228e-04
5.546875e-01, 1.238198e-04, 1.238198e-04
5.703125e-01, 1.295088e-04, 1.295088e-04
5.859375e-01, 1.353931e-04, 1.353931e-04
6.015625e-01, 1.414757e-04, 1.414757e-04
6.171875e-01, 1.477593e-04, 1.477593e-04
6.328125e-01, 1.542468e-04, 1.542468e-04
6.484375e-01, 1.609404e-04, 1.609404e-04
6.640625e-01, 1.678425e-04, 1.678425e-04
6.796875e-01, 1.749552e-04, 1.749552e-04
6.953125e-01, 1.822803e-04, 1.822803e-04
7.109375e-01, 1.898194e-04, 1.898194e-04
7.265625e-01, 1.975738e-04, 1.975738e-04
7.421875e-01, 2.055446e-04, 2.055446e-04
7.578125e-01, 2.137326e-04, 2.137326e-04
7.734375e-01, 2.221382e-04, 2.221382e-04
7.890625e-01, 2.307617e-04, 2.307617e-04
8.046875e-01, 2.396030e-04, 2.396030e-04
8.203125e-01, 2.486615e-04, 2.486615e-04
8.359375e-01, 2.579366e-04, 2.579366e-04
8.515625e-01, 2.674270e-04, 2.674270e-04
8.671875e-01, 2.771312e-04, 2.771312e-04
8.828125e-01, 2.870474e-04, 2.870474e-04
8.984375e-01, 2.971733e-04, 2.971733e-04
9.140625e-01, 3.075061e-04, 3.075061e-04
9.296875e-01, 3.180429e-04, 3.180429e-04
9.453125e-01, 3.287802e-04, 3.287802e-04
9.609375e-01, 3.397141e-04, 3.397141e-04
9.765625e-01, 3.508402e-04, 3.508402e-04
9.921875e-01, 3.621539e-04, 3.621539e-04
1.007813e+00, 3.736499e-04, 3.736499e-04
1.023438e+00, 3.853226e-04, 3.853226e-04
1.039063e+00, 3.971660e-04, 3.971660e-04
1.054688e+00, 4.091736e-04, 4.091736e-04
1.070313e+00, 4.213385e-04, 4.213385e-04
1.085938e+00, 4.336532e-04, 4.336532e-04
1.101563e+00, 4.461099e-04, 4.461099e-04
1.117188e+00, 4.587004e-04, 4.587004e-04
1.132813e+00, 4.714161e-04, 4.714161e-04
1.148438e+00, 4.842477e-04, 4.842477e-04
1.164063e+00, 4.971858e-04, 4.971858e-04
1.179688e+00, 5.102203e-04, 5.102203e-04
1.195313e+00, 5.233410e-04, 5.233410e-04
1.210938e+00, 5.365371e-04, 5.365371e-04
1.226563e+00, 5.497973e-04, 5.497973e-04
1.242188e+00, 5.631103e-04, 5.631103e-04
1.257813e+00, 5.764641e-04, 5.764641e-04
1.273438e+00, 5.898464e-04, 5.898464e-04
1.289063e+00, 6.032448e-04, 6.032448e-04
1.304688e+00, 6.166464e-04, 6.166464e-04
1.320313e+00, 6.300380e-04, 6.300380e-04
1.335938e+00, 6.434062e-04, 6.434062e-04
1.351563e+00, 6.567373e-04, 6.567373e-04
1.367188e+00, 6.700174e-04, 6.700174e-04
1.382813e+00, 6.832323e-04, 6.832323e-04
1.398438e+00, 6.963677e-04, 6.963677e-04
1.414063e+00, 7.094092e-04, 7.094092e-04
1.429688e+00, 7.223422e-04, 7.223422e-04
1.445313e+00, 7.351518e-04, 7.351518e-04
1.460938e+00, 7.478234e-04, 7.478234e-04
1.476563e+00, 7.603421e-04, 7.603421e-04
1.492188e+00, 7.726929e-04, 7.726929e-04
1.507813e+00, 7.848611e-04, 7.848611e-04
1.523438e+00, 7.968317e-04, 7.968317e-04
1.539063e+00, 8.085899e-04, 8.085899e-04
1.554688e+00, 8.201211e-04, 8.201211e-04
1.570313e+00, 8.314107e-04, 8.314107e-04
1.585938e+00, 8.424443e-04, 8.424443e-04
1.601563e+00, 8.532076e-04, 8.532076e-04
1.617188e+00, 8.636865e-04, 8.636865e-04
1.632813e+00, 8.738674e-04, 8.738674e-04
1.648438e+00, 8.837366e-04, 8.837366e-04
1.664063e+00, 8.932811e-04, 8.932811e-04
1.679688e+00, 9.024878e-04, 9.024878e-04
1.695313e+00, 9.113443e-04, 9.113443e-04
1.710938e+00, 9.198385e-04, 9.198385e-04
1.726563e+00, 9.279587e-04, 9.279587e-04
1.742188e+00, 9.356935e-04, 9.356935e-04
1.757813e+00, 9.430323e-04, 9.430323e-04
1.773438e+00, 9.499646e-04, 9.499646e-04
1.789063e+00, 9.564807e-04, 9.564807e-04
1.804688e+00, 9.625715e-04, 9.625715e-04
1.820313e+00, 9.682281e-04, 9.682281e-04
1.835938e+00, 9.734425e-04, 9.734425e-04
1.851563e+00, 9.782073e-04, 9.782073e-04
1.867188e+00, 9.825155e-04, 9.825155e-04
1.882813e+00, 9.863610e-04, 9.863610e-04
1.898438e+00, 9.897381e-04, 9.897381e-04
1.914063e+00, 9.926420e-04, 9.926420e-04
1.929688e+00, 9.950684e-04, 9.950684e-04
1.945313e+00, 9.970137e-04, 9.970137e-04
1.960938e+00, 9.984753e-04, 9.984753e-04
1.976563e+00, 9.994508e-04, 9.994508e-04
1.992188e+00, 9.999390e-04, 9.999390e-04
2.007813e+00, 9.999390e-04, 9.999390e-04
2.023438e+00, 9.994508e-04, 9.994508e-04
2.039063e+00, 9.984753e-04, 9.984753e-04
2.054688e+00, 9.970137e-04, 9.970137e-04
2.070313e+00, 9.950684e-04, 9.950684e-04
2.085938e+00, 9.926420e-04, 9.926420e-04
2.101563e+00, 9.897381e-04, 9.897381e-04
2.117188e+00, 9.863610e-04, 9.863610e-04
2.132813e+00, 9.825155e-04, 9.825155e-04
2.148438e+00, 9.782073e-04, 9.782073e-04
2.164063e+00, 9.734425e-04, 9.734425e-04
2.179688e+00, 9.682281e-04, 9.682281e-04
2.195313e+00, 9.625715e-04, 9.625715e-04
2.210938e+00, 9.564807e-04, 9.564807e-04
2.226563e+00, 9.499646e-04, 9.499646e-04
2.242188e+00, 9.430323e-04, 9.430323e-04
2.257813e+00, 9.356935e-04, 9.356935e-04
2.273438e+00, 9.279587e-04, 9.279587e-04
2.289063e+00, 9.198385e-04, 9.198385e-04
2.304688e+00, 9.113443e-04, 9.113443e-04
2.320313e+00, 9.024878e-04, 9.024878e-04
2.335938e+00, 8.932811e-04, 8.932811e-04
2.351563e+00, 8.837366e-04, 8.837366e-04
2.367188e+00, 8.738674e-04, 8.738674e-04
2.382813e+00, 8.636865e-04, 8.636865e-04
2.398438e+00, 8.532076e-04, 8.532076e-04
2.414063e+00, 8.424443e-04, 8.424443e-04
2.429688e+00, 8.314107e-04, 8.314107e-04
2.445313e+00, 8.201211e-04, 8.201211e-04
2.460938e+00, 8.085899e-04, 8.085899e-04
2.476563e+00, 7.968317e-04, 7.968317e-04
2.492188e+00, 7.848611e-04, 7.848611e-04
2.507813e+00, 7.726929e-04, 7.726929e-04
2.523438e+00, 7.603421e-04, 7.603421e-04
2.539063e+00, 7.478234e-04, 7.478234e-04
2.554688e+00, 7.351518e-04, 7.351518e-04
2.570313e+00, 7.223422e-04, 7.223422e-04
2.585938e+00, 7.094092e-04, 7.094092e-04
2.601563e+00, 6.963677e-04, 6.963677e-04
2.617188e+00, 6.832323e-04, 6.832323e-04
2.632813e+00, 6.700174e-04, 6.700174e-04
2.648438e+00, 6.567373e-04, 6.567373e-04
2.664063e+00, 6.434062e-04, 6.434062e-04
2.679688e+00, 6.300380e-04, 6.300380e-04
2.695313e+00, 6.166464e-04, 6.166464e-04
2.710938e+00, 6.032448e-04, 6.032448e-04
2.726563e+00, 5.898464e-04, 5.898464e-04
2.742188e+00, 5.764641e-04, 5.764641e-04
2.757813e+00, 5.631103e-04, 5.631103e-04
2.773438e+00, 5.497973e-04, 5.497973e-04
2.789063e+00, 5.365371e-04, 5.365371e-04
2.804688e+00, 5.233410e-04, 5.233410e-04
2.820313e+00, 5.102203e-04, 5.102203e-04
2.835938e+00, 4.971858e-04, 4.971858e-04
2.851563e+00, 4.842477e-04, 4.842477e-04
2.867188e+00, 4.714161e-04, 4.714161e-04
2.882813e+00, 4.587004e-04, 4.587004e-04
2.898438e+00, 4.461099e-04, 4.461099e-04
2.914063e+00, 4.336532e-04, 4.336532e-04
2.929688e+00, 4.213385e-04, 4.213385e-04
2.945313e+00, 4.091736e-04, 4.091736e-04
2.960938e+00, 3.971660e-04, 3.971660e-04
2.976563e+00, 3.853226e-04, 3.853226e-04
2.992188e+00, 3.736499e-04, 3.736499e-04
3.007813e+00, 3.621539e-04, 3.621539e-04
3.023438e+00, 3.508402e-04, 3.508402e-04
3.039063e+00, 3.397141e-04, 3.397141e-04
3.054688e+00, 3.287802e-04, 3.287802e-04
3.070313e+00, 3.180429e-04, 3.180429e-04
3.085938e+00, 3.075061e-04, 3.075061e-04
3.101563e+00, 2.971733e-04, 2.971733e-04
3.117188e+00, 2.870474e-04, 2.870474e-04
3.132813e+00, 2.771312e-04, 2.771312e-04
3.148438e+00, 2.674270e-04, 2.674270e-04
3.164063e+00, 2.579366e-04, 2.579366e-04
3.179688e+00, 2.486615e-04, 2.486615e-04
3.195313e+00, 2.396030e-04, 2.396030e-04
3.210938e+00, 2.307617e-04, 2.307617e-04
3.226563e+00, 2.221382e-04, 2.221382e-04
3.242188e+00, 2.137326e-04, 2.137326e-04
3.257813e+00, 2.055446e-04, 2.055446e-04
3.273438e+00, 1.975738e-04, 1.975738e-04
3.289063e+00, 1.898194e-04, 1.898194e-04
3.304688e+00, 1.822803e-04, 1.822803e-04
3.320313e+00, 1.749552e-04, 1.749552e-04
3.335938e+00, 1.678425e-04, 1.678425e-04
3.351563e+00, 1.609404e-04, 1.609404e-04
3.367188e+00, 1.542468e-04, 1.542468e-04
3.382813e+00, 1.477593e-04, 1.477593e-04
3.398438e+00, 1.414757e-04, 1.414757e-04
3.414063e+00, 1.353931e-04, 1.353931e-04
3.429688e+00, 1.295088e-04, 1.295088e-04
3.445313e+00, 1.238198e-04, 1.238198e-04
3.460938e+00, 1.183228e-04, 1.183228e-04
3.476563e+00, 1.130148e-04, 1.130148e-04
3.492188e+00, 1.078921e-04, 1.078921e-04
3.507813e+00, 1.029514e-04, 1.029514e-04
3.523438e+00, 9.818893e-05, 9.818893e-05
3.539063e+00, 9.360108e-05, 9.360108e-05
3.554688e+00, 8.918404e-05, 8.918404e-05
3.570313e+00, 8.493395e-05, 8.493395e-05
3.585938e+00, 8.084692e-05, 8.084692e-05
3.601563e+00, 7.691899e-05, 7.691899e-05
3.617188e+00, 7.314618e-05, 7.314618e-05
3.632813e+00, 6.952446e-05, 6.952446e-05
3.648438e+00, 6.604981e-05, 6.604981e-05
3.664063e+00, 6.271817e-05, 6.271817e-05
3.679688e+00, 5.952552e-05, 5.952552e-05
3.695313e+00, 5.646781e-05, 5.646781e-05
3.710938e+00, 5.354102e-05, 5.354102e-05
3.726563e+00, 5.074115e-05, 5.074115e-05
3.742188e+00, 4.806422e-05, 4.806422e-05
3.757813e+00, 4.550629e-05, 4.550629e-05
3.773438e+00, 4.306345e-05, 4.306345e-05
3.789063e+00, 4.073186e-05, 4.073186e-05
3.804688e+00, 3.850770e-05, 3.850770e-05
3.820313e+00, 3.638722e-05, 3.638722e-05
3.835938e+00, 3.436672e-05, 3.436672e-05
3.851563e+00, 3.244257e-05, 3.244257e-05
3.867188e+00, 3.061121e-05, 3.061121e-05
3.882813e+00, 2.886912e-05, 2.886912e-05
3.898438e+00, 2.721288e-05, 2.721288e-05
3.914063e+00, 2.563914e-05, 2.563914e-05
3.929688e+00, 2.414462e-05, 2.414462e-05
3.945313e+00, 2.272611e-05, 2.272611e-05
3.960938e+00, 2.138050e-05, 2.138050e-05
3.976563e+00, 2.010475e-05, 2.010475e-05
3.992188e+00, 1.889589e-05, 1.889589e-05
4.007813e+00, 1.775104e-05, 1.775104e-05
4.023438e+00, 1.666742e-05, 1.666742e-05
4.039063e+00, 1.564231e-05, 1.564231e-05
4.054688e+00, 1.467308e-05, 1.467308e-05
4.070313e+00, 1.375719e-05, 1.375719e-05
4.085938e+00, 1.289217e-05, 1.289217e-05
4.101563e+00, 1.207564e-05, 1.207564e-05
4.117188e+00, 1.130531e-05, 1.130531e-05
4.132813e+00, 1.057895e-05, 1.057895e-05
4.148438e+00, 9.894426e-06, 9.894426e-06
4.164063e+00, 9.249678e-06, 9.249678e-06
4.179688e+00, 8.642723e-06, 8.642723e-06
4.195313e+00, 8.071653e-06, 8.071653e-06
4.210938e+00, 7.534637e-06, 7.534637e-06
4.226563e+00, 7.029916e-06, 7.029916e-06
4.242188e+00, 6.555802e-06, 6.555802e-06
4.257813e+00, 6.110680e-06, 6.110680e-06
4.273438e+00, 5.692999e-06, 5.692999e-06
4.289063e+00, 5.301279e-06, 5.301279e-06
4.304688e+00, 4.934103e-06, 4.934103e-06
4.320313e+00, 4.590115e-06, 4.590115e-06
4.335938e+00, 4.268025e-06, 4.268025e-06
4.351563e+00, 3.966599e-06, 3.966599e-06
4.367188e+00, 3.684661e-06, 3.684661e-06
4.382813e+00, 3.421092e-06, 3.421092e-06
4.398438e+00, 3.174826e-06, 3.174826e-06
4.414063e+00, 2.944849e-06, 2.944849e-06
4.429688e+00, 2.730197e-06, 2.730197e-06
4.445313e+00, 2.529956e-06, 2.529956e-06
4.460938e+00, 2.343257e-06, 2.343257e-06
4.476563e+00, 2.169276e-06, 2.169276e-06
4.492188e+00, 2.007232e-06, 2.007232e-06
4.507813e+00, 1.856386e-06, 1.856386e-06
4.523438e+00, 1.716039e-06, 1.716039e-06
4.539063e+00, 1.585527e-06, 1.585527e-06
4.554688e+00, 1.464226e-06, 1.464226e-06
4.570313e+00, 1.351546e-06, 1.351546e-06
4.585938e+00, 1.246927e-06, 1.246927e-06
4.601563e+00, 1.149846e-06, 1.149846e-06
4.617188e+00, 1.059805e-06, 1.059805e-06
4.632813e+00, 9.763381e-07, 9.763381e-07
4.648438e+00, 8.990057e-07, 8.990057e-07
4.664063e+00, 8.273945e-07, 8.273945e-07
4.679688e+00, 7.611158e-07, 7.611158e-07
4.695313e+00, 6.998046e-07, 6.998046e-07
4.710938e+00, 6.431181e-07, 6.431181e-07
4.726563e+00, 5.907350e-07, 5.907350e-07
4.742188e+00, 5.423536e-07, 5.423536e-07
4.757813e+00, 4.976917e-07, 4.976917e-07
4.773438e+00, 4.564846e-07, 4.564846e-07
4.789063e+00, 4.184850e-07, 4.184850e-07
4.804688e+00, 3.834613e-07, 3.834613e-07
4.820313e+00, 3.511972e-07, 3.511972e-07
4.835938e+00, 3.214908e-07, 3.214908e-07
4.851563e+00, 2.941535e-07, 2.941535e-07
4.867188e+00, 2.690094e-07, 2.690094e-07
4.882813e+00, 2.458945e-07, 2.458945e-07
4.898438e+00, 2.246561e-07, 2.246561e-07
4.914063e+00, 2.051518e-07, 2.051518e-07
4.929688e+00, 1.872495e-07, 1.872495e-07
4.945313e+00, 1.708259e-07, 1.708259e-07
4.960938e+00, 1.557667e-07, 1.557667e-07
4.976563e+00, 1.419658e-07, 1.419658e-07
4.992188e+00, 1.293245e-07, 1.293245e-07
5.000000e+00, 1.234098e-07, 1.234098e-07


#At time: 2.502441e+01, nsteps= 205


-1.000000e+00, 1.176614e-07, 2.668587e-07
-9.921875e-01, 1.380976e-07, 2.784598e-07
-9.765625e-01, 1.791016e-07, 3.030960e-07
-9.609375e-01, 2.204986e-07, 3.297654e-07
-9.453125e-01, 2.625538e-07, 3.586222e-07
-9.296875e-01, 3.055840e-07, 3.898312e-07
-9.140625e-01, 3.498608e-07, 4.235681e-07
-8.984375e-01, 3.957074e-07, 4.600204e-07
-8.828125e-01, 4.434056e-07, 4.993882e-07
-8.671875e-01, 4.932885e-07, 5.418843e-07
-8.515625e-01, 5.456525e-07, 5.877358e-07
-8.359375e-01, 6.008442e-07, 6.371842e-07
-8.203125e-01, 6.591789e-07, 6.904863e-07
-8.046875e-01, 7.210207e-07, 7.479152e-07
-7.890625e-01, 7.867083e-07, 8.097610e-07
-7.734375e-01, 8.566275e-07, 8.763319e-07
-7.578125e-01, 9.311453e-07, 9.479548e-07
-7.421875e-01, 1.010674e-06, 1.024976e-06
-7.265625e-01, 1.095614e-06, 1.107764e-06
-7.109375e-01, 1.186408e-06, 1.196708e-06
-6.953125e-01, 1.283496e-06, 1.292219e-06
-6.796875e-01, 1.387357e-06, 1.394734e-06
-6.640625e-01, 1.498473e-06, 1.504713e-06
-6.484375e-01, 1.617368e-06, 1.622644e-06
-6.328125e-01, 1.744572e-06, 1.749042e-06
-6.171875e-01, 1.880657e-06, 1.884449e-06
-6.015625e-01, 2.026207e-06, 2.029438e-06
-5.859375e-01, 2.181848e-06, 2.184612e-06
-5.703125e-01, 2.348226e-06, 2.350608e-06
-5.546875e-01, 2.526026e-06, 2.528095e-06
-5.390625e-01, 2.715961e-06, 2.717776e-06
-5.234375e-01, 2.918783e-06, 2.920393e-06
-5.078125e-01, 3.135275e-06, 3.136722e-06
-4.921875e-01, 3.366263e-06, 3.367581e-06
-4.765625e-01, 3.612608e-06, 3.613827e-06
-4.609375e-01, 3.875215e-06, 3.876358e-06
-4.453125e-01, 4.155029e-06, 4.156116e-06
-4.296875e-01, 4.453041e-06, 4.454086e-06
-4.140625e-01, 4.770284e-06, 4.771301e-06
-3.984375e-01, 5.107841e-06, 5.108840e-06
-3.828125e-01, 5.466840e-06, 5.467830e-06
-3.671875e-01, 5.848462e-06, 5.849449e-06
-3.515625e-01, 6.253936e-06, 6.254925e-06
-3.359375e-01, 6.684546e-06, 6.685540e-06
-3.203125e-01, 7.141627e-06, 7.142630e-06
-3.046875e-01, 7.626571e-06, 7.627585e-06
-2.890625e-01, 8.140826e-06, 8.141852e-06
-2.734375e-01, 8.685896e-06, 8.686935e-06
-2.578125e-01, 9.263346e-06, 9.264397e-06
-2.421875e-01, 9.874798e-06, 9.875861e-06
-2.265625e-01, 1.052194e-05, 1.052301e-05
-2.109375e-01, 1.120651e-05, 1.120759e-05
-1.953125e-01, 1.193032e-05, 1.193141e-05
-1.796875e-01, 1.269524e-05, 1.269634e-05
-1.640625e-01, 1.350321e-05, 1.350432e-05
-1.484375e-01, 1.435622e-05, 1.435734e-05
-1.328125e-01, 1.525635e-05, 1.525747e-05
-1.171875e-01, 1.620571e-05, 1.620684e-05
-1.015625e-01, 1.720652e-05, 1.720764e-05
-8.593750e-02, 1.826101e-05, 1.826213e-05
-7.031250e-02, 1.937153e-05, 1.937264e-05
-5.468750e-02, 2.054047e-05, 2.054156e-05
-3.906250e-02, 2.177027e-05, 2.177135e-05
-2.343750e-02, 2.306346e-05, 2.306453e-05
-7.812500e-03, 2.442263e-05, 2.442367e-05
7.812500e-03, 2.585041e-05, 2.585143e-05
2.343750e-02, 2.734952e-05, 2.735051e-05
3.906250e-02, 2.892272e-05, 2.892368e-05
5.468750e-02, 3.057283e-05, 3.057377e-05
7.031250e-02, 3.230275e-05, 3.230365e-05
8.593750e-02, 3.411540e-05, 3.411625e-05
1.015625e-01, 3.601378e-05, 3.601458e-05
1.171875e-01, 3.800092e-05, 3.800167e-05
1.328125e-01, 4.007991e-05, 4.008060e-05
1.484375e-01, 4.225387e-05, 4.225450e-05
1.640625e-01, 4.452598e-05, 4.452655e-05
1.796875e-01, 4.689944e-05, 4.689994e-05
1.953125e-01, 4.937749e-05, 4.937791e-05
2.109375e-01, 5.196340e-05, 5.196374e-05
2.265625e-01, 5.466047e-05, 5.466073e-05
2.421875e-01, 5.747200e-05, 5.747217e-05
2.578125e-01, 6.040133e-05, 6.040140e-05
2.734375e-01, 6.345179e-05, 6.345176e-05
2.890625e-01, 6.662672e-05, 6.662659e-05
3.046875e-01, 6.992947e-05, 6.992923e-05
3.203125e-01, 7.336336e-05, 7.336300e-05
3.359375e-01, 7.693172e-05, 7.693124e-05
3.515625e-01, 8.063783e-05, 8.063722e-05
3.671875e-01, 8.448497e-05, 8.448423e-05
3.828125e-01, 8.847636e-05, 8.847549e-05
3.984375e-01, 9.261520e-05, 9.261419e-05
4.140625e-01, 9.690462e-05, 9.690347e-05
4.296875e-01, 1.013477e-04, 1.013464e-04
4.453125e-01, 1.059475e-04, 1.059460e-04
4.609375e-01, 1.107068e-04, 1.107052e-04
4.765625e-01, 1.156287e-04, 1.156269e-04
4.921875e-01, 1.207157e-04, 1.207138e-04
5.078125e-01, 1.259706e-04, 1.259686e-04
5.234375e-01, 1.313960e-04, 1.313937e-04
5.390625e-01, 1.369941e-04, 1.369917e-04
5.546875e-01, 1.427674e-04, 1.427648e-04
5.703125e-01, 1.487180e-04, 1.487152e-04
5.859375e-01, 1.548478e-04, 1.548449e-04
6.015625e-01, 1.611587e-04, 1.611556e-04
6.171875e-01, 1.676524e-04, 1.676491e-04
6.328125e-01, 1.743304e-04, 1.743269e-04
6.484375e-01, 1.811938e-04, 1.811903e-04
6.640625e-01, 1.882440e-04, 1.882402e-04
6.796875e-01, 1.954816e-04, 1.954777e-04
6.953125e-01, 2.029075e-04, 2.029034e-04
7.109375e-01, 2.105220e-04, 2.105177e-04
7.265625e-01, 2.183252e-04, 2.183208e-04
7.421875e-01, 2.263173e-04, 2.263127e-04
7.578125e-01, 2.344978e-04, 2.344931e-04
7.734375e-01, 2.428661e-04, 2.428613e-04
7.890625e-01, 2.514215e-04, 2.514165e-04
8.046875e-01, 2.601627e-04, 2.601576e-04
8.203125e-01, 2.690883e-04, 2.690831e-04
8.359375e-01, 2.781967e-04, 2.781914e-04
8.515625e-01, 2.874858e-04, 2.874803e-04
8.671875e-01, 2.969531e-04, 2.969476e-04
8.828125e-01, 3.065961e-04, 3.065905e-04
8.984375e-01, 3.164118e-04, 3.164061e-04
9.140625e-01, 3.263968e-04, 3.263910e-04
9.296875e-01, 3.365475e-04, 3.365417e-04
9.453125e-01, 3.468599e-04, 3.468540e-04
9.609375e-01, 3.573296e-04, 3.573237e-04
9.765625e-01, 3.679520e-04, 3.679461e-04
9.921875e-01, 3.787220e-04, 3.787161e-04
1.007813e+00, 3.896343e-04, 3.896284e-04
1.023438e+00, 4.006831e-04, 4.006772e-04
1.039063e+00, 4.118624e-04, 4.118565e-04
1.054688e+00, 4.231657e-04, 4.231598e-04
1.070313e+00, 4.345863e-04, 4.345805e-04
1.085938e+00, 4.461170e-04, 4.461113e-04
1.101563e+00, 4.577505e-04, 4.577448e-04
1.117188e+00, 4.694789e-04, 4.694733e-04
1.132813e+00, 4.812941e-04, 4.812887e-04
1.148438e+00, 4.931877e-04, 4.931824e-04
1.164063e+00, 5.051510e-04, 5.051458e-04
1.179688e+00, 5.171748e-04, 5.171699e-04
1.195313e+00, 5.292499e-04, 5.292451e-04
1.210938e+00, 5.413666e-04, 5.413620e-04
1.226563e+00, 5.535149e-04, 5.535106e-04
1.242188e+00, 5.656847e-04, 5.656806e-04
1.257813e+00, 5.778656e-04, 5.778617e-04
1.273438e+00, 5.900468e-04, 5.900431e-04
1.289063e+00, 6.022174e-04, 6.022140e-04
1.304688e+00, 6.143663e-04, 6.143632e-04
1.320313e+00, 6.264821e-04, 6.264793e-04
1.335938e+00, 6.385534e-04, 6.385509e-04
1.351563e+00, 6.505685e-04, 6.505663e-04
1.367188e+00, 6.625155e-04, 6.625136e-04
1.382813e+00, 6.743826e-04, 6.743810e-04
1.398438e+00, 6.861575e-04, 6.861563e-04
1.414063e+00, 6.978283e-04, 6.978275e-04
1.429688e+00, 7.093827e-04, 7.093822e-04
1.445313e+00, 7.208084e-04, 7.208083e-04
1.460938e+00, 7.320931e-04, 7.320933e-04
1.476563e+00, 7.432245e-04, 7.432251e-04
1.492188e+00, 7.541903e-04, 7.541914e-04
1.507813e+00, 7.649784e-04, 7.649798e-04
1.523438e+00, 7.755764e-04, 7.755782e-04
1.539063e+00, 7.859724e-04, 7.859746e-04
1.554688e+00, 7.961542e-04, 7.961568e-04
1.570313e+00, 8.061101e-04, 8.061131e-04
1.585938e+00, 8.158283e-04, 8.158317e-04
1.601563e+00, 8.252973e-04, 8.253010e-04
1.617188e+00, 8.345057e-04, 8.345098e-04
1.632813e+00, 8.434424e-04, 8.434469e-04
1.648438e+00, 8.520966e-04, 8.521015e-04
1.664063e+00, 8.604575e-04, 8.604628e-04
1.679688e+00, 8.685150e-04, 8.685206e-04
1.695313e+00, 8.762588e-04, 8.762648e-04
1.710938e+00, 8.836795e-04, 8.836858e-04
1.726563e+00, 8.907675e-04, 8.907741e-04
1.742188e+00, 8.975139e-04, 8.975209e-04
1.757813e+00, 9.039102e-04, 9.039174e-04
1.773438e+00, 9.099481e-04, 9.099556e-04
1.789063e+00, 9.156198e-04, 9.156276e-04
1.804688e+00, 9.209181e-04, 9.209261e-04
1.820313e+00, 9.258360e-04, 9.258443e-04
1.835938e+00, 9.303672e-04, 9.303756e-04
1.851563e+00, 9.345056e-04, 9.345143e-04
1.867188e+00, 9.382460e-04, 9.382549e-04
1.882813e+00, 9.415833e-04, 9.415924e-04
1.898438e+00, 9.445132e-04, 9.445224e-04
1.914063e+00, 9.470318e-04, 9.470411e-04
1.929688e+00, 9.491358e-04, 9.491452e-04
1.945313e+00, 9.508223e-04, 9.508318e-04
1.960938e+00, 9.520892e-04, 9.520988e-04
1.976563e+00, 9.529347e-04, 9.529443e-04
1.992188e+00, 9.533577e-04, 9.533674e-04
2.007813e+00, 9.533577e-04, 9.533674e-04
2.023438e+00, 9.529347e-04, 9.529443e-04
2.039063e+00, 9.520892e-04, 9.520988e-04
2.054688e+00, 9.508223e-04, 9.508318e-04
2.070313e+00, 9.491358e-04, 9.491452e-04
2.085938e+00, 9.470318e-04, 9.470411e-04
2.101563e+00, 9.445132e-04, 9.445224e-04
2.117188e+00, 9.415833e-04, 9.415924e-04
2.132813e+00, 9.382460e-04, 9.382549e-04
2.148438e+00, 9.345056e-04, 9.345143e-04
2.164063e+00, 9.303672e-04, 9.303756e-04
2.179688e+00, 9.258360e-04, 9.258443e-04
2.195313e+00, 9.209181e-04, 9.209261e-04
2.210938e+00, 9.156198e-04, 9.156276e-04
2.226563e+00, 9.099481e-04, 9.099556e-04
2.242188e+00, 9.039102e-04, 9.039174e-04
2.257813e+00, 8.975139e-04, 8.975209e-04
2.273438e+00, 8.907675e-04, 8.907741e-04
2.289063e+00, 8.836795e-04, 8.836858e-04
2.304688e+00, 8.762588e-04, 8.762648e-04
2.320313e+00, 8.685150e-04, 8.685206e-04
2.335938e+00, 8.604575e-04, 8.604628e-04
2.351563e+00, 8.520966e-04, 8.521015e-04
2.367188e+00, 8.434424e-04, 8.434469e-04
2.382813e+00, 8.345057e-04, 8.345098e-04
2.398438e+00, 8.252973e-04, 8.253010e-04
2.414063e+00, 8.158283e-04, 8.158317e-04
2.429688e+00, 8.061101e-04, 8.061131e-04
2.445313e+00, 7.961542e-04, 7.961568e-04
2.460938e+00, 7.859724e-04, 7.859746e-04
2.476563e+00, 7.755764e-04, 7.755782e-04
2.492188e+00, 7.649784e-04, 7.649798e-04
2.507813e+00, 7.541903e-04, 7.541914e-04
2.523438e+00, 7.432245e-04, 7.432251e-04
2.539063e+00, 7.320931e-04, 7.320933e-04
2.554688e+00, 7.208084e-04, 7.208083e-04
2.570313e+00, 7.093827e-04, 7.093822e-04
2.585938e+00, 6.978283e-04, 6.978275e-04
2.601563e+00, 6.861575e-04, 6.861563e-04
2.617188e+00, 6.743826e-04, 6.743810e-04
2.632813e+00, 6.625155e-04, 6.625136e-04
2.648438e+00, 6.505685e-04, 6.505663e-04
2.664063e+00, 6.385534e-04, 6.385509e-04
2.679688e+00, 6.264821e-04, 6.264793e-04
2.695313e+00, 6.143663e-04, 6.143632e-04
2.710938e+00, 6.022174e-04, 6.022140e-04
2.726563e+00, 5.900468e-04, 5.900431e-04
2.742188e+00, 5.778656e-04, 5.778617e-04
2.757813e+00, 5.656847e-04, 5.656806e-04
2.773438e+00, 5.535149e-04, 5.535106e-04
2.789063e+00, 5.413666e-04, 5.413620e-04
2.804688e+00, 5.292499e-04, 5.292451e-04
2.820313e+00, 5.171748e-04, 5.171699e-04
2.835938e+00, 5.051510e-04, 5.051458e-04
2.851563e+00, 4.931877e-04, 4.931824e-04
2.867188e+00, 4.812941e-04, 4.812887e-04
2.882813e+00, 4.694789e-04, 4.694733e-04
2.898438e+00, 4.577505e-04, 4.577448e-04
2.914063e+00, 4.461170e-04, 4.461113e-04
2.929688e+00, 4.345863e-04, 4.345805e-04
2.945313e+00, 4.231657e-04, 4.231598e-04
2.960938e+00, 4.118624e-04, 4.118565e-04
2.976563e+00, 4.006831e-04, 4.006772e-04
2.992188e+00, 3.896343e-04, 3.896284e-04
3.007813e+00, 3.787220e-04, 3.787161e-04
3.023438e+00, 3.679520e-04, 3.679461e-04
3.039063e+00, 3.573296e-04, 3.573237e-04
3.054688e+00, 3.468599e-04, 3.468540e-04
3.070313e+00, 3.365475e-04, 3.365417e-04
3.085938e+00, 3.263968e-04, 3.263910e-04
3.101563e+00, 3.164118e-04, 3.164061e-04
3.117188e+00, 3.065961e-04, 3.065905e-04
3.132813e+00, 2.969531e-04, 2.969476e-04
3.148438e+00, 2.874858e-04, 2.874803e-04
3.164063e+00, 2.781967e-04, 2.781914e-04
3.179688e+00, 2.690883e-04, 2.690831e-04
3.195313e+00, 2.601627e-04, 2.601576e-04
3.210938e+00, 2.514215e-04, 2.514165e-04
3.226563e+00, 2.428661e-04, 2.428613e-04
3.242188e+00, 2.344978e-04, 2.344931e-04
3.257813e+00, 2.263173e-04, 2.263127e-04
3.273438e+00, 2.183252e-04, 2.183208e-04
3.289063e+00, 2.105220e-04, 2.105177e-04
3.304688e+00, 2.029075e-04, 2.029034e-04
3.320313e+00, 1.954816e-04, 1.954777e-04
3.335938e+00, 1.882440e-04, 1.882402e-04
3.351563e+00, 1.811938e-04, 1.811903e-04
3.367188e+00, 1.743304e-04, 1.743269e-04
3.382813e+00, 1.676524e-04, 1.676491e-04
3.398438e+00, 1.611587e-04, 1.611556e-04
3.414063e+00, 1.548478e-04, 1.548449e-04
3.429688e+00, 1.487180e-04, 1.487152e-04
3.445313e+00, 1.427674e-04, 1.427648e-04
3.460938e+00, 1.369941e-04, 1.369917e-04
3.476563e+00, 1.313960e-04, 1.313937e-04
3.492188e+00, 1.259706e-04, 1.259686e-04
3.507813e+00, 1.207157e-04, 1.207138e-04
3.523438e+00, 1.156287e-04, 1.156269e-04
3.539063e+00, 1.107068e-04, 1.107052e-04
3.554688e+00, 1.059475e-04, 1.059460e-04
3.570313e+00, 1.013477e-04, 1.013464e-04
3.585938e+00, 9.690462e-05, 9.690347e-05
3.601563e+00, 9.261520e-05, 9.261419e-05
3.617188e+00, 8.847636e-05, 8.847549e-05
3.632813e+00, 8.448497e-05, 8.448423e-05
3.648438e+00, 8.063783e-05, 8.063722e-05
3.664063e+00, 7.693172e-05, 7.693124e-05
3.679688e+00, 7.336336e-05, 7.336300e-05
3.695313e+00, 6.992947e-05, 6.992923e-05
3.710938e+00, 6.662672e-05, 6.662659e-05
3.726563e+00, 6.345179e-05, 6.345176e-05
3.742188e+00, 6.040133e-05, 6.040140e-05
3.757813e+00, 5.747200e-05, 5.747217e-05
3.773438e+00, 5.466047e-05, 5.466073e-05
3.789063e+00, 5.196340e-05, 5.196374e-05
3.804688e+00, 4.937749e-05, 4.937791e-05
3.820313e+00, 4.689944e-05, 4.689994e-05
3.835938e+00, 4.452598e-05, 4.452655e-05
3.851563e+00, 4.225387e-05, 4.225450e-05
3.867188e+00, 4.007991e-05, 4.008060e-05
3.882813e+00, 3.800092e-05, 3.800167e-05
3.898438e+00, 3.601378e-05, 3.601458e-05
3.914063e+00, 3.411540e-05, 3.411625e-05
3.929688e+00, 3.230275e-05, 3.230365e-05
3.945313e+00, 3.057283e-05, 3.057377e-05
3.960938e+00, 2.892272e-05, 2.892368e-05
3.976563e+00, 2.734952e-05, 2.735051e-05
3.992188e+00, 2.585041e-05, 2.585143e-05
4.007813e+00, 2.442263e-05, 2.442367e-05
4.023438e+00, 2.306346e-05, 2.306453e-05
4.039063e+00, 2.177027e-05, 2.177135e-05
4.054688e+00, 2.054047e-05, 2.054156e-05
4.070313e+00, 1.937153e-05, 1.937264e-05
4.085938e+00, 1.826101e-05, 1.826213e-05
4.101563e+00, 1.720652e-05, 1.720764e-05
4.117188e+00, 1.620571e-05, 1.620684e-05
4.132813e+00, 1.525635e-05, 1.525747e-05
4.148438e+00, 1.435622e-05, 1.435734e-05
4.164063e+00, 1.350321e-05, 1.350432e-05
4.179688e+00, 1.269524e-05, 1.269634e-05
4.195313e+00, 1.193032e-05, 1.193141e-05
4.210938e+00, 1.120651e-05, 1.120759e-05
4.226563e+00, 1.052194e-05, 1.052301e-05
4.242188e+00, 9.874798e-06, 9.875861e-06
4.257813e+00, 9.263346e-06, 9.264397e-06
4.273438e+00, 8.685896e-06, 8.686935e-06
4.289063e+00, 8.140826e-06, 8.141852e-06
4.304688e+00, 7.626571e-06, 7.627585e-06
4.320313e+00, 7.141627e-06, 7.142630e-06
4.335938e+00, 6.684546e-06, 6.685540e-06
4.351563e+00, 6.253936e-06, 6.254925e-06
4.367188e+00, 5.848462e-06, 5.849449e-06
4.382813e+00, 5.466840e-06, 5.467830e-06
4.398438e+00, 5.107841e-06, 5.108840e-06
4.414063e+00, 4.770284e-06, 4.771301e-06
4.429688e+00, 4.453041e-06, 4.454086e-06
4.445313e+00, 4.155029e-06, 4.156116e-06
4.460938e+00, 3.875215e-06, 3.876358e-06
4.476563e+00, 3.612608e-06, 3.613827e-06
4.492188e+00, 3.366263e-06, 3.367581e-06
4.507813e+00, 3.135275e-06, 3.136722e-06
4.523438e+00, 2.918783e-06, 2.920393e-06
4.539063e+00, 2.715961e-06, 2.717776e-06
4.554688e+00, 2.526026e-06, 2.528095e-06
4.570313e+00, 2.348226e-06, 2.350608e-06
4.585938e+00, 2.181848e-06, 2.184612e-06
4.601563e+00, 2.026207e-06, 2.029438e-06
4.617188e+00, 1.880657e-06, 1.884449e-06
4.632813e+00, 1.744572e-06, 1.749042e-06
4.648438e+00, 1.617368e-06, 1.622644e-06
4.664063e+00, 1.498473e-06, 1.504713e-06
4.679688e+00, 1.387357e-06, 1.394734e-06
4.695313e+00, 1.283496e-06, 1.292219e-06
4.710938e+00, 1.186408e-06, 1.196708e-06
4.726563e+00, 1.095614e-06, 1.107764e-06
4.742188e+00, 1.010674e-06, 1.024976e-06
4.757813e+00, 9.311453e-07, 9.479548e-07
4.773438e+00, 8.566275e-07, 8.763319e-07
4.789063e+00, 7.867083e-07, 8.097610e-07
4.804688e+00, 7.210207e-07, 7.479152e-07
4.820313e+00, 6.591789e-07, 6.904863e-07
4.835938e+00, 6.008442e-07, 6.371842e-07
4.851563e+00, 5.456525e-07, 5.877358e-07
4.867188e+00, 4.932885e-07, 5.418843e-07
4.882813e+00, 4.434056e-07, 4.993882e-07
4.898438e+00, 3.957074e-07, 4.600204e-07
4.914063e+00, 3.498608e-07, 4.235681e-07
4.929688e+00, 3.055840e-07, 3.898312e-07
4.945313e+00, 2.625538e-07, 3.586222e-07
4.960938e+00, 2.204986e-07, 3.297654e-07
4.976563e+00, 1.791016e-07, 3.030960e-07
4.992188e+00, 1.380976e-07, 2.784598e-07
5.000000e+00, 1.176614e-07, 2.668587e-07


#At time: 5.004883e+01, nsteps= 410


-1.000000e+00, 1.126481e-07, 5.054701e-07
-9.921875e-01, 1.504542e-07, 5.255757e-07
-9.765625e-01, 2.262725e-07, 5.680444e-07
-9.609375e-01, 3.026281e-07, 6.136951e-07
-9.453125e-01, 3.799353e-07, 6.627448e-07
-9.296875e-01, 4.585761e-07, 7.154237e-07
-9.140625e-01, 5.389713e-07, 7.719757e-07
-8.984375e-01, 6.215124e-07, 8.326592e-07
-8.828125e-01, 7.066312e-07, 8.977475e-07
-8.671875e-01, 7.947334e-07, 9.675300e-07
-8.515625e-01, 8.862664e-07, 1.042313e-06
-8.359375e-01, 9.816548e-07, 1.122419e-06
-8.203125e-01, 1.081366e-06, 1.208190e-06
-8.046875e-01, 1.185848e-06, 1.299986e-06
-7.890625e-01, 1.295593e-06, 1.398187e-06
-7.734375e-01, 1.411077e-06, 1.503196e-06
-7.578125e-01, 1.532823e-06, 1.615433e-06
-7.421875e-01, 1.661340e-06, 1.735345e-06
-7.265625e-01, 1.797183e-06, 1.863399e-06
-7.109375e-01, 1.940901e-06, 2.000088e-06
-6.953125e-01, 2.093089e-06, 2.145932e-06
-6.796875e-01, 2.254338e-06, 2.301473e-06
-6.640625e-01, 2.425286e-06, 2.467284e-06
-6.484375e-01, 2.606573e-06, 2.643966e-06
-6.328125e-01, 2.798887e-06, 2.832147e-06
-6.171875e-01, 3.002922e-06, 3.032488e-06
-6.015625e-01, 3.219417e-06, 3.245680e-06
-5.859375e-01, 3.449126e-06, 3.472446e-06
-5.703125e-01, 3.692849e-06, 3.713546e-06
-5.546875e-01, 3.951400e-06, 3.969769e-06
-5.390625e-01, 4.225644e-06, 4.241946e-06
-5.234375e-01, 4.516466e-06, 4.530940e-06
-5.078125e-01, 4.824797e-06, 4.837653e-06
-4.921875e-01, 5.151597e-06, 5.163028e-06
-4.765625e-01, 5.497872e-06, 5.508047e-06
-4.609375e-01, 5.864657e-06, 5.873730e-06
-4.453125e-01, 6.253039e-06, 6.261145e-06
-4.296875e-01, 6.664137e-06, 6.671397e-06
-4.140625e-01, 7.099118e-06, 7.105639e-06
-3.984375e-01, 7.559190e-06, 7.565067e-06
-3.828125e-01, 8.045608e-06, 8.050924e-06
-3.671875e-01, 8.559670e-06, 8.564501e-06
-3.515625e-01, 9.102724e-06, 9.107132e-06
-3.359375e-01, 9.676161e-06, 9.680205e-06
-3.203125e-01, 1.028143e-05, 1.028515e-05
-3.046875e-01, 1.092001e-05, 1.092346e-05
-2.890625e-01, 1.159345e-05, 1.159667e-05
-2.734375e-01, 1.230333e-05, 1.230635e-05
-2.578125e-01, 1.305131e-05, 1.305416e-05
-2.421875e-01, 1.383908e-05, 1.384177e-05
-2.265625e-01, 1.466838e-05, 1.467093e-05
-2.109375e-01, 1.554100e-05, 1.554344e-05
-1.953125e-01, 1.645880e-05, 1.646114e-05
-1.796875e-01, 1.742368e-05, 1.742593e-05
-1.640625e-01, 1.843760e-05, 1.843976e-05
-1.484375e-01, 1.950256e-05, 1.950465e-05
-1.328125e-01, 2.062061e-05, 2.062263e-05
-1.171875e-01, 2.179388e-05, 2.179583e-05
-1.015625e-01, 2.302452e-05, 2.302640e-05
-8.593750e-02, 2.431473e-05, 2.431655e-05
-7.031250e-02, 2.566679e-05, 2.566854e-05
-5.468750e-02, 2.708300e-05, 2.708468e-05
-3.906250e-02, 2.856572e-05, 2.856733e-05
-2.343750e-02, 3.011734e-05, 3.011888e-05
-7.812500e-03, 3.174032e-05, 3.174179e-05
7.812500e-03, 3.343714e-05, 3.343853e-05
2.343750e-02, 3.521034e-05, 3.521164e-05
3.906250e-02, 3.706249e-05, 3.706370e-05
5.468750e-02, 3.899618e-05, 3.899730e-05
7.031250e-02, 4.101407e-05, 4.101508e-05
8.593750e-02, 4.311882e-05, 4.311973e-05
1.015625e-01, 4.531313e-05, 4.531393e-05
1.171875e-01, 4.759974e-05, 4.760041e-05
1.328125e-01, 4.998139e-05, 4.998193e-05
1.484375e-01, 5.246085e-05, 5.246126e-05
1.640625e-01, 5.504090e-05, 5.504117e-05
1.796875e-01, 5.772434e-05, 5.772447e-05
1.953125e-01, 6.051399e-05, 6.051395e-05
2.109375e-01, 6.341263e-05, 6.341244e-05
2.265625e-01, 6.642308e-05, 6.642272e-05
2.421875e-01, 6.954815e-05, 6.954761e-05
2.578125e-01, 7.279061e-05, 7.278988e-05
2.734375e-01, 7.615324e-05, 7.615233e-05
2.890625e-01, 7.963880e-05, 7.963769e-05
3.046875e-01, 8.325001e-05, 8.324870e-05
3.203125e-01, 8.698957e-05, 8.698804e-05
3.359375e-01, 9.086012e-05, 9.085838e-05
3.515625e-01, 9.486427e-05, 9.486231e-05
3.671875e-01, 9.900460e-05, 9.900240e-05
3.828125e-01, 1.032836e-04, 1.032812e-04
3.984375e-01, 1.077037e-04, 1.077010e-04
4.140625e-01, 1.122672e-04, 1.122643e-04
4.296875e-01, 1.169765e-04, 1.169734e-04
4.453125e-01, 1.218338e-04, 1.218304e-04
4.609375e-01, 1.268411e-04, 1.268375e-04
4.765625e-01, 1.320005e-04, 1.319966e-04
4.921875e-01, 1.373139e-04, 1.373098e-04
5.078125e-01, 1.427831e-04, 1.427786e-04
5.234375e-01, 1.484097e-04, 1.484050e-04
5.390625e-01, 1.541952e-04, 1.541903e-04
5.546875e-01, 1.601411e-04, 1.601359e-04
5.703125e-01, 1.662487e-04, 1.662432e-04
5.859375e-01, 1.725189e-04, 1.725132e-04
6.015625e-01, 1.789528e-04, 1.789468e-04
6.171875e-01, 1.855512e-04, 1.855449e-04
6.328125e-01, 1.923146e-04, 1.923081e-04
6.484375e-01, 1.992434e-04, 1.992366e-04
6.640625e-01, 2.063379e-04, 2.063309e-04
6.796875e-01, 2.135980e-04, 2.135908e-04
6.953125e-01, 2.210237e-04, 2.210162e-04
7.109375e-01, 2.286145e-04, 2.286068e-04
7.265625e-01, 2.363697e-04, 2.363618e-04
7.421875e-01, 2.442887e-04, 2.442806e-04
7.578125e-01, 2.523702e-04, 2.523619e-04
7.734375e-01, 2.606131e-04, 2.606046e-04
7.890625e-01, 2.690156e-04, 2.690070e-04
8.046875e-01, 2.775762e-04, 2.775673e-04
8.203125e-01, 2.862926e-04, 2.862836e-04
8.359375e-01, 2.951626e-04, 2.951535e-04
8.515625e-01, 3.041837e-04, 3.041745e-04
8.671875e-01, 3.133529e-04, 3.133436e-04
8.828125e-01, 3.226673e-04, 3.226578e-04
8.984375e-01, 3.321233e-04, 3.321138e-04
9.140625e-01, 3.417174e-04, 3.417079e-04
9.296875e-01, 3.514456e-04, 3.514361e-04
9.453125e-01, 3.613038e-04, 3.612942e-04
9.609375e-01, 3.712873e-04, 3.712778e-04
9.765625e-01, 3.813916e-04, 3.813820e-04
9.921875e-01, 3.916114e-04, 3.916019e-04
1.007813e+00, 4.019416e-04, 4.019321e-04
1.023438e+00, 4.123764e-04, 4.123671e-04
1.039063e+00, 4.229100e-04, 4.229008e-04
1.054688e+00, 4.335363e-04, 4.335272e-04
1.070313e+00, 4.442488e-04, 4.442399e-04
1.085938e+00, 4.550409e-04, 4.550321e-04
1.101563e+00, 4.659055e-04, 4.658969e-04
1.117188e+00, 4.768355e-04, 4.768271e-04
1.132813e+00, 4.878233e-04, 4.878152e-04
1.148438e+00, 4.988614e-04, 4.988535e-04
1.164063e+00, 5.099418e-04, 5.099342e-04
1.179688e+00, 5.210562e-04, 5.210489e-04
1.195313e+00, 5.321963e-04, 5.321893e-04
1.210938e+00, 5.433535e-04, 5.433468e-04
1.226563e+00, 5.545189e-04, 5.545126e-04
1.242188e+00, 5.656836e-04, 5.656777e-04
1.257813e+00, 5.768383e-04, 5.768329e-04
1.273438e+00, 5.879738e-04, 5.879688e-04
1.289063e+00, 5.990804e-04, 5.990759e-04
1.304688e+00, 6.101486e-04, 6.101445e-04
1.320313e+00, 6.211685e-04, 6.211649e-04
1.335938e+00, 6.321302e-04, 6.321271e-04
1.351563e+00, 6.430237e-04, 6.430211e-04
1.367188e+00, 6.538388e-04, 6.538368e-04
1.382813e+00, 6.645655e-04, 6.645639e-04
1.398438e+00, 6.751934e-04, 6.751924e-04
1.414063e+00, 6.857122e-04, 6.857118e-04
1.429688e+00, 6.961116e-04, 6.961118e-04
1.445313e+00, 7.063814e-04, 7.063821e-04
1.460938e+00, 7.165111e-04, 7.165124e-04
1.476563e+00, 7.264904e-04, 7.264923e-04
1.492188e+00, 7.363091e-04, 7.363117e-04
1.507813e+00, 7.459570e-04, 7.459602e-04
1.523438e+00, 7.554240e-04, 7.554277e-04
1.539063e+00, 7.646999e-04, 7.647042e-04
1.554688e+00, 7.737749e-04, 7.737798e-04
1.570313e+00, 7.826391e-04, 7.826446e-04
1.585938e+00, 7.912829e-04, 7.912890e-04
1.601563e+00, 7.996967e-04, 7.997034e-04
1.617188e+00, 8.078713e-04, 8.078786e-04
1.632813e+00, 8.157976e-04, 8.158054e-04
1.648438e+00, 8.234665e-04, 8.234749e-04
1.664063e+00, 8.308694e-04, 8.308784e-04
1.679688e+00, 8.379979e-04, 8.380074e-04
1.695313e+00, 8.448438e-04, 8.448539e-04
1.710938e+00, 8.513992e-04, 8.514098e-04
1.726563e+00, 8.576565e-04, 8.576675e-04
1.742188e+00, 8.636084e-04, 8.636199e-04
1.757813e+00, 8.692479e-04, 8.692598e-04
1.773438e+00, 8.745684e-04, 8.745807e-04
1.789063e+00, 8.795635e-04, 8.795763e-04
1.804688e+00, 8.842274e-04, 8.842406e-04
1.820313e+00, 8.885545e-04, 8.885680e-04
1.835938e+00, 8.925396e-04, 8.925534e-04
1.851563e+00, 8.961779e-04, 8.961920e-04
1.867188e+00, 8.994651e-04, 8.994795e-04
1.882813e+00, 9.023971e-04, 9.024117e-04
1.898438e+00, 9.049705e-04, 9.049853e-04
1.914063e+00, 9.071821e-04, 9.071971e-04
1.929688e+00, 9.090292e-04, 9.090444e-04
1.945313e+00, 9.105096e-04, 9.105249e-04
1.960938e+00, 9.116215e-04, 9.116369e-04
1.976563e+00, 9.123635e-04, 9.123790e-04
1.992188e+00, 9.127347e-04, 9.127502e-04
2.007813e+00, 9.127347e-04, 9.127502e-04
2.023438e+00, 9.123635e-04, 9.123790e-04
2.039063e+00, 9.116215e-04, 9.116369e-04
2.054688e+00, 9.105096e-04, 9.105249e-04
2.070313e+00, 9.090292e-04, 9.090444e-04
2.085938e+00, 9.071821e-04, 9.071971e-04
2.101563e+00, 9.049705e-04, 9.049853e-04
2.117188e+00, 9.023971e-04, 9.024117e-04
2.132813e+00, 8.994651e-04, 8.994795e-04
2.148438e+00, 8.961779e-04, 8.961920e-04
2.164063e+00, 8.925396e-04, 8.925534e-04
2.179688e+00, 8.885545e-04, 8.885680e-04
2.195313e+00, 8.842274e-04, 8.842406e-04
2.210938e+00, 8.795635e-04, 8.795763e-04
2.226563e+00, 8.745684e-04, 8.745807e-04
2.242188e+00, 8.692479e-04, 8.692598e-04
2.257813e+00, 8.636084e-04, 8.636199e-04
2.273438e+00, 8.576565e-04, 8.576675e-04
2.289063e+00, 8.513992e-04, 8.514098e-04
2.304688e+00, 8.448438e-04, 8.448539e-04
2.320313e+00, 8.379979e-04, 8.380074e-04
2.335938e+00, 8.308694e-04, 8.308784e-04
2.351563e+00, 8.234665e-04, 8.234749e-04
2.367188e+00, 8.157976e-04, 8.158054e-04
2.382813e+00, 8.078713e-04, 8.078786e-04
2.398438e+00, 7.996967e-04, 7.997034e-04
2.414063e+00, 7.912829e-04, 7.912890e-04
2.429688e+00, 7.826391e-04, 7.826446e-04
2.445313e+00, 7.737749e-04, 7.737798e-04
2.460938e+00, 7.646999e-04, 7.647042e-04
2.476563e+00, 7.554240e-04, 7.554277e-04
2.492188e+00, 7.459570e-04, 7.459602e-04
2.507813e+00, 7.363091e-04, 7.363117e-04
2.523438e+00, 7.264904e-04, 7.264923e-04
2.539063e+00, 7.165111e-04, 7.165124e-04
2.554688e+00, 7.063814e-04, 7.063821e-04
2.570313e+00, 6.961116e-04, 6.961118e-04
2.585938e+00, 6.857122e-04, 6.857118e-04
2.601563e+00, 6.751934e-04, 6.751924e-04
2.617188e+00, 6.645655e-04, 6.645639e-04
2.632813e+00, 6.538388e-04, 6.538368e-04
2.648438e+00, 6.430237e-04, 6.430211e-04
2.664063e+00, 6.321302e-04, 6.321271e-04
2.679688e+00, 6.211685e-04, 6.211649e-04
2.695313e+00, 6.101486e-04, 6.101445e-04
2.710938e+00, 5.990804e-04, 5.990759e-04
2.726563e+00, 5.879738e-04, 5.879688e-04
2.742188e+00, 5.768383e-04, 5.768329e-04
2.757813e+00, 5.656836e-04, 5.656777e-04
2.773438e+00, 5.545189e-04, 5.545126e-04
2.789063e+00, 5.433535e-04, 5.433468e-04
2.804688e+00, 5.321963e-04, 5.321893e-04
2.820313e+00, 5.210562e-04, 5.210489e-04
2.835938e+00, 5.099418e-04, 5.099342e-04
2.851563e+00, 4.988614e-04, 4.988535e-04
2.867188e+00, 4.878233e-04, 4.878152e-04
2.882813e+00, 4.768355e-04, 4.768271e-04
2.898438e+00, 4.659055e-04, 4.658969e-04
2.914063e+00, 4.550409e-04, 4.550321e-04
2.929688e+00, 4.442488e-04, 4.442399e-04
2.945313e+00, 4.335363e-04, 4.335272e-04
2.960938e+00, 4.229100e-04, 4.229008e-04
2.976563e+00, 4.123764e-04, 4.123671e-04
2.992188e+00, 4.019416e-04, 4.019321e-04
3.007813e+00, 3.916114e-04, 3.916019e-04
3.023438e+00, 3.813916e-04, 3.813820e-04
3.039063e+00, 3.712873e-04, 3.712778e-04
3.054688e+00, 3.613038e-04, 3.612942e-04
3.070313e+00, 3.514456e-04, 3.514361e-04
3.085938e+00, 3.417174e-04, 3.417079e-04
3.101563e+00, 3.321233e-04, 3.321138e-04
3.117188e+00, 3.226673e-04, 3.226578e-04
3.132813e+00, 3.133529e-04, 3.133436e-04
3.148438e+00, 3.041837e-04, 3.041745e-04
3.164063e+00, 2.951626e-04, 2.951535e-04
3.179688e+00, 2.862926e-04, 2.862836e-04
3.195313e+00, 2.775762e-04, 2.775673e-04
3.210938e+00, 2.690156e-04, 2.690070e-04
3.226563e+00, 2.606131e-04, 2.606046e-04
3.242188e+00, 2.523702e-04, 2.523619e-04
3.257813e+00, 2.442887e-04, 2.442806e-04
3.273438e+00, 2.363697e-04, 2.363618e-04
3.289063e+00, 2.286145e-04, 2.286068e-04
3.304688e+00, 2.210237e-04, 2.210162e-04
3.320313e+00, 2.135980e-04, 2.135908e-04
3.335938e+00, 2.063379e-04, 2.063309e-04
3.351563e+00, 1.992434e-04, 1.992366e-04
3.367188e+00, 1.923146e-04, 1.923081e-04
3.382813e+00, 1.855512e-04, 1.855449e-04
3.398438e+00, 1.789528e-04, 1.789468e-04
3.414063e+00, 1.725189e-04, 1.725132e-04
3.429688e+00, 1.662487e-04, 1.662432e-04
3.445313e+00, 1.601411e-04, 1.601359e-04
3.460938e+00, 1.541952e-04, 1.541903e-04
3.476563e+00, 1.484097e-04, 1.484050e-04
3.492188e+00, 1.427831e-04, 1.427786e-04
3.507813e+00, 1.373139e-04, 1.373098e-04
3.523438e+00, 1.320005e-04, 1.319966e-04
3.539063e+00, 1.268411e-04, 1.268375e-04
3.554688e+00, 1.218338e-04, 1.218304e-04
3.570313e+00, 1.169765e-04, 1.169734e-04
3.585938e+00, 1.122672e-04, 1.122643e-04
3.601563e+00, 1.077037e-04, 1.077010e-04
3.617188e+00, 1.032836e-04, 1.032812e-04
3.632813e+00, 9.900460e-05, 9.900240e-05
3.648438e+00, 9.486427e-05, 9.486231e-05
3.664063e+00, 9.086012e-05, 9.085838e-05
3.679688e+00, 8.698957e-05, 8.698804e-05
3.695313e+00, 8.325001e-05, 8.324870e-05
3.710938e+00, 7.963880e-05, 7.963769e-05
3.726563e+00, 7.615324e-05, 7.615233e-05
3.742188e+00, 7.279061e-05, 7.278988e-05
3.757813e+00, 6.954815e-05, 6.954761e-05
3.773438e+00, 6.642308e-05, 6.642272e-05
3.789063e+00, 6.341263e-05, 6.341244e-05
3.804688e+00, 6.051399e-05, 6.051395e-05
3.820313e+00, 5.772434e-05, 5.772447e-05
3.835938e+00, 5.504090e-05, 5.504117e-05
3.851563e+00, 5.246085e-05, 5.246126e-05
3.867188e+00, 4.998139e-05, 4.998193e-05
3.882813e+00, 4.759974e-05, 4.760041e-05
3.898438e+00, 4.531313e-05, 4.531393e-05
3.914063e+00, 4.311882e-05, 4.311973e-05
3.929688e+00, 4.101407e-05, 4.101508e-05
3.945313e+00, 3.899618e-05, 3.899730e-05
3.960938e+00, 3.706249e-05, 3.706370e-05
3.976563e+00, 3.521034e-05, 3.521164e-05
3.992188e+00, 3.343714e-05, 3.343853e-05
4.007813e+00, 3.174032e-05, 3.174179e-05
4.023438e+00, 3.011734e-05, 3.011888e-05
4.039063e+00, 2.856572e-05, 2.856733e-05
4.054688e+00, 2.708300e-05, 2.708468e-05
4.070313e+00, 2.566679e-05, 2.566854e-05
4.085938e+00, 2.431473e-05, 2.431655e-05
4.101563e+00, 2.302452e-05, 2.302640e-05
4.117188e+00, 2.179388e-05, 2.179583e-05
4.132813e+00, 2.062061e-05, 2.062263e-05
4.148438e+00, 1.950256e-05, 1.950465e-05
4.164063e+00, 1.843760e-05, 1.843976e-05
4.179688e+00, 1.742368e-05, 1.742593e-05
4.195313e+00, 1.645880e-05, 1.646114e-05
4.210938e+00, 1.554100e-05, 1.554344e-05
4.226563e+00, 1.466838e-05, 1.467093e-05
4.242188e+00, 1.383908e-05, 1.384177e-05
4.257813e+00, 1.305131e-05, 1.305416e-05
4.273438e+00, 1.230333e-05, 1.230635e-05
4.289063e+00, 1.159345e-05, 1.159667e-05
4.304688e+00, 1.092001e-05, 1.092346e-05
4.320313e+00, 1.028143e-05, 1.028515e-05
4.335938e+00, 9.676161e-06, 9.680205e-06
4.351563e+00, 9.102724e-06, 9.107132e-06
4.367188e+00, 8.559670e-06, 8.564501e-06
4.382813e+00, 8.045608e-06, 8.050924e-06
4.398438e+00, 7.559190e-06, 7.565067e-06
4.414063e+00, 7.099118e-06, 7.105639e-06
4.429688e+00, 6.664137e-06, 6.671397e-06
4.445313e+00, 6.253039e-06, 6.261145e-06
4.460938e+00, 5.864657e-06, 5.873730e-06
4.476563e+00, 5.497872e-06, 5.508047e-06
4.492188e+00, 5.151597e-06, 5.163028e-06
4.507813e+00, 4.824797e-06, 4.837653e-06
4.523438e+00, 4.516466e-06, 4.530940e-06
4.539063e+00, 4.225644e-06, 4.241946e-06
4.554688e+00, 3.951400e-06, 3.969769e-06
4.570313e+00, 3.692849e-06, 3.713546e-06
4.585938e+00, 3.449126e-06, 3.472446e-06
4.601563e+00, 3.219417e-06, 3.245680e-06
4.617188e+00, 3.002922e-06, 3.032488e-06
4.632813e+00, 2.798887e-06, 2.832147e-06
4.648438e+00, 2.606573e-06, 2.643966e-06
4.664063e+00, 2.425286e-06, 2.467284e-06
4.679688e+00, 2.254338e-06, 2.301473e-06
4.695313e+00, 2.093089e-06, 2.145932e-06
4.710938e+00, 1.940901e-06, 2.000088e-06
4.726563e+00, 1.797183e-06, 1.863399e-06
4.742188e+00, 1.661340e-06, 1.735345e-06
4.757813e+00, 1.532823e-06, 1.615433e-06
4.773438e+00, 1.411077e-06, 1.503196e-06
4.789063e+00, 1.295593e-06, 1.398187e-06
4.804688e+00, 1.185848e-06, 1.299986e-06
4.820313e+00, 1.081366e-06, 1.208190e-06
4.835938e+00, 9.816548e-07, 1.122419e-06
4.851563e+00, 8.862664e-07, 1.042313e-06
4.867188e+00, 7.947334e-07, 9.675300e-07
4.882813e+00, 7.066312e-07, 8.977475e-07
4.898438e+00, 6.215124e-07, 8.326592e-07
4.914063e+00, 5.389713e-07, 7.719757e-07
4.929688e+00, 4.585761e-07, 7.154237e-07
4.945313e+00, 3.799353e-07, 6.627448e-07
4.960938e+00, 3.026281e-07, 6.136951e-07
4.976563e+00, 2.262725e-07, 5.680444e-07
4.992188e+00, 1.504542e-07, 5.255757e-07
5.000000e+00, 1.126481e-07, 5.054701e-07


#At time: 7.507324e+01, nsteps= 615


-1.000000e+00, 1.082254e-07, 8.649733e-07
-9.921875e-01, 1.692584e-07, 8.966820e-07
-9.765625e-01, 2.915738e-07, 9.633578e-07
-9.609375e-01, 4.146266e-07, 1.034603e-06
-9.453125e-01, 5.389180e-07, 1.110700e-06
-9.296875e-01, 6.649812e-07, 1.191946e-06
-9.140625e-01, 7.933249e-07, 1.278655e-06
-8.984375e-01, 9.244915e-07, 1.371157e-06
-8.828125e-01, 1.059002e-06, 1.469799e-06
-8.671875e-01, 1.197412e-06, 1.574945e-06
-8.515625e-01, 1.340261e-06, 1.686980e-06
-8.359375e-01, 1.488122e-06, 1.806306e-06
-8.203125e-01, 1.641555e-06, 1.933347e-06
-8.046875e-01, 1.801159e-06, 2.068545e-06
-7.890625e-01, 1.967519e-06, 2.212367e-06
-7.734375e-01, 2.141261e-06, 2.365300e-06
-7.578125e-01, 2.323002e-06, 2.527855e-06
-7.421875e-01, 2.513401e-06, 2.700568e-06
-7.265625e-01, 2.713110e-06, 2.883997e-06
-7.109375e-01, 2.922825e-06, 3.078730e-06
-6.953125e-01, 3.143239e-06, 3.285377e-06
-6.796875e-01, 3.375089e-06, 3.504579e-06
-6.640625e-01, 3.619114e-06, 3.737002e-06
-6.484375e-01, 3.876097e-06, 3.983343e-06
-6.328125e-01, 4.146826e-06, 4.244329e-06
-6.171875e-01, 4.432134e-06, 4.520716e-06
-6.015625e-01, 4.732864e-06, 4.813294e-06
-5.859375e-01, 5.049904e-06, 5.122883e-06
-5.703125e-01, 5.384154e-06, 5.450337e-06
-5.546875e-01, 5.736562e-06, 5.796546e-06
-5.390625e-01, 6.108090e-06, 6.162431e-06
-5.234375e-01, 6.499749e-06, 6.548952e-06
-5.078125e-01, 6.912569e-06, 6.957103e-06
-4.921875e-01, 7.347625e-06, 7.387916e-06
-4.765625e-01, 7.806017e-06, 7.842462e-06
-4.609375e-01, 8.288893e-06, 8.321849e-06
-4.453125e-01, 8.797425e-06, 8.827223e-06
-4.296875e-01, 9.332834e-06, 9.359773e-06
-4.140625e-01, 9.896369e-06, 9.920726e-06
-3.984375e-01, 1.048933e-05, 1.051135e-05
-3.828125e-01, 1.111304e-05, 1.113295e-05
-3.671875e-01, 1.176887e-05, 1.178689e-05
-3.515625e-01, 1.245824e-05, 1.247456e-05
-3.359375e-01, 1.318261e-05, 1.319738e-05
-3.203125e-01, 1.394346e-05, 1.395685e-05
-3.046875e-01, 1.474234e-05, 1.475448e-05
-2.890625e-01, 1.558082e-05, 1.559184e-05
-2.734375e-01, 1.646053e-05, 1.647054e-05
-2.578125e-01, 1.738312e-05, 1.739222e-05
-2.421875e-01, 1.835030e-05, 1.835859e-05
-2.265625e-01, 1.936381e-05, 1.937137e-05
-2.109375e-01, 2.042546e-05, 2.043235e-05
-1.953125e-01, 2.153706e-05, 2.154335e-05
-1.796875e-01, 2.270048e-05, 2.270624e-05
-1.640625e-01, 2.391764e-05, 2.392291e-05
-1.484375e-01, 2.519048e-05, 2.519530e-05
-1.328125e-01, 2.652100e-05, 2.652542e-05
-1.171875e-01, 2.791122e-05, 2.791526e-05
-1.015625e-01, 2.936320e-05, 2.936690e-05
-8.593750e-02, 3.087905e-05, 3.088243e-05
-7.031250e-02, 3.246090e-05, 3.246398e-05
-5.468750e-02, 3.411090e-05, 3.411371e-05
-3.906250e-02, 3.583127e-05, 3.583381e-05
-2.343750e-02, 3.762423e-05, 3.762652e-05
-7.812500e-03, 3.949202e-05, 3.949408e-05
7.812500e-03, 4.143695e-05, 4.143876e-05
2.343750e-02, 4.346129e-05, 4.346288e-05
3.906250e-02, 4.556739e-05, 4.556876e-05
5.468750e-02, 4.775759e-05, 4.775873e-05
7.031250e-02, 5.003423e-05, 5.003516e-05
8.593750e-02, 5.239970e-05, 5.240041e-05
1.015625e-01, 5.485638e-05, 5.485687e-05
1.171875e-01, 5.740666e-05, 5.740693e-05
1.328125e-01, 6.005292e-05, 6.005296e-05
1.484375e-01, 6.279757e-05, 6.279738e-05
1.640625e-01, 6.564298e-05, 6.564256e-05
1.796875e-01, 6.859154e-05, 6.859089e-05
1.953125e-01, 7.164562e-05, 7.164473e-05
2.109375e-01, 7.480758e-05, 7.480644e-05
2.265625e-01, 7.807974e-05, 7.807835e-05
2.421875e-01, 8.146442e-05, 8.146278e-05
2.578125e-01, 8.496390e-05, 8.496199e-05
2.734375e-01, 8.858043e-05, 8.857825e-05
2.890625e-01, 9.231620e-05, 9.231375e-05
3.046875e-01, 9.617340e-05, 9.617067e-05
3.203125e-01, 1.001541e-04, 1.001511e-04
3.359375e-01, 1.042604e-04, 1.042571e-04
3.515625e-01, 1.084944e-04, 1.084908e-04
3.671875e-01, 1.128578e-04, 1.128539e-04
3.828125e-01, 1.173527e-04, 1.173485e-04
3.984375e-01, 1.219807e-04, 1.219762e-04
4.140625e-01, 1.267437e-04, 1.267389e-04
4.296875e-01, 1.316431e-04, 1.316380e-04
4.453125e-01, 1.366807e-04, 1.366753e-04
4.609375e-01, 1.418577e-04, 1.418519e-04
4.765625e-01, 1.471754e-04, 1.471694e-04
4.921875e-01, 1.526352e-04, 1.526289e-04
5.078125e-01, 1.582381e-04, 1.582315e-04
5.234375e-01, 1.639851e-04, 1.639781e-04
5.390625e-01, 1.698770e-04, 1.698697e-04
5.546875e-01, 1.759144e-04, 1.759069e-04
5.703125e-01, 1.820981e-04, 1.820902e-04
5.859375e-01, 1.884283e-04, 1.884201e-04
6.015625e-01, 1.949053e-04, 1.948969e-04
6.171875e-01, 2.015293e-04, 2.015206e-04
6.328125e-01, 2.083002e-04, 2.082912e-04
6.484375e-01, 2.152177e-04, 2.152084e-04
6.640625e-01, 2.222814e-04, 2.222719e-04
6.796875e-01, 2.294908e-04, 2.294810e-04
6.953125e-01, 2.368450e-04, 2.368350e-04
7.109375e-01, 2.443431e-04, 2.443329e-04
7.265625e-01, 2.519839e-04, 2.519735e-04
7.421875e-01, 2.597661e-04, 2.597555e-04
7.578125e-01, 2.676881e-04, 2.676772e-04
7.734375e-01, 2.757481e-04, 2.757371e-04
7.890625e-01, 2.839441e-04, 2.839329e-04
8.046875e-01, 2.922739e-04, 2.922626e-04
8.203125e-01, 3.007352e-04, 3.007237e-04
8.359375e-01, 3.093252e-04, 3.093136e-04
8.515625e-01, 3.180411e-04, 3.180294e-04
8.671875e-01, 3.268798e-04, 3.268681e-04
8.828125e-01, 3.358379e-04, 3.358262e-04
8.984375e-01, 3.449121e-04, 3.449003e-04
9.140625e-01, 3.540984e-04, 3.540866e-04
9.296875e-01, 3.633929e-04, 3.633811e-04
9.453125e-01, 3.727913e-04, 3.727796e-04
9.609375e-01, 3.822892e-04, 3.822776e-04
9.765625e-01, 3.918819e-04, 3.918703e-04
9.921875e-01, 4.015644e-04, 4.015530e-04
1.007813e+00, 4.113317e-04, 4.113205e-04
1.023438e+00, 4.211784e-04, 4.211673e-04
1.039063e+00, 4.310989e-04, 4.310880e-04
1.054688e+00, 4.410873e-04, 4.410766e-04
1.070313e+00, 4.511378e-04, 4.511273e-04
1.085938e+00, 4.612440e-04, 4.612338e-04
1.101563e+00, 4.713996e-04, 4.713897e-04
1.117188e+00, 4.815978e-04, 4.815882e-04
1.132813e+00, 4.918320e-04, 4.918227e-04
1.148438e+00, 5.020951e-04, 5.020862e-04
1.164063e+00, 5.123799e-04, 5.123714e-04
1.179688e+00, 5.226790e-04, 5.226709e-04
1.195313e+00, 5.329850e-04, 5.329773e-04
1.210938e+00, 5.432901e-04, 5.432829e-04
1.226563e+00, 5.535866e-04, 5.535799e-04
1.242188e+00, 5.638664e-04, 5.638602e-04
1.257813e+00, 5.741215e-04, 5.741158e-04
1.273438e+00, 5.843436e-04, 5.843385e-04
1.289063e+00, 5.945244e-04, 5.945199e-04
1.304688e+00, 6.046555e-04, 6.046516e-04
1.320313e+00, 6.147284e-04, 6.147250e-04
1.335938e+00, 6.247345e-04, 6.247317e-04
1.351563e+00, 6.346650e-04, 6.346629e-04
1.367188e+00, 6.445114e-04, 6.445099e-04
1.382813e+00, 6.542647e-04, 6.542639e-04
1.398438e+00, 6.639163e-04, 6.639162e-04
1.414063e+00, 6.734574e-04, 6.734579e-04
1.429688e+00, 6.828791e-04, 6.828803e-04
1.445313e+00, 6.921727e-04, 6.921746e-04
1.460938e+00, 7.013293e-04, 7.013320e-04
1.476563e+00, 7.103403e-04, 7.103437e-04
1.492188e+00, 7.191970e-04, 7.192010e-04
1.507813e+00, 7.278907e-04, 7.278955e-04
1.523438e+00, 7.364129e-04, 7.364184e-04
1.539063e+00, 7.447553e-04, 7.447614e-04
1.554688e+00, 7.529093e-04, 7.529162e-04
1.570313e+00, 7.608669e-04, 7.608745e-04
1.585938e+00, 7.686199e-04, 7.686282e-04
1.601563e+00, 7.761604e-04, 7.761693e-04
1.617188e+00, 7.834806e-04, 7.834903e-04
1.632813e+00, 7.905730e-04, 7.905833e-04
1.648438e+00, 7.974301e-04, 7.974410e-04
1.664063e+00, 8.040447e-04, 8.040563e-04
1.679688e+00, 8.104098e-04, 8.104220e-04
1.695313e+00, 8.165187e-04, 8.165315e-04
1.710938e+00, 8.223647e-04, 8.223781e-04
1.726563e+00, 8.279417e-04, 8.279556e-04
1.742188e+00, 8.332436e-04, 8.332580e-04
1.757813e+00, 8.382646e-04, 8.382795e-04
1.773438e+00, 8.429992e-04, 8.430146e-04
1.789063e+00, 8.474423e-04, 8.474582e-04
1.804688e+00, 8.515891e-04, 8.516054e-04
1.820313e+00, 8.554348e-04, 8.554516e-04
1.835938e+00, 8.589754e-04, 8.589925e-04
1.851563e+00, 8.622067e-04, 8.622242e-04
1.867188e+00, 8.651254e-04, 8.651431e-04
1.882813e+00, 8.677280e-04, 8.677460e-04
1.898438e+00, 8.700117e-04, 8.700300e-04
1.914063e+00, 8.719740e-04, 8.719925e-04
1.929688e+00, 8.736126e-04, 8.736313e-04
1.945313e+00, 8.749257e-04, 8.749445e-04
1.960938e+00, 8.759118e-04, 8.759307e-04
1.976563e+00, 8.765698e-04, 8.765888e-04
1.992188e+00, 8.768990e-04, 8.769180e-04
2.007813e+00, 8.768990e-04, 8.769180e-04
2.023438e+00, 8.765698e-04, 8.765888e-04
2.039063e+00, 8.759118e-04, 8.759307e-04
2.054688e+00, 8.749257e-04, 8.749445e-04
2.070313e+00, 8.736126e-04, 8.736313e-04
2.085938e+00, 8.719740e-04, 8.719925e-04
2.101563e+00, 8.700117e-04, 8.700300e-04
2.117188e+00, 8.677280e-04, 8.677460e-04
2.132813e+00, 8.651254e-04, 8.651431e-04
2.148438e+00, 8.622067e-04, 8.622242e-04
2.164063e+00, 8.589754e-04, 8.589925e-04
2.179688e+00, 8.554348e-04, 8.554516e-04
2.195313e+00, 8.515891e-04, 8.516054e-04
2.210938e+00, 8.474423e-04, 8.474582e-04
2.226563e+00, 8.429992e-04, 8.430146e-04
2.242188e+00, 8.382646e-04, 8.382795e-04
2.257813e+00, 8.332436e-04, 8.332580e-04
2.273438e+00, 8.279417e-04, 8.279556e-04
2.289063e+00, 8.223647e-04, 8.223781e-04
2.304688e+00, 8.165187e-04, 8.165315e-04
2.320313e+00, 8.104098e-04, 8.104220e-04
2.335938e+00, 8.040447e-04, 8.040563e-04
2.351563e+00, 7.974301e-04, 7.974410e-04
2.367188e+00, 7.905730e-04, 7.905833e-04
2.382813e+00, 7.834806e-04, 7.834903e-04
2.398438e+00, 7.761604e-04, 7.761693e-04
2.414063e+00, 7.686199e-04, 7.686282e-04
2.429688e+00, 7.608669e-04, 7.608745e-04
2.445313e+00, 7.529093e-04, 7.529162e-04
2.460938e+00, 7.447553e-04, 7.447614e-04
2.476563e+00, 7.364129e-04, 7.364184e-04
2.492188e+00, 7.278907e-04, 7.278955e-04
2.507813e+00, 7.191970e-04, 7.192010e-04
2.523438e+00, 7.103403e-04, 7.103437e-04
2.539063e+00, 7.013293e-04, 7.013320e-04
2.554688e+00, 6.921727e-04, 6.921746e-04
2.570313e+00, 6.828791e-04, 6.828803e-04
2.585938e+00, 6.734574e-04, 6.734579e-04
2.601563e+00, 6.639163e-04, 6.639162e-04
2.617188e+00, 6.542647e-04, 6.542639e-04
2.632813e+00, 6.445114e-04, 6.445099e-04
2.648438e+00, 6.346650e-04, 6.346629e-04
2.664063e+00, 6.247345e-04, 6.247317e-04
2.679688e+00, 6.147284e-04, 6.147250e-04
2.695313e+00, 6.046555e-04, 6.046516e-04
2.710938e+00, 5.945244e-04, 5.945199e-04
2.726563e+00, 5.843436e-04, 5.843385e-04
2.742188e+00, 5.741215e-04, 5.741158e-04
2.757813e+00, 5.638664e-04, 5.638602e-04
2.773438e+00, 5.535866e-04, 5.535799e-04
2.789063e+00, 5.432901e-04, 5.432829e-04
2.804688e+00, 5.329850e-04, 5.329773e-04
2.820313e+00, 5.226790e-04, 5.226709e-04
2.835938e+00, 5.123799e-04, 5.123714e-04
2.851563e+00, 5.020951e-04, 5.020862e-04
2.867188e+00, 4.918320e-04, 4.918227e-04
2.882813e+00, 4.815978e-04, 4.815882e-04
2.898438e+00, 4.713996e-04, 4.713897e-04
2.914063e+00, 4.612440e-04, 4.612338e-04
2.929688e+00, 4.511378e-04, 4.511273e-04
2.945313e+00, 4.410873e-04, 4.410766e-04
2.960938e+00, 4.310989e-04, 4.310880e-04
2.976563e+00, 4.211784e-04, 4.211673e-04
2.992188e+00, 4.113317e-04, 4.113205e-04
3.007813e+00, 4.015644e-04, 4.015530e-04
3.023438e+00, 3.918819e-04, 3.918703e-04
3.039063e+00, 3.822892e-04, 3.822776e-04
3.054688e+00, 3.727913e-04, 3.727796e-04
3.070313e+00, 3.633929e-04, 3.633811e-04
3.085938e+00, 3.540984e-04, 3.540866e-04
3.101563e+00, 3.449121e-04, 3.449003e-04
3.117188e+00, 3.358379e-04, 3.358262e-04
3.132813e+00, 3.268798e-04, 3.268681e-04
3.148438e+00, 3.180411e-04, 3.180294e-04
3.164063e+00, 3.093252e-04, 3.093136e-04
3.179688e+00, 3.007352e-04, 3.007237e-04
3.195313e+00, 2.922739e-04, 2.922626e-04
3.210938e+00, 2.839441e-04, 2.839329e-04
3.226563e+00, 2.757481e-04, 2.757371e-04
3.242188e+00, 2.676881e-04, 2.676772e-04
3.257813e+00, 2.597661e-04, 2.597555e-04
3.273438e+00, 2.519839e-04, 2.519735e-04
3.289063e+00, 2.443431e-04, 2.443329e-04
3.304688e+00, 2.368450e-04, 2.368350e-04
3.320313e+00, 2.294908e-04, 2.294810e-04
3.335938e+00, 2.222814e-04, 2.222719e-04
3.351563e+00, 2.152177e-04, 2.152084e-04
3.367188e+00, 2.083002e-04, 2.082912e-04
3.382813e+00, 2.015293e-04, 2.015206e-04
3.398438e+00, 1.949053e-04, 1.948969e-04
3.414063e+00, 1.884283e-04, 1.884201e-04
3.429688e+00, 1.820981e-04, 1.820902e-04
3.445313e+00, 1.759144e-04, 1.759069e-04
3.460938e+00, 1.698770e-04, 1.698697e-04
3.476563e+00, 1.639851e-04, 1.639781e-04
3.492188e+00, 1.582381e-04, 1.582315e-04
3.507813e+00, 1.526352e-04, 1.526289e-04
3.523438e+00, 1.471754e-04, 1.471694e-04
3.539063e+00, 1.418577e-04, 1.418519e-04
3.554688e+00, 1.366807e-04, 1.366753e-04
3.570313e+00, 1.316431e-04, 1.316380e-04
3.585938e+00, 1.267437e-04, 1.267389e-04
3.601563e+00, 1.219807e-04, 1.219762e-04
3.617188e+00, 1.173527e-04, 1.173485e-04
3.632813e+00, 1.128578e-04, 1.128539e-04
3.648438e+00, 1.084944e-04, 1.084908e-04
3.664063e+00, 1.042604e-04, 1.042571e-04
3.679688e+00, 1.001541e-04, 1.001511e-04
3.695313e+00, 9.617340e-05, 9.617067e-05
3.710938e+00, 9.231620e-05, 9.231375e-05
3.726563e+00, 8.858043e-05, 8.857825e-05
3.742188e+00, 8.496390e-05, 8.496199e-05
3.757813e+00, 8.146442e-05, 8.146278e-05
3.773438e+00, 7.807974e-05, 7.807835e-05
3.789063e+00, 7.480758e-05, 7.480644e-05
3.804688e+00, 7.164562e-05, 7.164473e-05
3.820313e+00, 6.859154e-05, 6.859089e-05
3.835938e+00, 6.564298e-05, 6.564256e-05
3.851563e+00, 6.279757e-05, 6.279738e-05
3.867188e+00, 6.005292e-05, 6.005296e-05
3.882813e+00, 5.740666e-05, 5.740693e-05
3.898438e+00, 5.485638e-05, 5.485687e-05
3.914063e+00, 5.239970e-05, 5.240041e-05
3.929688e+00, 5.003423e-05, 5.003516e-05
3.945313e+00, 4.775759e-05, 4.775873e-05
3.960938e+00, 4.556739e-05, 4.556876e-05
3.976563e+00, 4.346129e-05, 4.346288e-05
3.992188e+00, 4.143695e-05, 4.143876e-05
4.007813e+00, 3.949202e-05, 3.949408e-05
4.023438e+00, 3.762423e-05, 3.762652e-05
4.039063e+00, 3.583127e-05, 3.583381e-05
4.054688e+00, 3.411090e-05, 3.411371e-05
4.070313e+00, 3.246090e-05, 3.246398e-05
4.085938e+00, 3.087905e-05, 3.088243e-05
4.101563e+00, 2.936320e-05, 2.936690e-05
4.117188e+00, 2.791122e-05, 2.791526e-05
4.132813e+00, 2.652100e-05, 2.652542e-05
4.148438e+00, 2.519048e-05, 2.519530e-05
4.164063e+00, 2.391764e-05, 2.392291e-05
4.179688e+00, 2.270048e-05, 2.270624e-05
4.195313e+00, 2.153706e-05, 2.154335e-05
4.210938e+00, 2.042546e-05, 2.043235e-05
4.226563e+00, 1.936381e-05, 1.937137e-05
4.242188e+00, 1.835030e-05, 1.835859e-05
4.257813e+00, 1.738312e-05, 1.739222e-05
4.273438e+00, 1.646053e-05, 1.647054e-05
4.289063e+00, 1.558082e-05, 1.559184e-05
4.304688e+00, 1.474234e-05, 1.475448e-05
4.320313e+00, 1.394346e-05, 1.395685e-05
4.335938e+00, 1.318261e-05, 1.319738e-05
4.351563e+00, 1.245824e-05, 1.247456e-05
4.367188e+00, 1.176887e-05, 1.178689e-05
4.382813e+00, 1.111304e-05, 1.113295e-05
4.398438e+00, 1.048933e-05, 1.051135e-05
4.414063e+00, 9.896369e-06, 9.920726e-06
4.429688e+00, 9.332834e-06, 9.359773e-06
4.445313e+00, 8.797425e-06, 8.827223e-06
4.460938e+00, 8.288893e-06, 8.321849e-06
4.476563e+00, 7.806017e-06, 7.842462e-06
4.492188e+00, 7.347625e-06, 7.387916e-06
4.507813e+00, 6.912569e-06, 6.957103e-06
4.523438e+00, 6.499749e-06, 6.548952e-06
4.539063e+00, 6.108090e-06, 6.162431e-06
4.554688e+00, 5.736562e-06, 5.796546e-06
4.570313e+00, 5.384154e-06, 5.450337e-06
4.585938e+00, 5.049904e-06, 5.122883e-06
4.601563e+00, 4.732864e-06, 4.813294e-06
4.617188e+00, 4.432134e-06, 4.520716e-06
4.632813e+00, 4.146826e-06, 4.244329e-06
4.648438e+00, 3.876097e-06, 3.983343e-06
4.664063e+00, 3.619114e-06, 3.737002e-06
4.679688e+00, 3.375089e-06, 3.504579e-06
4.695313e+00, 3.143239e-06, 3.285377e-06
4.710938e+00, 2.922825e-06, 3.078730e-06
4.726563e+00, 2.713110e-06, 2.883997e-06
4.742188e+00, 2.513401e-06, 2.700568e-06
4.757813e+00, 2.323002e-06, 2.527855e-06
4.773438e+00, 2.141261e-06, 2.365300e-06
4.789063e+00, 1.967519e-06, 2.212367e-06
4.804688e+00, 1.801159e-06, 2.068545e-06
4.820313e+00, 1.641555e-06, 1.933347e-06
4.835938e+00, 1.488122e-06, 1.806306e-06
4.851563e+00, 1.340261e-06, 1.686980e-06
4.867188e+00, 1.197412e-06, 1.574945e-06
4.882813e+00, 1.059002e-06, 1.469799e-06
4.898438e+00, 9.244915e-07, 1.371157e-06
4.914063e+00, 7.933249e-07, 1.278655e-06
4.929688e+00, 6.649812e-07, 1.191946e-06
4.945313e+00, 5.389180e-07, 1.110700e-06
4.960938e+00, 4.146266e-07, 1.034603e-06
4.976563e+00, 2.915738e-07, 9.633578e-07
4.992188e+00, 1.692584e-07, 8.966820e-07
5.000000e+00, 1.082254e-07, 8.649733e-07


#At time: 1.000977e+02, nsteps= 820


-1.000000e+00, 1.042858e-07, 1.366977e-06
-9.921875e-01, 1.946876e-07, 1.413446e-06
-9.765625e-01, 3.758138e-07, 1.510782e-06
-9.609375e-01, 5.578471e-07, 1.614259e-06
-9.453125e-01, 7.414351e-07, 1.724221e-06
-9.296875e-01, 9.272030e-07, 1.841032e-06
-9.140625e-01, 1.115805e-06, 1.965071e-06
-8.984375e-01, 1.307877e-06, 2.096737e-06
-8.828125e-01, 1.504083e-06, 2.236444e-06
-8.671875e-01, 1.705073e-06, 2.384628e-06
-8.515625e-01, 1.911527e-06, 2.541745e-06
-8.359375e-01, 2.124114e-06, 2.708269e-06
-8.203125e-01, 2.343533e-06, 2.884697e-06
-8.046875e-01, 2.570475e-06, 3.071547e-06
-7.890625e-01, 2.805667e-06, 3.269360e-06
-7.734375e-01, 3.049824e-06, 3.478699e-06
-7.578125e-01, 3.303702e-06, 3.700151e-06
-7.421875e-01, 3.568050e-06, 3.934330e-06
-7.265625e-01, 3.843654e-06, 4.181871e-06
-7.109375e-01, 4.131300e-06, 4.443437e-06
-6.953125e-01, 4.431812e-06, 4.719717e-06
-6.796875e-01, 4.746015e-06, 5.011429e-06
-6.640625e-01, 5.074774e-06, 5.319315e-06
-6.484375e-01, 5.418956e-06, 5.644148e-06
-6.328125e-01, 5.779474e-06, 5.986730e-06
-6.171875e-01, 6.157241e-06, 6.347891e-06
-6.015625e-01, 6.553217e-06, 6.728495e-06
-5.859375e-01, 6.968369e-06, 7.129431e-06
-5.703125e-01, 7.403708e-06, 7.551626e-06
-5.546875e-01, 7.860253e-06, 7.996033e-06
-5.390625e-01, 8.339072e-06, 8.463642e-06
-5.234375e-01, 8.841241e-06, 8.955474e-06
-5.078125e-01, 9.367886e-06, 9.472583e-06
-4.921875e-01, 9.920143e-06, 1.001606e-05
-4.765625e-01, 1.049920e-05, 1.058702e-05
-4.609375e-01, 1.110625e-05, 1.118663e-05
-4.453125e-01, 1.174255e-05, 1.181608e-05
-4.296875e-01, 1.240936e-05, 1.247660e-05
-4.140625e-01, 1.310798e-05, 1.316945e-05
-3.984375e-01, 1.383976e-05, 1.389592e-05
-3.828125e-01, 1.460607e-05, 1.465736e-05
-3.671875e-01, 1.540831e-05, 1.545514e-05
-3.515625e-01, 1.624792e-05, 1.629065e-05
-3.359375e-01, 1.712636e-05, 1.716535e-05
-3.203125e-01, 1.804515e-05, 1.808070e-05
-3.046875e-01, 1.900582e-05, 1.903823e-05
-2.890625e-01, 2.000995e-05, 2.003948e-05
-2.734375e-01, 2.105913e-05, 2.108603e-05
-2.578125e-01, 2.215501e-05, 2.217951e-05
-2.421875e-01, 2.329926e-05, 2.332155e-05
-2.265625e-01, 2.449357e-05, 2.451385e-05
-2.109375e-01, 2.573969e-05, 2.575813e-05
-1.953125e-01, 2.703937e-05, 2.705613e-05
-1.796875e-01, 2.839441e-05, 2.840963e-05
-1.640625e-01, 2.980664e-05, 2.982043e-05
-1.484375e-01, 3.127789e-05, 3.129039e-05
-1.328125e-01, 3.281005e-05, 3.282136e-05
-1.171875e-01, 3.440501e-05, 3.441523e-05
-1.015625e-01, 3.606471e-05, 3.607393e-05
-8.593750e-02, 3.779110e-05, 3.779939e-05
-7.031250e-02, 3.958613e-05, 3.959357e-05
-5.468750e-02, 4.145181e-05, 4.145845e-05
-3.906250e-02, 4.339014e-05, 4.339604e-05
-2.343750e-02, 4.540313e-05, 4.540835e-05
-7.812500e-03, 4.749282e-05, 4.749740e-05
7.812500e-03, 4.966127e-05, 4.966525e-05
2.343750e-02, 5.191052e-05, 5.191393e-05
3.906250e-02, 5.424263e-05, 5.424551e-05
5.468750e-02, 5.665967e-05, 5.666204e-05
7.031250e-02, 5.916371e-05, 5.916560e-05
8.593750e-02, 6.175681e-05, 6.175823e-05
1.015625e-01, 6.444102e-05, 6.444200e-05
1.171875e-01, 6.721840e-05, 6.721896e-05
1.328125e-01, 7.009100e-05, 7.009114e-05
1.484375e-01, 7.306082e-05, 7.306056e-05
1.640625e-01, 7.612989e-05, 7.612923e-05
1.796875e-01, 7.930019e-05, 7.929914e-05
1.953125e-01, 8.257367e-05, 8.257224e-05
2.109375e-01, 8.595227e-05, 8.595047e-05
2.265625e-01, 8.943789e-05, 8.943572e-05
2.421875e-01, 9.303239e-05, 9.302986e-05
2.578125e-01, 9.673759e-05, 9.673469e-05
2.734375e-01, 1.005553e-04, 1.005520e-04
2.890625e-01, 1.044871e-04, 1.044835e-04
3.046875e-01, 1.085349e-04, 1.085309e-04
3.203125e-01, 1.127001e-04, 1.126958e-04
3.359375e-01, 1.169843e-04, 1.169796e-04
3.515625e-01, 1.213891e-04, 1.213841e-04
3.671875e-01, 1.259158e-04, 1.259104e-04
3.828125e-01, 1.305657e-04, 1.305600e-04
3.984375e-01, 1.353402e-04, 1.353340e-04
4.140625e-01, 1.402402e-04, 1.402338e-04
4.296875e-01, 1.452671e-04, 1.452603e-04
4.453125e-01, 1.504216e-04, 1.504145e-04
4.609375e-01, 1.557048e-04, 1.556973e-04
4.765625e-01, 1.611172e-04, 1.611094e-04
4.921875e-01, 1.666597e-04, 1.666516e-04
5.078125e-01, 1.723328e-04, 1.723243e-04
5.234375e-01, 1.781368e-04, 1.781279e-04
5.390625e-01, 1.840720e-04, 1.840629e-04
5.546875e-01, 1.901387e-04, 1.901293e-04
5.703125e-01, 1.963369e-04, 1.963271e-04
5.859375e-01, 2.026664e-04, 2.026564e-04
6.015625e-01, 2.091271e-04, 2.091167e-04
6.171875e-01, 2.157184e-04, 2.157078e-04
6.328125e-01, 2.224399e-04, 2.224290e-04
6.484375e-01, 2.292909e-04, 2.292797e-04
6.640625e-01, 2.362704e-04, 2.362590e-04
6.796875e-01, 2.433775e-04, 2.433659e-04
6.953125e-01, 2.506110e-04, 2.505992e-04
7.109375e-01, 2.579695e-04, 2.579575e-04
7.265625e-01, 2.654515e-04, 2.654393e-04
7.421875e-01, 2.730553e-04, 2.730429e-04
7.578125e-01, 2.807789e-04, 2.807664e-04
7.734375e-01, 2.886203e-04, 2.886077e-04
7.890625e-01, 2.965773e-04, 2.965646e-04
8.046875e-01, 3.046474e-04, 3.046346e-04
8.203125e-01, 3.128280e-04, 3.128151e-04
8.359375e-01, 3.211163e-04, 3.211033e-04
8.515625e-01, 3.295092e-04, 3.294962e-04
8.671875e-01, 3.380036e-04, 3.379906e-04
8.828125e-01, 3.465961e-04, 3.465831e-04
8.984375e-01, 3.552832e-04, 3.552702e-04
9.140625e-01, 3.640610e-04, 3.640481e-04
9.296875e-01, 3.729256e-04, 3.729127e-04
9.453125e-01, 3.818728e-04, 3.818601e-04
9.609375e-01, 3.908984e-04, 3.908859e-04
9.765625e-01, 3.999979e-04, 3.999854e-04
9.921875e-01, 4.091664e-04, 4.091542e-04
1.007813e+00, 4.183992e-04, 4.183872e-04
1.023438e+00, 4.276911e-04, 4.276794e-04
1.039063e+00, 4.370370e-04, 4.370255e-04
1.054688e+00, 4.464315e-04, 4.464203e-04
1.070313e+00, 4.558689e-04, 4.558580e-04
1.085938e+00, 4.653435e-04, 4.653329e-04
1.101563e+00, 4.748494e-04, 4.748392e-04
1.117188e+00, 4.843806e-04, 4.843708e-04
1.132813e+00, 4.939309e-04, 4.939215e-04
1.148438e+00, 5.034938e-04, 5.034849e-04
1.164063e+00, 5.130630e-04, 5.130545e-04
1.179688e+00, 5.226318e-04, 5.226238e-04
1.195313e+00, 5.321935e-04, 5.321860e-04
1.210938e+00, 5.417411e-04, 5.417342e-04
1.226563e+00, 5.512678e-04, 5.512614e-04
1.242188e+00, 5.607665e-04, 5.607607e-04
1.257813e+00, 5.702300e-04, 5.702248e-04
1.273438e+00, 5.796511e-04, 5.796465e-04
1.289063e+00, 5.890224e-04, 5.890184e-04
1.304688e+00, 5.983365e-04, 5.983332e-04
1.320313e+00, 6.075861e-04, 6.075834e-04
1.335938e+00, 6.167635e-04, 6.167616e-04
1.351563e+00, 6.258614e-04, 6.258601e-04
1.367188e+00, 6.348720e-04, 6.348715e-04
1.382813e+00, 6.437879e-04, 6.437881e-04
1.398438e+00, 6.526014e-04, 6.526023e-04
1.414063e+00, 6.613049e-04, 6.613066e-04
1.429688e+00, 6.698910e-04, 6.698933e-04
1.445313e+00, 6.783519e-04, 6.783550e-04
1.460938e+00, 6.866803e-04, 6.866842e-04
1.476563e+00, 6.948686e-04, 6.948732e-04
1.492188e+00, 7.029094e-04, 7.029148e-04
1.507813e+00, 7.107954e-04, 7.108015e-04
1.523438e+00, 7.185193e-04, 7.185262e-04
1.539063e+00, 7.260740e-04, 7.260816e-04
1.554688e+00, 7.334523e-04, 7.334607e-04
1.570313e+00, 7.406473e-04, 7.406565e-04
1.585938e+00, 7.476522e-04, 7.476621e-04
1.601563e+00, 7.544603e-04, 7.544709e-04
1.617188e+00, 7.610650e-04, 7.610763e-04
1.632813e+00, 7.674598e-04, 7.674718e-04
1.648438e+00, 7.736387e-04, 7.736513e-04
1.664063e+00, 7.795954e-04, 7.796087e-04
1.679688e+00, 7.853241e-04, 7.853381e-04
1.695313e+00, 7.908192e-04, 7.908338e-04
1.710938e+00, 7.960751e-04, 7.960903e-04
1.726563e+00, 8.010866e-04, 8.011024e-04
1.742188e+00, 8.058487e-04, 8.058650e-04
1.757813e+00, 8.103565e-04, 8.103734e-04
1.773438e+00, 8.146055e-04, 8.146228e-04
1.789063e+00, 8.185912e-04, 8.186091e-04
1.804688e+00, 8.223098e-04, 8.223281e-04
1.820313e+00, 8.257573e-04, 8.257760e-04
1.835938e+00, 8.289302e-04, 8.289493e-04
1.851563e+00, 8.318252e-04, 8.318447e-04
1.867188e+00, 8.344394e-04, 8.344591e-04
1.882813e+00, 8.367700e-04, 8.367900e-04
1.898438e+00, 8.388146e-04, 8.388349e-04
1.914063e+00, 8.405711e-04, 8.405916e-04
1.929688e+00, 8.420377e-04, 8.420584e-04
1.945313e+00, 8.432128e-04, 8.432336e-04
1.960938e+00, 8.440952e-04, 8.441161e-04
1.976563e+00, 8.446839e-04, 8.447050e-04
1.992188e+00, 8.449785e-04, 8.449995e-04
2.007813e+00, 8.449785e-04, 8.449995e-04
2.023438e+00, 8.446839e-04, 8.447050e-04
2.039063e+00, 8.440952e-04, 8.441161e-04
2.054688e+00, 8.432128e-04, 8.432336e-04
2.070313e+00, 8.420377e-04, 8.420584e-04
2.085938e+00, 8.405711e-04, 8.405916e-04
2.101563e+00, 8.388146e-04, 8.388349e-04
2.117188e+00, 8.367700e-04, 8.367900e-04
2.132813e+00, 8.344394e-04, 8.344591e-04
2.148438e+00, 8.318252e-04, 8.318447e-04
2.164063e+00, 8.289302e-04, 8.289493e-04
2.179688e+00, 8.257573e-04, 8.257760e-04
2.195313e+00, 8.223098e-04, 8.223281e-04
2.210938e+00, 8.185912e-04, 8.186091e-04
2.226563e+00, 8.146055e-04, 8.146228e-04
2.242188e+00, 8.103565e-04, 8.103734e-04
2.257813e+00, 8.058487e-04, 8.058650e-04
2.273438e+00, 8.010866e-04, 8.011024e-04
2.289063e+00, 7.960751e-04, 7.960903e-04
2.304688e+00, 7.908192e-04, 7.908338e-04
2.320313e+00, 7.853241e-04, 7.853381e-04
2.335938e+00, 7.795954e-04, 7.796087e-04
2.351563e+00, 7.736387e-04, 7.736513e-04
2.367188e+00, 7.674598e-04, 7.674718e-04
2.382813e+00, 7.610650e-04, 7.610763e-04
2.398438e+00, 7.544603e-04, 7.544709e-04
2.414063e+00, 7.476522e-04, 7.476621e-04
2.429688e+00, 7.406473e-04, 7.406565e-04
2.445313e+00, 7.334523e-04, 7.334607e-04
2.460938e+00, 7.260740e-04, 7.260816e-04
2.476563e+00, 7.185193e-04, 7.185262e-04
2.492188e+00, 7.107954e-04, 7.108015e-04
2.507813e+00, 7.029094e-04, 7.029148e-04
2.523438e+00, 6.948686e-04, 6.948732e-04
2.539063e+00, 6.866803e-04, 6.866842e-04
2.554688e+00, 6.783519e-04, 6.783550e-04
2.570313e+00, 6.698910e-04, 6.698933e-04
2.585938e+00, 6.613049e-04, 6.613066e-04
2.601563e+00, 6.526014e-04, 6.526023e-04
2.617188e+00, 6.437879e-04, 6.437881e-04
2.632813e+00, 6.348720e-04, 6.348715e-04
2.648438e+00, 6.258614e-04, 6.258601e-04
2.664063e+00, 6.167635e-04, 6.167616e-04
2.679688e+00, 6.075861e-04, 6.075834e-04
2.695313e+00, 5.983365e-04, 5.983332e-04
2.710938e+00, 5.890224e-04, 5.890184e-04
2.726563e+00, 5.796511e-04, 5.796465e-04
2.742188e+00, 5.702300e-04, 5.702248e-04
2.757813e+00, 5.607665e-04, 5.607607e-04
2.773438e+00, 5.512678e-04, 5.512614e-04
2.789063e+00, 5.417411e-04, 5.417342e-04
2.804688e+00, 5.321935e-04, 5.321860e-04
2.820313e+00, 5.226318e-04, 5.226238e-04
2.835938e+00, 5.130630e-04, 5.130545e-04
2.851563e+00, 5.034938e-04, 5.034849e-04
2.867188e+00, 4.939309e-04, 4.939215e-04
2.882813e+00, 4.843806e-04, 4.843708e-04
2.898438e+00, 4.748494e-04, 4.748392e-04
2.914063e+00, 4.653435e-04, 4.653329e-04
2.929688e+00, 4.558689e-04, 4.558580e-04
2.945313e+00, 4.464315e-04, 4.464203e-04
2.960938e+00, 4.370370e-04, 4.370255e-04
2.976563e+00, 4.276911e-04, 4.276794e-04
2.992188e+00, 4.183992e-04, 4.183872e-04
3.007813e+00, 4.091664e-04, 4.091542e-04
3.023438e+00, 3.999979e-04, 3.999854e-04
3.039063e+00, 3.908984e-04, 3.908859e-04
3.054688e+00, 3.818728e-04, 3.818601e-04
3.070313e+00, 3.729256e-04, 3.729127e-04
3.085938e+00, 3.640610e-04, 3.640481e-04
3.101563e+00, 3.552832e-04, 3.552702e-04
3.117188e+00, 3.465961e-04, 3.465831e-04
3.132813e+00, 3.380036e-04, 3.379906e-04
3.148438e+00, 3.295092e-04, 3.294962e-04
3.164063e+00, 3.211163e-04, 3.211033e-04
3.179688e+00, 3.128280e-04, 3.128151e-04
3.195313e+00, 3.046474e-04, 3.046346e-04
3.210938e+00, 2.965773e-04, 2.965646e-04
3.226563e+00, 2.886203e-04, 2.886077e-04
3.242188e+00, 2.807789e-04, 2.807664e-04
3.257813e+00, 2.730553e-04, 2.730429e-04
3.273438e+00, 2.654515e-04, 2.654393e-04
3.289063e+00, 2.579695e-04, 2.579575e-04
3.304688e+00, 2.506110e-04, 2.505992e-04
3.320313e+00, 2.433775e-04, 2.433659e-04
3.335938e+00, 2.362704e-04, 2.362590e-04
3.351563e+00, 2.292909e-04, 2.292797e-04
3.367188e+00, 2.224399e-04, 2.224290e-04
3.382813e+00, 2.157184e-04, 2.157078e-04
3.398438e+00, 2.091271e-04, 2.091167e-04
3.414063e+00, 2.026664e-04, 2.026564e-04
3.429688e+00, 1.963369e-04, 1.963271e-04
3.445313e+00, 1.901387e-04, 1.901293e-04
3.460938e+00, 1.840720e-04, 1.840629e-04
3.476563e+00, 1.781368e-04, 1.781279e-04
3.492188e+00, 1.723328e-04, 1.723243e-04
3.507813e+00, 1.666597e-04, 1.666516e-04
3.523438e+00, 1.611172e-04, 1.611094e-04
3.539063e+00, 1.557048e-04, 1.556973e-04
3.554688e+00, 1.504216e-04, 1.504145e-04
3.570313e+00, 1.452671e-04, 1.452603e-04
3.585938e+00, 1.402402e-04, 1.402338e-04
3.601563e+00, 1.353402e-04, 1.353340e-04
3.617188e+00, 1.305657e-04, 1.305600e-04
3.632813e+00, 1.259158e-04, 1.259104e-04
3.648438e+00, 1.213891e-04, 1.213841e-04
3.664063e+00, 1.169843e-04, 1.169796e-04
3.679688e+00, 1.127001e-04, 1.126958e-04
3.695313e+00, 1.085349e-04, 1.085309e-04
3.710938e+00, 1.044871e-04, 1.044835e-04
3.726563e+00, 1.005553e-04, 1.005520e-04
3.742188e+00, 9.673759e-05, 9.673469e-05
3.757813e+00, 9.303239e-05, 9.302986e-05
3.773438e+00, 8.943789e-05, 8.943572e-05
3.789063e+00, 8.595227e-05, 8.595047e-05
3.804688e+00, 8.257367e-05, 8.257224e-05
3.820313e+00, 7.930019e-05, 7.929914e-05
3.835938e+00, 7.612989e-05, 7.612923e-05
3.851563e+00, 7.306082e-05, 7.306056e-05
3.867188e+00, 7.009100e-05, 7.009114e-05
3.882813e+00, 6.721840e-05, 6.721896e-05
3.898438e+00, 6.444102e-05, 6.444200e-05
3.914063e+00, 6.175681e-05, 6.175823e-05
3.929688e+00, 5.916371e-05, 5.916560e-05
3.945313e+00, 5.665967e-05, 5.666204e-05
3.960938e+00, 5.424263e-05, 5.424551e-05
3.976563e+00, 5.191052e-05, 5.191393e-05
3.992188e+00, 4.966127e-05, 4.966525e-05
4.007813e+00, 4.749282e-05, 4.749740e-05
4.023438e+00, 4.540313e-05, 4.540835e-05
4.039063e+00, 4.339014e-05, 4.339604e-05
4.054688e+00, 4.145181e-05, 4.145845e-05
4.070313e+00, 3.958613e-05, 3.959357e-05
4.085938e+00, 3.779110e-05, 3.779939e-05
4.101563e+00, 3.606471e-05, 3.607393e-05
4.117188e+00, 3.440501e-05, 3.441523e-05
4.132813e+00, 3.281005e-05, 3.282136e-05
4.148438e+00, 3.127789e-05, 3.129039e-05
4.164063e+00, 2.980664e-05, 2.982043e-05
4.179688e+00, 2.839441e-05, 2.840963e-05
4.195313e+00, 2.703937e-05, 2.705613e-05
4.210938e+00, 2.573969e-05, 2.575813e-05
4.226563e+00, 2.449357e-05, 2.451385e-05
4.242188e+00, 2.329926e-05, 2.332155e-05
4.257813e+00, 2.215501e-05, 2.217951e-05
4.273438e+00, 2.105913e-05, 2.108603e-05
4.289063e+00, 2.000995e-05, 2.003948e-05
4.304688e+00, 1.900582e-05, 1.903823e-05
4.320313e+00, 1.804515e-05, 1.808070e-05
4.335938e+00, 1.712636e-05, 1.716535e-05
4.351563e+00, 1.624792e-05, 1.629065e-05
4.367188e+00, 1.540831e-05, 1.545514e-05
4.382813e+00, 1.460607e-05, 1.465736e-05
4.398438e+00, 1.383976e-05, 1.389592e-05
4.414063e+00, 1.310798e-05, 1.316945e-05
4.429688e+00, 1.240936e-05, 1.247660e-05
4.445313e+00, 1.174255e-05, 1.181608e-05
4.460938e+00, 1.110625e-05, 1.118663e-05
4.476563e+00, 1.049920e-05, 1.058702e-05
4.492188e+00, 9.920143e-06, 1.001606e-05
4.507813e+00, 9.367886e-06, 9.472583e-06
4.523438e+00, 8.841241e-06, 8.955474e-06
4.539063e+00, 8.339072e-06, 8.463642e-06
4.554688e+00, 7.860253e-06, 7.996033e-06
4.570313e+00, 7.403708e-06, 7.551626e-06
4.585938e+00, 6.968369e-06, 7.129431e-06
4.601563e+00, 6.553217e-06, 6.728495e-06
4.617188e+00, 6.157241e-06, 6.347891e-06
4.632813e+00, 5.779474e-06, 5.986730e-06
4.648438e+00, 5.418956e-06, 5.644148e-06
4.664063e+00, 5.074774e-06, 5.319315e-06
4.679688e+00, 4.746015e-06, 5.011429e-06
4.695313e+00, 4.431812e-06, 4.719717e-06
4.710938e+00, 4.131300e-06, 4.443437e-06
4.726563e+00, 3.843654e-06, 4.181871e-06
4.742188e+00, 3.568050e-06, 3.934330e-06
4.757813e+00, 3.303702e-06, 3.700151e-06
4.773438e+00, 3.049824e-06, 3.478699e-06
4.789063e+00, 2.805667e-06, 3.269360e-06
4.804688e+00, 2.570475e-06, 3.071547e-06
4.820313e+00, 2.343533e-06, 2.884697e-06
4.835938e+00, 2.124114e-06, 2.708269e-06
4.851563e+00, 1.911527e-06, 2.541745e-06
4.867188e+00, 1.705073e-06, 2.384628e-06
4.882813e+00, 1.504083e-06, 2.236444e-06
4.898438e+00, 1.307877e-06, 2.096737e-06
4.914063e+00, 1.115805e-06, 1.965071e-06
4.929688e+00, 9.272030e-07, 1.841032e-06
4.945313e+00, 7.414351e-07, 1.724221e-06
4.960938e+00, 5.578471e-07, 1.614259e-06
4.976563e+00, 3.758138e-07, 1.510782e-06
4.992188e+00, 1.946876e-07, 1.413446e-06
5.000000e+00, 1.042858e-07, 1.366977e-06


