#At time: 0.000000e+00, nsteps= 0


-1.000000e+00, 1.234098e-07, 1.234098e-07
-9.921875e-01, 1.293245e-07, 1.293245e-07
-9.765625e-01, 1.419658e-07, 1.419658e-07
-9.609375e-01, 1.557667e-07, 1.557667e-07
-9.453125e-01, 1.708259e-07, 1.708259e-07
-9.296875e-01, 1.872495e-07, 1.872495e-07
-9.140625e-01, 2.051518e-07, 2.051518e-07
-8.984375e-01, 2.246561e-07, 2.246561e-07
-8.828125e-01, 2.458945e-07, 2.458945e-07
-8.671875e-01, 2.690094e-07, 2.690094e-07
-8.515625e-01, 2.941535e-07, 2.941535e-07
-8.359375e-01, 3.214908e-07, 3.214908e-07
-8.203125e-01, 3.511972e-07, 3.511972e-07
-8.046875e-01, 3.834613e-07, 3.834613e-07
-7.890625e-01, 4.184850e-07, 4.184850e-07
-7.734375e-01, 4.564846e-07, 4.564846e-07
-7.578125e-01, 4.976917e-07, 4.976917e-07
-7.421875e-01, 5.423536e-07, 5.423536e-07
-7.265625e-01, 5.907350e-07, 5.907350e-07
-7.109375e-01, 6.431181e-07, 6.431181e-07
-6.953125e-01, 6.998046e-07, 6.998046e-07
-6.796875e-01, 7.611158e-07, 7.611158e-07
-6.640625e-01, 8.273945e-07, 8.273945e-07
-6.484375e-01, 8.990057e-07, 8.990057e-07
-6.328125e-01, 9.763381e-07, 9.763381e-07
-6.171875e-01, 1.059805e-06, 1.059805e-06
-6.015625e-01, 1.149846e-06, 1.149846e-06
-5.859375e-01, 1.246927e-06, 1.246927e-06
-5.703125e-01, 1.351546e-06, 1.351546e-06
-5.546875e-01, 1.464226e-06, 1.464226e-06
-5.390625e-01, 1.585527e-06, 1.585527e-06
-5.234375e-01, 1.716039e-06, 1.716039e-06
-5.078125e-01, 1.856386e-06, 1.856386e-06
-4.921875e-01, 2.007232e-06, 2.007232e-06
-4.765625e-01, 2.169276e-06, 2.169276e-06
-4.609375e-01, 2.343257e-06, 2.343257e-06
-4.453125e-01, 2.529956e-06, 2.529956e-06
-4.296875e-01, 2.730197e-06, 2.730197e-06
-4.140625e-01, 2.944849e-06, 2.944849e-06
-3.984375e-01, 3.174826e-06, 3.174826e-06
-3.828125e-01, 3.421092e-06, 3.421092e-06
-3.671875e-01, 3.684661e-06, 3.684661e-06
-3.515625e-01, 3.966599e-06, 3.966599e-06
-3.359375e-01, 4.268025e-06, 4.268025e-06
-3.203125e-01, 4.590115e-06, 4.590115e-06
-3.046875e-01, 4.934103e-06, 4.934103e-06
-2.890625e-01, 5.301279e-06, 5.301279e-06
-2.734375e-01, 5.692999e-06, 5.692999e-06
-2.578125e-01, 6.110680e-06, 6.110680e-06
-2.421875e-01, 6.555802e-06, 6.555802e-06
-2.265625e-01, 7.029916e-06, 7.029916e-06
-2.109375e-01, 7.534637e-06, 7.534637e-06
-1.953125e-01, 8.071653e-06, 8.071653e-06
-1.796875e-01, 8.642723e-06, 8.642723e-06
-1.640625e-01, 9.249678e-06, 9.249678e-06
-1.484375e-01, 9.894426e-06, 9.894426e-06
-1.328125e-01, 1.057895e-05, 1.057895e-05
-1.171875e-01, 1.130531e-05, 1.130531e-05
-1.015625e-01, 1.207564e-05, 1.207564e-05
-8.593750e-02, 1.289217e-05, 1.289217e-05
-7.031250e-02, 1.375719e-05, 1.375719e-05
-5.468750e-02, 1.467308e-05, 1.467308e-05
-3.906250e-02, 1.564231e-05, 1.564231e-05
-2.343750e-02, 1.666742e-05, 1.666742e-05
-7.812500e-03, 1.775104e-05, 1.775104e-05
7.812500e-03, 1.889589e-05, 1.889589e-05
2.343750e-02, 2.010475e-05, 2.010475e-05
3.906250e-02, 2.138050e-05, 2.138050e-05
5.468750e-02, 2.272611e-05, 2.272611e-05
7.031250e-02, 2.414462e-05, 2.414462e-05
8.593750e-02, 2.563914e-05, 2.563914e-05
1.015625e-01, 2.721288e-05, 2.721288e-05
1.171875e-01, 2.886912e-05, 2.886912e-05
1.328125e-01, 3.061121e-05, 3.061121e-05
1.484375e-01, 3.244257e-05, 3.244257e-05
1.640625e-01, 3.436672e-05, 3.436672e-05
1.796875e-01, 3.638722e-05, 3.638722e-05
1.953125e-01, 3.850770e-05, 3.850770e-05
2.109375e-01, 4.073186e-05, 4.073186e-05
2.265625e-01, 4.306345e-05, 4.306345e-05
2.421875e-01, 4.550629e-05, 4.550629e-05
2.578125e-01, 4.806422e-05, 4.806422e-05
2.734375e-01, 5.074115e-05, 5.074115e-05
2.890625e-01, 5.354102e-05, 5.354102e-05
3.046875e-01, 5.646781e-05, 5.646781e-05
3.203125e-01, 5.952552e-05, 5.952552e-05
3.359375e-01, 6.271817e-05, 6.271817e-05
3.515625e-01, 6.604981e-05, 6.604981e-05
3.671875e-01, 6.952446e-05, 6.952446e-05
3.828125e-01, 7.314618e-05, 7.314618e-05
3.984375e-01, 7.691899e-05, 7.691899e-05
4.140625e-01, 8.084692e-05, 8.084692e-05
4.296875e-01, 8.493395e-05, 8.493395e-05
4.453125e-01, 8.918404e-05, 8.918404e-05
4.609375e-01, 9.360108e-05, 9.360108e-05
4.765625e-01, 9.818893e-05, 9.818893e-05
4.921875e-01, 1.029514e-04, 1.029514e-04
5.078125e-01, 1.078921e-04, 1.078921e-04
5.234375e-01, 1.130148e-04, 1.130148e-04
5.390625e-01, 1.183228e-04, 1.183228e-04
5.546875e-01, 1.238198e-04, 1.238198e-04
5.703125e-01, 1.295088e-04, 1.295088e-04
5.859375e-01, 1.353931e-04, 1.353931e-04
6.015625e-01, 1.414757e-04, 1.414757e-04
6.171875e-01, 1.477593e-04, 1.477593e-04
6.328125e-01, 1.542468e-04, 1.542468e-04
6.484375e-01, 1.609404e-04, 1.609404e-04
6.640625e-01, 1.678425e-04, 1.678425e-04
6.796875e-01, 1.749552e-04, 1.749552e-04
6.953125e-01, 1.822803e-04, 1.822803e-04
7.109375e-01, 1.898194e-04, 1.898194e-04
7.265625e-01, 1.975738e-04, 1.975738e-04
7.421875e-01, 2.055446e-04, 2.055446e-04
7.578125e-01, 2.137326e-04, 2.137326e-04
7.734375e-01, 2.221382e-04, 2.221382e-04
7.890625e-01, 2.307617e-04, 2.307617e-04
8.046875e-01, 2.396030e-04, 2.396030e-04
8.203125e-01, 2.486615e-04, 2.486615e-04
8.359375e-01, 2.579366e-04, 2.579366e-04
8.515625e-01, 2.674270e-04, 2.674270e-04
8.671875e-01, 2.771312e-04, 2.771312e-04
8.828125e-01, 2.870474e-04, 2.870474e-04
8.984375e-01, 2.971733e-04, 2.971733e-04
9.140625e-01, 3.075061e-04, 3.075061e-04
9.296875e-01, 3.180429e-04, 3.180429e-04
9.453125e-01, 3.287802e-04, 3.287802e-04
9.609375e-01, 3.397141e-04, 3.397141e-04
9.765625e-01, 3.508402e-04, 3.508402e-04
9.921875e-01, 3.621539e-04, 3.621539e-04
1.007813e+00, 3.736499e-04, 3.736499e-04
1.023438e+00, 3.853226e-04, 3.853226e-04
1.039063e+00, 3.971660e-04, 3.971660e-04
1.054688e+00, 4.091736e-04, 4.091736e-04
1.070313e+00, 4.213385e-04, 4.213385e-04
1.085938e+00, 4.336532e-04, 4.336532e-04
1.101563e+00, 4.461099e-04, 4.461099e-04
1.117188e+00, 4.587004e-04, 4.587004e-04
1.132813e+00, 4.714161e-04, 4.714161e-04
1.148438e+00, 4.842477e-04, 4.842477e-04
1.164063e+00, 4.971858e-04, 4.971858e-04
1.179688e+00, 5.102203e-04, 5.102203e-04
1.195313e+00, 5.233410e-04, 5.233410e-04
1.210938e+00, 5.365371e-04, 5.365371e-04
1.226563e+00, 5.497973e-04, 5.497973e-04
1.242188e+00, 5.631103e-04, 5.631103e-04
1.257813e+00, 5.764641e-04, 5.764641e-04
1.273438e+00, 5.898464e-04, 5.898464e-04
1.289063e+00, 6.032448e-04, 6.032448e-04
1.304688e+00, 6.166464e-04, 6.166464e-04
1.320313e+00, 6.300380e-04, 6.300380e-04
1.335938e+00, 6.434062e-04, 6.434062e-04
1.351563e+00, 6.567373e-04, 6.567373e-04
1.367188e+00, 6.700174e-04, 6.700174e-04
1.382813e+00, 6.832323e-04, 6.832323e-04
1.398438e+00, 6.963677e-04, 6.963677e-04
1.414063e+00, 7.094092e-04, 7.094092e-04
1.429688e+00, 7.223422e-04, 7.223422e-04
1.445313e+00, 7.351518e-04, 7.351518e-04
1.460938e+00, 7.478234e-04, 7.478234e-04
1.476563e+00, 7.603421e-04, 7.603421e-04
1.492188e+00, 7.726929e-04, 7.726929e-04
1.507813e+00, 7.848611e-04, 7.848611e-04
1.523438e+00, 7.968317e-04, 7.968317e-04
1.539063e+00, 8.085899e-04, 8.085899e-04
1.554688e+00, 8.201211e-04, 8.201211e-04
1.570313e+00, 8.314107e-04, 8.314107e-04
1.585938e+00, 8.424443e-04, 8.424443e-04
1.601563e+00, 8.532076e-04, 8.532076e-04
1.617188e+00, 8.636865e-04, 8.636865e-04
1.632813e+00, 8.738674e-04, 8.738674e-04
1.648438e+00, 8.837366e-04, 8.837366e-04
1.664063e+00, 8.932811e-04, 8.932811e-04
1.679688e+00, 9.024878e-04, 9.024878e-04
1.695313e+00, 9.113443e-04, 9.113443e-04
1.710938e+00, 9.198385e-04, 9.198385e-04
1.726563e+00, 9.279587e-04, 9.279587e-04
1.742188e+00, 9.356935e-04, 9.356935e-04
1.757813e+00, 9.430323e-04, 9.430323e-04
1.773438e+00, 9.499646e-04, 9.499646e-04
1.789063e+00, 9.564807e-04, 9.564807e-04
1.804688e+00, 9.625715e-04, 9.625715e-04
1.820313e+00, 9.682281e-04, 9.682281e-04
1.835938e+00, 9.734425e-04, 9.734425e-04
1.851563e+00, 9.782073e-04, 9.782073e-04
1.867188e+00, 9.825155e-04, 9.825155e-04
1.882813e+00, 9.863610e-04, 9.863610e-04
1.898438e+00, 9.897381e-04, 9.897381e-04
1.914063e+00, 9.926420e-04, 9.926420e-04
1.929688e+00, 9.950684e-04, 9.950684e-04
1.945313e+00, 9.970137e-04, 9.970137e-04
1.960938e+00, 9.984753e-04, 9.984753e-04
1.976563e+00, 9.994508e-04, 9.994508e-04
1.992188e+00, 9.999390e-04, 9.999390e-04
2.007813e+00, 9.999390e-04, 9.999390e-04
2.023438e+00, 9.994508e-04, 9.994508e-04
2.039063e+00, 9.984753e-04, 9.984753e-04
2.054688e+00, 9.970137e-04, 9.970137e-04
2.070313e+00, 9.950684e-04, 9.950684e-04
2.085938e+00, 9.926420e-04, 9.926420e-04
2.101563e+00, 9.897381e-04, 9.897381e-04
2.117188e+00, 9.863610e-04, 9.863610e-04
2.132813e+00, 9.825155e-04, 9.825155e-04
2.148438e+00, 9.782073e-04, 9.782073e-04
2.164063e+00, 9.734425e-04, 9.734425e-04
2.179688e+00, 9.682281e-04, 9.682281e-04
2.195313e+00, 9.625715e-04, 9.625715e-04
2.210938e+00, 9.564807e-04, 9.564807e-04
2.226563e+00, 9.499646e-04, 9.499646e-04
2.242188e+00, 9.430323e-04, 9.430323e-04
2.257813e+00, 9.356935e-04, 9.356935e-04
2.273438e+00, 9.279587e-04, 9.279587e-04
2.289063e+00, 9.198385e-04, 9.198385e-04
2.304688e+00, 9.113443e-04, 9.113443e-04
2.320313e+00, 9.024878e-04, 9.024878e-04
2.335938e+00, 8.932811e-04, 8.932811e-04
2.351563e+00, 8.837366e-04, 8.837366e-04
2.367188e+00, 8.738674e-04, 8.738674e-04
2.382813e+00, 8.636865e-04, 8.636865e-04
2.398438e+00, 8.532076e-04, 8.532076e-04
2.414063e+00, 8.424443e-04, 8.424443e-04
2.429688e+00, 8.314107e-04, 8.314107e-04
2.445313e+00, 8.201211e-04, 8.201211e-04
2.460938e+00, 8.085899e-04, 8.085899e-04
2.476563e+00, 7.968317e-04, 7.968317e-04
2.492188e+00, 7.848611e-04, 7.848611e-04
2.507813e+00, 7.726929e-04, 7.726929e-04
2.523438e+00, 7.603421e-04, 7.603421e-04
2.539063e+00, 7.478234e-04, 7.478234e-04
2.554688e+00, 7.351518e-04, 7.351518e-04
2.570313e+00, 7.223422e-04, 7.223422e-04
2.585938e+00, 7.094092e-04, 7.094092e-04
2.601563e+00, 6.963677e-04, 6.963677e-04
2.617188e+00, 6.832323e-04, 6.832323e-04
2.632813e+00, 6.700174e-04, 6.700174e-04
2.648438e+00, 6.567373e-04, 6.567373e-04
2.664063e+00, 6.434062e-04, 6.434062e-04
2.679688e+00, 6.300380e-04, 6.300380e-04
2.695313e+00, 6.166464e-04, 6.166464e-04
2.710938e+00, 6.032448e-04, 6.032448e-04
2.726563e+00, 5.898464e-04, 5.898464e-04
2.742188e+00, 5.764641e-04, 5.764641e-04
2.757813e+00, 5.631103e-04, 5.631103e-04
2.773438e+00, 5.497973e-04, 5.497973e-04
2.789063e+00, 5.365371e-04, 5.365371e-04
2.804688e+00, 5.233410e-04, 5.233410e-04
2.820313e+00, 5.102203e-04, 5.102203e-04
2.835938e+00, 4.971858e-04, 4.971858e-04
2.851563e+00, 4.842477e-04, 4.842477e-04
2.867188e+00, 4.714161e-04, 4.714161e-04
2.882813e+00, 4.587004e-04, 4.587004e-04
2.898438e+00, 4.461099e-04, 4.461099e-04
2.914063e+00, 4.336532e-04, 4.336532e-04
2.929688e+00, 4.213385e-04, 4.213385e-04
2.945313e+00, 4.091736e-04, 4.091736e-04
2.960938e+00, 3.971660e-04, 3.971660e-04
2.976563e+00, 3.853226e-04, 3.853226e-04
2.992188e+00, 3.736499e-04, 3.736499e-04
3.007813e+00, 3.621539e-04, 3.621539e-04
3.023438e+00, 3.508402e-04, 3.508402e-04
3.039063e+00, 3.397141e-04, 3.397141e-04
3.054688e+00, 3.287802e-04, 3.287802e-04
3.070313e+00, 3.180429e-04, 3.180429e-04
3.085938e+00, 3.075061e-04, 3.075061e-04
3.101563e+00, 2.971733e-04, 2.971733e-04
3.117188e+00, 2.870474e-04, 2.870474e-04
3.132813e+00, 2.771312e-04, 2.771312e-04
3.148438e+00, 2.674270e-04, 2.674270e-04
3.164063e+00, 2.579366e-04, 2.579366e-04
3.179688e+00, 2.486615e-04, 2.486615e-04
3.195313e+00, 2.396030e-04, 2.396030e-04
3.210938e+00, 2.307617e-04, 2.307617e-04
3.226563e+00, 2.221382e-04, 2.221382e-04
3.242188e+00, 2.137326e-04, 2.137326e-04
3.257813e+00, 2.055446e-04, 2.055446e-04
3.273438e+00, 1.975738e-04, 1.975738e-04
3.289063e+00, 1.898194e-04, 1.898194e-04
3.304688e+00, 1.822803e-04, 1.822803e-04
3.320313e+00, 1.749552e-04, 1.749552e-04
3.335938e+00, 1.678425e-04, 1.678425e-04
3.351563e+00, 1.609404e-04, 1.609404e-04
3.367188e+00, 1.542468e-04, 1.542468e-04
3.382813e+00, 1.477593e-04, 1.477593e-04
3.398438e+00, 1.414757e-04, 1.414757e-04
3.414063e+00, 1.353931e-04, 1.353931e-04
3.429688e+00, 1.295088e-04, 1.295088e-04
3.445313e+00, 1.238198e-04, 1.238198e-04
3.460938e+00, 1.183228e-04, 1.183228e-04
3.476563e+00, 1.130148e-04, 1.130148e-04
3.492188e+00, 1.078921e-04, 1.078921e-04
3.507813e+00, 1.029514e-04, 1.029514e-04
3.523438e+00, 9.818893e-05, 9.818893e-05
3.539063e+00, 9.360108e-05, 9.360108e-05
3.554688e+00, 8.918404e-05, 8.918404e-05
3.570313e+00, 8.493395e-05, 8.493395e-05
3.585938e+00, 8.084692e-05, 8.084692e-05
3.601563e+00, 7.691899e-05, 7.691899e-05
3.617188e+00, 7.314618e-05, 7.314618e-05
3.632813e+00, 6.952446e-05, 6.952446e-05
3.648438e+00, 6.604981e-05, 6.604981e-05
3.664063e+00, 6.271817e-05, 6.271817e-05
3.679688e+00, 5.952552e-05, 5.952552e-05
3.695313e+00, 5.646781e-05, 5.646781e-05
3.710938e+00, 5.354102e-05, 5.354102e-05
3.726563e+00, 5.074115e-05, 5.074115e-05
3.742188e+00, 4.806422e-05, 4.806422e-05
3.757813e+00, 4.550629e-05, 4.550629e-05
3.773438e+00, 4.306345e-05, 4.306345e-05
3.789063e+00, 4.073186e-05, 4.073186e-05
3.804688e+00, 3.850770e-05, 3.850770e-05
3.820313e+00, 3.638722e-05, 3.638722e-05
3.835938e+00, 3.436672e-05, 3.436672e-05
3.851563e+00, 3.244257e-05, 3.244257e-05
3.867188e+00, 3.061121e-05, 3.061121e-05
3.882813e+00, 2.886912e-05, 2.886912e-05
3.898438e+00, 2.721288e-05, 2.721288e-05
3.914063e+00, 2.563914e-05, 2.563914e-05
3.929688e+00, 2.414462e-05, 2.414462e-05
3.945313e+00, 2.272611e-05, 2.272611e-05
3.960938e+00, 2.138050e-05, 2.138050e-05
3.976563e+00, 2.010475e-05, 2.010475e-05
3.992188e+00, 1.889589e-05, 1.889589e-05
4.007813e+00, 1.775104e-05, 1.775104e-05
4.023438e+00, 1.666742e-05, 1.666742e-05
4.039063e+00, 1.564231e-05, 1.564231e-05
4.054688e+00, 1.467308e-05, 1.467308e-05
4.070313e+00, 1.375719e-05, 1.375719e-05
4.085938e+00, 1.289217e-05, 1.289217e-05
4.101563e+00, 1.207564e-05, 1.207564e-05
4.117188e+00, 1.130531e-05, 1.130531e-05
4.132813e+00, 1.057895e-05, 1.057895e-05
4.148438e+00, 9.894426e-06, 9.894426e-06
4.164063e+00, 9.249678e-06, 9.249678e-06
4.179688e+00, 8.642723e-06, 8.642723e-06
4.195313e+00, 8.071653e-06, 8.071653e-06
4.210938e+00, 7.534637e-06, 7.534637e-06
4.226563e+00, 7.029916e-06, 7.029916e-06
4.242188e+00, 6.555802e-06, 6.555802e-06
4.257813e+00, 6.110680e-06, 6.110680e-06
4.273438e+00, 5.692999e-06, 5.692999e-06
4.289063e+00, 5.301279e-06, 5.301279e-06
4.304688e+00, 4.934103e-06, 4.934103e-06
4.320313e+00, 4.590115e-06, 4.590115e-06
4.335938e+00, 4.268025e-06, 4.268025e-06
4.351563e+00, 3.966599e-06, 3.966599e-06
4.367188e+00, 3.684661e-06, 3.684661e-06
4.382813e+00, 3.421092e-06, 3.421092e-06
4.398438e+00, 3.174826e-06, 3.174826e-06
4.414063e+00, 2.944849e-06, 2.944849e-06
4.429688e+00, 2.730197e-06, 2.730197e-06
4.445313e+00, 2.529956e-06, 2.529956e-06
4.460938e+00, 2.343257e-06, 2.343257e-06
4.476563e+00, 2.169276e-06, 2.169276e-06
4.492188e+00, 2.007232e-06, 2.007232e-06
4.507813e+00, 1.856386e-06, 1.856386e-06
4.523438e+00, 1.716039e-06, 1.716039e-06
4.539063e+00, 1.585527e-06, 1.585527e-06
4.554688e+00, 1.464226e-06, 1.464226e-06
4.570313e+00, 1.351546e-06, 1.351546e-06
4.585938e+00, 1.246927e-06, 1.246927e-06
4.601563e+00, 1.149846e-06, 1.149846e-06
4.617188e+00, 1.059805e-06, 1.059805e-06
4.632813e+00, 9.763381e-07, 9.763381e-07
4.648438e+00, 8.990057e-07, 8.990057e-07
4.664063e+00, 8.273945e-07, 8.273945e-07
4.679688e+00, 7.611158e-07, 7.611158e-07
4.695313e+00, 6.998046e-07, 6.998046e-07
4.710938e+00, 6.431181e-07, 6.431181e-07
4.726563e+00, 5.907350e-07, 5.907350e-07
4.742188e+00, 5.423536e-07, 5.423536e-07
4.757813e+00, 4.976917e-07, 4.976917e-07
4.773438e+00, 4.564846e-07, 4.564846e-07
4.789063e+00, 4.184850e-07, 4.184850e-07
4.804688e+00, 3.834613e-07, 3.834613e-07
4.820313e+00, 3.511972e-07, 3.511972e-07
4.835938e+00, 3.214908e-07, 3.214908e-07
4.851563e+00, 2.941535e-07, 2.941535e-07
4.867188e+00, 2.690094e-07, 2.690094e-07
4.882813e+00, 2.458945e-07, 2.458945e-07
4.898438e+00, 2.246561e-07, 2.246561e-07
4.914063e+00, 2.051518e-07, 2.051518e-07
4.929688e+00, 1.872495e-07, 1.872495e-07
4.945313e+00, 1.708259e-07, 1.708259e-07
4.960938e+00, 1.557667e-07, 1.557667e-07
4.976563e+00, 1.419658e-07, 1.419658e-07
4.992188e+00, 1.293245e-07, 1.293245e-07
5.000000e+00, 1.234098e-07, 1.234098e-07


#At time: 2.507267e+01, nsteps= 207


-1.000000e+00, 1.011555e-07, 2.329378e-07
-9.921875e-01, 1.185409e-07, 2.431490e-07
-9.765625e-01, 1.536752e-07, 2.648458e-07
-9.609375e-01, 1.894680e-07, 2.883505e-07
-9.453125e-01, 2.261185e-07, 3.138021e-07
-9.296875e-01, 2.638603e-07, 3.413486e-07
-9.140625e-01, 3.029081e-07, 3.711485e-07
-8.984375e-01, 3.435118e-07, 4.033709e-07
-8.828125e-01, 3.859038e-07, 4.381962e-07
-8.671875e-01, 4.303521e-07, 4.758171e-07
-8.515625e-01, 4.771093e-07, 5.164386e-07
-8.359375e-01, 5.264635e-07, 5.602794e-07
-8.203125e-01, 5.786903e-07, 6.075721e-07
-8.046875e-01, 6.341004e-07, 6.585645e-07
-7.890625e-01, 6.929953e-07, 7.135198e-07
-7.734375e-01, 7.557115e-07, 7.727180e-07
-7.578125e-01, 8.225797e-07, 8.364564e-07
-7.421875e-01, 8.939653e-07, 9.050506e-07
-7.265625e-01, 9.702322e-07, 9.788355e-07
-7.109375e-01, 1.051778e-06, 1.058166e-06
-6.953125e-01, 1.139005e-06, 1.143418e-06
-6.796875e-01, 1.232347e-06, 1.234991e-06
-6.640625e-01, 1.332248e-06, 1.333306e-06
-6.484375e-01, 1.439183e-06, 1.438808e-06
-6.328125e-01, 1.553642e-06, 1.551970e-06
-6.171875e-01, 1.676148e-06, 1.673289e-06
-6.015625e-01, 1.807241e-06, 1.803292e-06
-5.859375e-01, 1.947496e-06, 1.942533e-06
-5.703125e-01, 2.097511e-06, 2.091596e-06
-5.546875e-01, 2.257917e-06, 2.251099e-06
-5.390625e-01, 2.429375e-06, 2.421691e-06
-5.234375e-01, 2.612578e-06, 2.604055e-06
-5.078125e-01, 2.808255e-06, 2.798909e-06
-4.921875e-01, 3.017169e-06, 3.007008e-06
-4.765625e-01, 3.240120e-06, 3.229147e-06
-4.609375e-01, 3.477949e-06, 3.466157e-06
-4.453125e-01, 3.731534e-06, 3.718912e-06
-4.296875e-01, 4.001796e-06, 3.988328e-06
-4.140625e-01, 4.289699e-06, 4.275365e-06
-3.984375e-01, 4.596252e-06, 4.581025e-06
-3.828125e-01, 4.922507e-06, 4.906361e-06
-3.671875e-01, 5.269567e-06, 5.252469e-06
-3.515625e-01, 5.638582e-06, 5.620499e-06
-3.359375e-01, 6.030752e-06, 6.011647e-06
-3.203125e-01, 6.447330e-06, 6.427163e-06
-3.046875e-01, 6.889620e-06, 6.868351e-06
-2.890625e-01, 7.358981e-06, 7.336567e-06
-2.734375e-01, 7.856827e-06, 7.833225e-06
-2.578125e-01, 8.384631e-06, 8.359793e-06
-2.421875e-01, 8.943921e-06, 8.917801e-06
-2.265625e-01, 9.536285e-06, 9.508834e-06
-2.109375e-01, 1.016337e-05, 1.013454e-05
-1.953125e-01, 1.082689e-05, 1.079663e-05
-1.796875e-01, 1.152861e-05, 1.149686e-05
-1.640625e-01, 1.227036e-05, 1.223708e-05
-1.484375e-01, 1.305405e-05, 1.301919e-05
-1.328125e-01, 1.388164e-05, 1.384513e-05
-1.171875e-01, 1.475514e-05, 1.471693e-05
-1.015625e-01, 1.567665e-05, 1.563670e-05
-8.593750e-02, 1.664833e-05, 1.660657e-05
-7.031250e-02, 1.767239e-05, 1.762878e-05
-5.468750e-02, 1.875113e-05, 1.870560e-05
-3.906250e-02, 1.988689e-05, 1.983939e-05
-2.343750e-02, 2.108209e-05, 2.103257e-05
-7.812500e-03, 2.233921e-05, 2.228762e-05
7.812500e-03, 2.366080e-05, 2.360708e-05
2.343750e-02, 2.504945e-05, 2.499356e-05
3.906250e-02, 2.650785e-05, 2.644973e-05
5.468750e-02, 2.803872e-05, 2.797832e-05
7.031250e-02, 2.964485e-05, 2.958212e-05
8.593750e-02, 3.132909e-05, 3.126397e-05
1.015625e-01, 3.309432e-05, 3.302679e-05
1.171875e-01, 3.494352e-05, 3.487352e-05
1.328125e-01, 3.687969e-05, 3.680718e-05
1.484375e-01, 3.890588e-05, 3.883082e-05
1.640625e-01, 4.102518e-05, 4.094754e-05
1.796875e-01, 4.324075e-05, 4.316049e-05
1.953125e-01, 4.555576e-05, 4.547286e-05
2.109375e-01, 4.797343e-05, 4.788785e-05
2.265625e-01, 5.049700e-05, 5.040872e-05
2.421875e-01, 5.312975e-05, 5.303875e-05
2.578125e-01, 5.587498e-05, 5.578125e-05
2.734375e-01, 5.873600e-05, 5.863952e-05
2.890625e-01, 6.171614e-05, 6.161690e-05
3.046875e-01, 6.481873e-05, 6.471673e-05
3.203125e-01, 6.804711e-05, 6.794235e-05
3.359375e-01, 7.140460e-05, 7.129709e-05
3.515625e-01, 7.489453e-05, 7.478428e-05
3.671875e-01, 7.852021e-05, 7.840723e-05
3.828125e-01, 8.228490e-05, 8.216923e-05
3.984375e-01, 8.619185e-05, 8.607352e-05
4.140625e-01, 9.024428e-05, 9.012332e-05
4.296875e-01, 9.444534e-05, 9.432179e-05
4.453125e-01, 9.879815e-05, 9.867206e-05
4.609375e-01, 1.033057e-04, 1.031772e-04
4.765625e-01, 1.079711e-04, 1.078401e-04
4.921875e-01, 1.127971e-04, 1.126638e-04
5.078125e-01, 1.177866e-04, 1.176510e-04
5.234375e-01, 1.229422e-04, 1.228044e-04
5.390625e-01, 1.282666e-04, 1.281268e-04
5.546875e-01, 1.337623e-04, 1.336204e-04
5.703125e-01, 1.394315e-04, 1.392878e-04
5.859375e-01, 1.452767e-04, 1.451312e-04
6.015625e-01, 1.512997e-04, 1.511526e-04
6.171875e-01, 1.575026e-04, 1.573540e-04
6.328125e-01, 1.638870e-04, 1.637371e-04
6.484375e-01, 1.704547e-04, 1.703036e-04
6.640625e-01, 1.772070e-04, 1.770549e-04
6.796875e-01, 1.841450e-04, 1.839921e-04
6.953125e-01, 1.912699e-04, 1.911162e-04
7.109375e-01, 1.985823e-04, 1.984282e-04
7.265625e-01, 2.060829e-04, 2.059285e-04
7.421875e-01, 2.137720e-04, 2.136174e-04
7.578125e-01, 2.216496e-04, 2.214952e-04
7.734375e-01, 2.297156e-04, 2.295615e-04
7.890625e-01, 2.379696e-04, 2.378161e-04
8.046875e-01, 2.464109e-04, 2.462581e-04
8.203125e-01, 2.550385e-04, 2.548868e-04
8.359375e-01, 2.638511e-04, 2.637006e-04
8.515625e-01, 2.728473e-04, 2.726983e-04
8.671875e-01, 2.820250e-04, 2.818778e-04
8.828125e-01, 2.913822e-04, 2.912370e-04
8.984375e-01, 3.009164e-04, 3.007735e-04
9.140625e-01, 3.106248e-04, 3.104845e-04
9.296875e-01, 3.205042e-04, 3.203668e-04
9.453125e-01, 3.305512e-04, 3.304169e-04
9.609375e-01, 3.407621e-04, 3.406312e-04
9.765625e-01, 3.511325e-04, 3.510054e-04
9.921875e-01, 3.616582e-04, 3.615351e-04
1.007813e+00, 3.723343e-04, 3.722154e-04
1.023438e+00, 3.831555e-04, 3.830412e-04
1.039063e+00, 3.941165e-04, 3.940070e-04
1.054688e+00, 4.052113e-04, 4.051070e-04
1.070313e+00, 4.164337e-04, 4.163348e-04
1.085938e+00, 4.277771e-04, 4.276840e-04
1.101563e+00, 4.392347e-04, 4.391476e-04
1.117188e+00, 4.507993e-04, 4.507185e-04
1.132813e+00, 4.624632e-04, 4.623889e-04
1.148438e+00, 4.742185e-04, 4.741511e-04
1.164063e+00, 4.860571e-04, 4.859968e-04
1.179688e+00, 4.979703e-04, 4.979174e-04
1.195313e+00, 5.099494e-04, 5.099041e-04
1.210938e+00, 5.219850e-04, 5.219476e-04
1.226563e+00, 5.340679e-04, 5.340386e-04
1.242188e+00, 5.461882e-04, 5.461672e-04
1.257813e+00, 5.583359e-04, 5.583234e-04
1.273438e+00, 5.705007e-04, 5.704970e-04
1.289063e+00, 5.826722e-04, 5.826774e-04
1.304688e+00, 5.948394e-04, 5.948538e-04
1.320313e+00, 6.069915e-04, 6.070152e-04
1.335938e+00, 6.191173e-04, 6.191504e-04
1.351563e+00, 6.312053e-04, 6.312480e-04
1.367188e+00, 6.432441e-04, 6.432965e-04
1.382813e+00, 6.552218e-04, 6.552841e-04
1.398438e+00, 6.671267e-04, 6.671989e-04
1.414063e+00, 6.789467e-04, 6.790289e-04
1.429688e+00, 6.906698e-04, 6.907621e-04
1.445313e+00, 7.022838e-04, 7.023863e-04
1.460938e+00, 7.137766e-04, 7.138891e-04
1.476563e+00, 7.251358e-04, 7.252585e-04
1.492188e+00, 7.363491e-04, 7.364820e-04
1.507813e+00, 7.474044e-04, 7.475474e-04
1.523438e+00, 7.582893e-04, 7.584424e-04
1.539063e+00, 7.689916e-04, 7.691547e-04
1.554688e+00, 7.794993e-04, 7.796723e-04
1.570313e+00, 7.898002e-04, 7.899831e-04
1.585938e+00, 7.998825e-04, 8.000751e-04
1.601563e+00, 8.097343e-04, 8.099365e-04
1.617188e+00, 8.193441e-04, 8.195556e-04
1.632813e+00, 8.287003e-04, 8.289211e-04
1.648438e+00, 8.377918e-04, 8.380216e-04
1.664063e+00, 8.466076e-04, 8.468462e-04
1.679688e+00, 8.551368e-04, 8.553840e-04
1.695313e+00, 8.633690e-04, 8.636245e-04
1.710938e+00, 8.712940e-04, 8.715575e-04
1.726563e+00, 8.789019e-04, 8.791732e-04
1.742188e+00, 8.861831e-04, 8.864619e-04
1.757813e+00, 8.931286e-04, 8.934145e-04
1.773438e+00, 8.997294e-04, 9.000222e-04
1.789063e+00, 9.059772e-04, 9.062764e-04
1.804688e+00, 9.118639e-04, 9.121692e-04
1.820313e+00, 9.173820e-04, 9.176930e-04
1.835938e+00, 9.225243e-04, 9.228406e-04
1.851563e+00, 9.272841e-04, 9.276054e-04
1.867188e+00, 9.316553e-04, 9.319811e-04
1.882813e+00, 9.356321e-04, 9.359619e-04
1.898438e+00, 9.392093e-04, 9.395427e-04
1.914063e+00, 9.423821e-04, 9.427188e-04
1.929688e+00, 9.451465e-04, 9.454860e-04
1.945313e+00, 9.474987e-04, 9.478405e-04
1.960938e+00, 9.494357e-04, 9.497793e-04
1.976563e+00, 9.509549e-04, 9.512999e-04
1.992188e+00, 9.520542e-04, 9.524001e-04
2.007813e+00, 9.527322e-04, 9.530785e-04
2.023438e+00, 9.529880e-04, 9.533343e-04
2.039063e+00, 9.528212e-04, 9.531671e-04
2.054688e+00, 9.522321e-04, 9.525770e-04
2.070313e+00, 9.512215e-04, 9.515650e-04
2.085938e+00, 9.497907e-04, 9.501323e-04
2.101563e+00, 9.479415e-04, 9.482808e-04
2.117188e+00, 9.456766e-04, 9.460130e-04
2.132813e+00, 9.429987e-04, 9.433320e-04
2.148438e+00, 9.399116e-04, 9.402411e-04
2.164063e+00, 9.364192e-04, 9.367447e-04
2.179688e+00, 9.325262e-04, 9.328471e-04
2.195313e+00, 9.282377e-04, 9.285536e-04
2.210938e+00, 9.235592e-04, 9.238698e-04
2.226563e+00, 9.184969e-04, 9.188018e-04
2.242188e+00, 9.130574e-04, 9.133562e-04
2.257813e+00, 9.072477e-04, 9.075400e-04
2.273438e+00, 9.010753e-04, 9.013607e-04
2.289063e+00, 8.945481e-04, 8.948264e-04
2.304688e+00, 8.876745e-04, 8.879452e-04
2.320313e+00, 8.804631e-04, 8.807261e-04
2.335938e+00, 8.729232e-04, 8.731781e-04
2.351563e+00, 8.650641e-04, 8.653107e-04
2.367188e+00, 8.568957e-04, 8.571337e-04
2.382813e+00, 8.484281e-04, 8.486572e-04
2.398438e+00, 8.396718e-04, 8.398918e-04
2.414063e+00, 8.306374e-04, 8.308482e-04
2.429688e+00, 8.213358e-04, 8.215372e-04
2.445313e+00, 8.117784e-04, 8.119702e-04
2.460938e+00, 8.019765e-04, 8.021586e-04
2.476563e+00, 7.919416e-04, 7.921139e-04
2.492188e+00, 7.816856e-04, 7.818479e-04
2.507813e+00, 7.712204e-04, 7.713726e-04
2.523438e+00, 7.605579e-04, 7.607000e-04
2.539063e+00, 7.497102e-04, 7.498422e-04
2.554688e+00, 7.386896e-04, 7.388115e-04
2.570313e+00, 7.275084e-04, 7.276201e-04
2.585938e+00, 7.161787e-04, 7.162802e-04
2.601563e+00, 7.047129e-04, 7.048043e-04
2.617188e+00, 6.931232e-04, 6.932045e-04
2.632813e+00, 6.814218e-04, 6.814931e-04
2.648438e+00, 6.696210e-04, 6.696823e-04
2.664063e+00, 6.577327e-04, 6.577843e-04
2.679688e+00, 6.457691e-04, 6.458110e-04
2.695313e+00, 6.337420e-04, 6.337743e-04
2.710938e+00, 6.216632e-04, 6.216860e-04
2.726563e+00, 6.095442e-04, 6.095577e-04
2.742188e+00, 5.973964e-04, 5.974008e-04
2.757813e+00, 5.852312e-04, 5.852266e-04
2.773438e+00, 5.730595e-04, 5.730462e-04
2.789063e+00, 5.608921e-04, 5.608703e-04
2.804688e+00, 5.487397e-04, 5.487096e-04
2.820313e+00, 5.366126e-04, 5.365743e-04
2.835938e+00, 5.245208e-04, 5.244747e-04
2.851563e+00, 5.124741e-04, 5.124204e-04
2.867188e+00, 5.004821e-04, 5.004211e-04
2.882813e+00, 4.885541e-04, 4.884859e-04
2.898438e+00, 4.766988e-04, 4.766238e-04
2.914063e+00, 4.649250e-04, 4.648435e-04
2.929688e+00, 4.532409e-04, 4.531531e-04
2.945313e+00, 4.416546e-04, 4.415608e-04
2.960938e+00, 4.301736e-04, 4.300741e-04
2.976563e+00, 4.188053e-04, 4.187004e-04
2.992188e+00, 4.075567e-04, 4.074466e-04
3.007813e+00, 3.964343e-04, 3.963194e-04
3.023438e+00, 3.854445e-04, 3.853250e-04
3.039063e+00, 3.745932e-04, 3.744694e-04
3.054688e+00, 3.638859e-04, 3.637582e-04
3.070313e+00, 3.533280e-04, 3.531966e-04
3.085938e+00, 3.429242e-04, 3.427894e-04
3.101563e+00, 3.326793e-04, 3.325414e-04
3.117188e+00, 3.225973e-04, 3.224565e-04
3.132813e+00, 3.126821e-04, 3.125388e-04
3.148438e+00, 3.029373e-04, 3.027917e-04
3.164063e+00, 2.933661e-04, 2.932185e-04
3.179688e+00, 2.839713e-04, 2.838219e-04
3.195313e+00, 2.747554e-04, 2.746046e-04
3.210938e+00, 2.657208e-04, 2.655687e-04
3.226563e+00, 2.568693e-04, 2.567162e-04
3.242188e+00, 2.482026e-04, 2.480487e-04
3.257813e+00, 2.397219e-04, 2.395675e-04
3.273438e+00, 2.314283e-04, 2.312737e-04
3.289063e+00, 2.233226e-04, 2.231679e-04
3.304688e+00, 2.154053e-04, 2.152506e-04
3.320313e+00, 2.076765e-04, 2.075222e-04
3.335938e+00, 2.001362e-04, 1.999824e-04
3.351563e+00, 1.927842e-04, 1.926311e-04
3.367188e+00, 1.856199e-04, 1.854677e-04
3.382813e+00, 1.786426e-04, 1.784914e-04
3.398438e+00, 1.718513e-04, 1.717013e-04
3.414063e+00, 1.652449e-04, 1.650963e-04
3.429688e+00, 1.588220e-04, 1.586749e-04
3.445313e+00, 1.525811e-04, 1.524356e-04
3.460938e+00, 1.465204e-04, 1.463767e-04
3.476563e+00, 1.406380e-04, 1.404962e-04
3.492188e+00, 1.349320e-04, 1.347922e-04
3.507813e+00, 1.294000e-04, 1.292623e-04
3.523438e+00, 1.240399e-04, 1.239043e-04
3.539063e+00, 1.188490e-04, 1.187158e-04
3.554688e+00, 1.138249e-04, 1.136940e-04
3.570313e+00, 1.089648e-04, 1.088363e-04
3.585938e+00, 1.042659e-04, 1.041400e-04
3.601563e+00, 9.972548e-05, 9.960208e-05
3.617188e+00, 9.534046e-05, 9.521965e-05
3.632813e+00, 9.110782e-05, 9.098966e-05
3.648438e+00, 8.702449e-05, 8.690900e-05
3.664063e+00, 8.308730e-05, 8.297452e-05
3.679688e+00, 7.929306e-05, 7.918301e-05
3.695313e+00, 7.563853e-05, 7.553123e-05
3.710938e+00, 7.212044e-05, 7.201590e-05
3.726563e+00, 6.873548e-05, 6.863371e-05
3.742188e+00, 6.548035e-05, 6.538134e-05
3.757813e+00, 6.235170e-05, 6.225546e-05
3.773438e+00, 5.934622e-05, 5.925272e-05
3.789063e+00, 5.646055e-05, 5.636980e-05
3.804688e+00, 5.369137e-05, 5.360335e-05
3.820313e+00, 5.103537e-05, 5.095005e-05
3.835938e+00, 4.848925e-05, 4.840660e-05
3.851563e+00, 4.604971e-05, 4.596972e-05
3.867188e+00, 4.371352e-05, 4.363614e-05
3.882813e+00, 4.147744e-05, 4.140265e-05
3.898438e+00, 3.933829e-05, 3.926605e-05
3.914063e+00, 3.729292e-05, 3.722319e-05
3.929688e+00, 3.533822e-05, 3.527095e-05
3.945313e+00, 3.347112e-05, 3.340627e-05
3.960938e+00, 3.168861e-05, 3.162614e-05
3.976563e+00, 2.998772e-05, 2.992758e-05
3.992188e+00, 2.836554e-05, 2.830768e-05
4.007813e+00, 2.681921e-05, 2.676358e-05
4.023438e+00, 2.534594e-05, 2.529248e-05
4.039063e+00, 2.394297e-05, 2.389164e-05
4.054688e+00, 2.260763e-05, 2.255837e-05
4.070313e+00, 2.133730e-05, 2.129006e-05
4.085938e+00, 2.012941e-05, 2.008413e-05
4.101563e+00, 1.898148e-05, 1.893811e-05
4.117188e+00, 1.789108e-05, 1.784956e-05
4.132813e+00, 1.685583e-05, 1.681612e-05
4.148438e+00, 1.587344e-05, 1.583547e-05
4.164063e+00, 1.494168e-05, 1.490540e-05
4.179688e+00, 1.405838e-05, 1.402373e-05
4.195313e+00, 1.322142e-05, 1.318836e-05
4.210938e+00, 1.242878e-05, 1.239725e-05
4.226563e+00, 1.167847e-05, 1.164842e-05
4.242188e+00, 1.096860e-05, 1.093997e-05
4.257813e+00, 1.029730e-05, 1.027005e-05
4.273438e+00, 9.662796e-06, 9.636871e-06
4.289063e+00, 9.063367e-06, 9.038719e-06
4.304688e+00, 8.497350e-06, 8.473932e-06
4.320313e+00, 7.963146e-06, 7.940911e-06
4.335938e+00, 7.459212e-06, 7.438117e-06
4.351563e+00, 6.984065e-06, 6.964067e-06
4.367188e+00, 6.536279e-06, 6.517336e-06
4.382813e+00, 6.114483e-06, 6.096556e-06
4.398438e+00, 5.717359e-06, 5.700413e-06
4.414063e+00, 5.343645e-06, 5.327646e-06
4.429688e+00, 4.992130e-06, 4.977045e-06
4.445313e+00, 4.661651e-06, 4.647455e-06
4.460938e+00, 4.351097e-06, 4.337765e-06
4.476563e+00, 4.059402e-06, 4.046915e-06
4.492188e+00, 3.785549e-06, 3.773892e-06
4.507813e+00, 3.528560e-06, 3.517726e-06
4.523438e+00, 3.287508e-06, 3.277494e-06
4.539063e+00, 3.061499e-06, 3.052314e-06
4.554688e+00, 2.849686e-06, 2.841343e-06
4.570313e+00, 2.651253e-06, 2.643780e-06
4.585938e+00, 2.465430e-06, 2.458863e-06
4.601563e+00, 2.291471e-06, 2.285865e-06
4.617188e+00, 2.128677e-06, 2.124096e-06
4.632813e+00, 1.976365e-06, 1.972899e-06
4.648438e+00, 1.833899e-06, 1.831652e-06
4.664063e+00, 1.700654e-06, 1.699763e-06
4.679688e+00, 1.576052e-06, 1.576670e-06
4.695313e+00, 1.459518e-06, 1.461843e-06
4.710938e+00, 1.350527e-06, 1.354777e-06
4.726563e+00, 1.248545e-06, 1.254996e-06
4.742188e+00, 1.153093e-06, 1.162048e-06
4.757813e+00, 1.063675e-06, 1.075507e-06
4.773438e+00, 9.798498e-07, 9.949684e-07
4.789063e+00, 9.011513e-07, 9.200529e-07
4.804688e+00, 8.271715e-07, 8.504007e-07
4.820313e+00, 7.574665e-07, 7.856727e-07
4.835938e+00, 6.916546e-07, 7.255494e-07
4.851563e+00, 6.293082e-07, 6.697297e-07
4.867188e+00, 5.700648e-07, 6.179302e-07
4.882813e+00, 5.135063e-07, 5.698842e-07
4.898438e+00, 4.592826e-07, 5.253406e-07
4.914063e+00, 4.069784e-07, 4.840639e-07
4.929688e+00, 3.562481e-07, 4.458324e-07
4.945313e+00, 3.066729e-07, 4.104383e-07
4.960938e+00, 2.579040e-07, 3.776864e-07
4.976563e+00, 2.095119e-07, 3.473938e-07
4.992188e+00, 1.611363e-07, 3.193891e-07
5.000000e+00, 1.366647e-07, 3.061942e-07


#At time: 5.002422e+01, nsteps= 413


-1.000000e+00, 8.323448e-08, 3.925755e-07
-9.921875e-01, 1.114988e-07, 4.084578e-07
-9.765625e-01, 1.685801e-07, 4.420412e-07
-9.609375e-01, 2.267484e-07, 4.781912e-07
-9.453125e-01, 2.862490e-07, 5.170871e-07
-9.296875e-01, 3.473541e-07, 5.589193e-07
-9.140625e-01, 4.103275e-07, 6.038900e-07
-8.984375e-01, 4.754611e-07, 6.522137e-07
-8.828125e-01, 5.430395e-07, 7.041176e-07
-8.671875e-01, 6.133768e-07, 7.598430e-07
-8.515625e-01, 6.867813e-07, 8.196450e-07
-8.359375e-01, 7.635919e-07, 8.837939e-07
-8.203125e-01, 8.441435e-07, 9.525758e-07
-8.046875e-01, 9.288028e-07, 1.026293e-06
-7.890625e-01, 1.017934e-06, 1.105265e-06
-7.734375e-01, 1.111935e-06, 1.189830e-06
-7.578125e-01, 1.211203e-06, 1.280344e-06
-7.421875e-01, 1.316170e-06, 1.377183e-06
-7.265625e-01, 1.427270e-06, 1.480744e-06
-7.109375e-01, 1.544971e-06, 1.591445e-06
-6.953125e-01, 1.669747e-06, 1.709726e-06
-6.796875e-01, 1.802110e-06, 1.836051e-06
-6.640625e-01, 1.942578e-06, 1.970908e-06
-6.484375e-01, 2.091704e-06, 2.114809e-06
-6.328125e-01, 2.250057e-06, 2.268293e-06
-6.171875e-01, 2.418240e-06, 2.431927e-06
-6.015625e-01, 2.596873e-06, 2.606306e-06
-5.859375e-01, 2.786612e-06, 2.792051e-06
-5.703125e-01, 2.988133e-06, 2.989817e-06
-5.546875e-01, 3.202152e-06, 3.200290e-06
-5.390625e-01, 3.429404e-06, 3.424185e-06
-5.234375e-01, 3.670669e-06, 3.662254e-06
-5.078125e-01, 3.926746e-06, 3.915281e-06
-4.921875e-01, 4.198481e-06, 4.184087e-06
-4.765625e-01, 4.486746e-06, 4.469530e-06
-4.609375e-01, 4.792456e-06, 4.772504e-06
-4.453125e-01, 5.116557e-06, 5.093942e-06
-4.296875e-01, 5.460040e-06, 5.434818e-06
-4.140625e-01, 5.823931e-06, 5.796146e-06
-3.984375e-01, 6.209301e-06, 6.178982e-06
-3.828125e-01, 6.617259e-06, 6.584424e-06
-3.671875e-01, 7.048959e-06, 7.013617e-06
-3.515625e-01, 7.505599e-06, 7.467746e-06
-3.359375e-01, 7.988421e-06, 7.948045e-06
-3.203125e-01, 8.498713e-06, 8.455795e-06
-3.046875e-01, 9.037811e-06, 8.992322e-06
-2.890625e-01, 9.607097e-06, 9.559002e-06
-2.734375e-01, 1.020800e-05, 1.015726e-05
-2.578125e-01, 1.084201e-05, 1.078857e-05
-2.421875e-01, 1.151064e-05, 1.145446e-05
-2.265625e-01, 1.221548e-05, 1.215650e-05
-2.109375e-01, 1.295817e-05, 1.289631e-05
-1.953125e-01, 1.374038e-05, 1.367559e-05
-1.796875e-01, 1.456384e-05, 1.449606e-05
-1.640625e-01, 1.543035e-05, 1.535950e-05
-1.484375e-01, 1.634175e-05, 1.626775e-05
-1.328125e-01, 1.729991e-05, 1.722269e-05
-1.171875e-01, 1.830680e-05, 1.822628e-05
-1.015625e-01, 1.936439e-05, 1.928050e-05
-8.593750e-02, 2.047474e-05, 2.038741e-05
-7.031250e-02, 2.163995e-05, 2.154909e-05
-5.468750e-02, 2.286217e-05, 2.276770e-05
-3.906250e-02, 2.414359e-05, 2.404543e-05
-2.343750e-02, 2.548646e-05, 2.538454e-05
-7.812500e-03, 2.689309e-05, 2.678733e-05
7.812500e-03, 2.836581e-05, 2.825614e-05
2.343750e-02, 2.990702e-05, 2.979336e-05
3.906250e-02, 3.151915e-05, 3.140144e-05
5.468750e-02, 3.320469e-05, 3.308284e-05
7.031250e-02, 3.496613e-05, 3.484010e-05
8.593750e-02, 3.680606e-05, 3.667578e-05
1.015625e-01, 3.872706e-05, 3.859246e-05
1.171875e-01, 4.073176e-05, 4.059280e-05
1.328125e-01, 4.282282e-05, 4.267945e-05
1.484375e-01, 4.500294e-05, 4.485510e-05
1.640625e-01, 4.727482e-05, 4.712249e-05
1.796875e-01, 4.964122e-05, 4.948436e-05
1.953125e-01, 5.210490e-05, 5.194347e-05
2.109375e-01, 5.466861e-05, 5.450260e-05
2.265625e-01, 5.733517e-05, 5.716455e-05
2.421875e-01, 6.010735e-05, 5.993213e-05
2.578125e-01, 6.298797e-05, 6.280813e-05
2.734375e-01, 6.597982e-05, 6.579537e-05
2.890625e-01, 6.908570e-05, 6.889665e-05
3.046875e-01, 7.230838e-05, 7.211477e-05
3.203125e-01, 7.565064e-05, 7.545249e-05
3.359375e-01, 7.911524e-05, 7.891259e-05
3.515625e-01, 8.270488e-05, 8.249778e-05
3.671875e-01, 8.642226e-05, 8.621077e-05
3.828125e-01, 9.027004e-05, 9.005423e-05
3.984375e-01, 9.425082e-05, 9.403077e-05
4.140625e-01, 9.836716e-05, 9.814296e-05
4.296875e-01, 1.026216e-04, 1.023933e-04
4.453125e-01, 1.070165e-04, 1.067843e-04
4.609375e-01, 1.115543e-04, 1.113183e-04
4.765625e-01, 1.162372e-04, 1.159976e-04
4.921875e-01, 1.210676e-04, 1.208244e-04
5.078125e-01, 1.260474e-04, 1.258008e-04
5.234375e-01, 1.311787e-04, 1.309290e-04
5.390625e-01, 1.364635e-04, 1.362107e-04
5.546875e-01, 1.419035e-04, 1.416479e-04
5.703125e-01, 1.475004e-04, 1.472422e-04
5.859375e-01, 1.532558e-04, 1.529952e-04
6.015625e-01, 1.591710e-04, 1.589083e-04
6.171875e-01, 1.652474e-04, 1.649828e-04
6.328125e-01, 1.714860e-04, 1.712198e-04
6.484375e-01, 1.778879e-04, 1.776204e-04
6.640625e-01, 1.844538e-04, 1.841852e-04
6.796875e-01, 1.911843e-04, 1.909150e-04
6.953125e-01, 1.980800e-04, 1.978101e-04
7.109375e-01, 2.051409e-04, 2.048710e-04
7.265625e-01, 2.123673e-04, 2.120975e-04
7.421875e-01, 2.197588e-04, 2.194897e-04
7.578125e-01, 2.273153e-04, 2.270470e-04
7.734375e-01, 2.350361e-04, 2.347691e-04
7.890625e-01, 2.429203e-04, 2.426550e-04
8.046875e-01, 2.509671e-04, 2.507038e-04
8.203125e-01, 2.591750e-04, 2.589142e-04
8.359375e-01, 2.675427e-04, 2.672847e-04
8.515625e-01, 2.760683e-04, 2.758136e-04
8.671875e-01, 2.847498e-04, 2.844989e-04
8.828125e-01, 2.935851e-04, 2.933383e-04
8.984375e-01, 3.025715e-04, 3.023293e-04
9.140625e-01, 3.117063e-04, 3.114691e-04
9.296875e-01, 3.209864e-04, 3.207547e-04
9.453125e-01, 3.304085e-04, 3.301827e-04
9.609375e-01, 3.399690e-04, 3.397497e-04
9.765625e-01, 3.496641e-04, 3.494516e-04
9.921875e-01, 3.594895e-04, 3.592843e-04
1.007813e+00, 3.694409e-04, 3.692434e-04
1.023438e+00, 3.795135e-04, 3.793243e-04
1.039063e+00, 3.897023e-04, 3.895218e-04
1.054688e+00, 4.000021e-04, 3.998308e-04
1.070313e+00, 4.104073e-04, 4.102457e-04
1.085938e+00, 4.209122e-04, 4.207606e-04
1.101563e+00, 4.315105e-04, 4.313695e-04
1.117188e+00, 4.421960e-04, 4.420659e-04
1.132813e+00, 4.529620e-04, 4.528434e-04
1.148438e+00, 4.638017e-04, 4.636948e-04
1.164063e+00, 4.747078e-04, 4.746132e-04
1.179688e+00, 4.856730e-04, 4.855910e-04
1.195313e+00, 4.966896e-04, 4.966207e-04
1.210938e+00, 5.077497e-04, 5.076942e-04
1.226563e+00, 5.188453e-04, 5.188036e-04
1.242188e+00, 5.299679e-04, 5.299404e-04
1.257813e+00, 5.411091e-04, 5.410961e-04
1.273438e+00, 5.522601e-04, 5.522618e-04
1.289063e+00, 5.634118e-04, 5.634287e-04
1.304688e+00, 5.745553e-04, 5.745875e-04
1.320313e+00, 5.856811e-04, 5.857290e-04
1.335938e+00, 5.967799e-04, 5.968437e-04
1.351563e+00, 6.078419e-04, 6.079218e-04
1.367188e+00, 6.188575e-04, 6.189537e-04
1.382813e+00, 6.298168e-04, 6.299295e-04
1.398438e+00, 6.407097e-04, 6.408390e-04
1.414063e+00, 6.515263e-04, 6.516724e-04
1.429688e+00, 6.622563e-04, 6.624192e-04
1.445313e+00, 6.728896e-04, 6.730694e-04
1.460938e+00, 6.834159e-04, 6.836127e-04
1.476563e+00, 6.938249e-04, 6.940386e-04
1.492188e+00, 7.041062e-04, 7.043370e-04
1.507813e+00, 7.142497e-04, 7.144973e-04
1.523438e+00, 7.242449e-04, 7.245094e-04
1.539063e+00, 7.340817e-04, 7.343630e-04
1.554688e+00, 7.437499e-04, 7.440478e-04
1.570313e+00, 7.532392e-04, 7.535536e-04
1.585938e+00, 7.625398e-04, 7.628704e-04
1.601563e+00, 7.716415e-04, 7.719883e-04
1.617188e+00, 7.805348e-04, 7.808974e-04
1.632813e+00, 7.892098e-04, 7.895879e-04
1.648438e+00, 7.976570e-04, 7.980504e-04
1.664063e+00, 8.058672e-04, 8.062755e-04
1.679688e+00, 8.138311e-04, 8.142539e-04
1.695313e+00, 8.215398e-04, 8.219769e-04
1.710938e+00, 8.289847e-04, 8.294355e-04
1.726563e+00, 8.361573e-04, 8.366214e-04
1.742188e+00, 8.430492e-04, 8.435262e-04
1.757813e+00, 8.496527e-04, 8.501421e-04
1.773438e+00, 8.559601e-04, 8.564613e-04
1.789063e+00, 8.619640e-04, 8.624765e-04
1.804688e+00, 8.676574e-04, 8.681806e-04
1.820313e+00, 8.730336e-04, 8.735670e-04
1.835938e+00, 8.780863e-04, 8.786292e-04
1.851563e+00, 8.828094e-04, 8.833612e-04
1.867188e+00, 8.871974e-04, 8.877575e-04
1.882813e+00, 8.912450e-04, 8.918128e-04
1.898438e+00, 8.949474e-04, 8.955221e-04
1.914063e+00, 8.983001e-04, 8.988811e-04
1.929688e+00, 9.012991e-04, 9.018856e-04
1.945313e+00, 9.039407e-04, 9.045321e-04
1.960938e+00, 9.062218e-04, 9.068173e-04
1.976563e+00, 9.081395e-04, 9.087384e-04
1.992188e+00, 9.096917e-04, 9.102932e-04
2.007813e+00, 9.108763e-04, 9.114798e-04
2.023438e+00, 9.116919e-04, 9.122966e-04
2.039063e+00, 9.121376e-04, 9.127427e-04
2.054688e+00, 9.122128e-04, 9.128175e-04
2.070313e+00, 9.119174e-04, 9.125210e-04
2.085938e+00, 9.112517e-04, 9.118536e-04
2.101563e+00, 9.102167e-04, 9.108159e-04
2.117188e+00, 9.088134e-04, 9.094094e-04
2.132813e+00, 9.070437e-04, 9.076356e-04
2.148438e+00, 9.049097e-04, 9.054969e-04
2.164063e+00, 9.024140e-04, 9.029956e-04
2.179688e+00, 8.995596e-04, 9.001350e-04
2.195313e+00, 8.963499e-04, 8.969185e-04
2.210938e+00, 8.927888e-04, 8.933499e-04
2.226563e+00, 8.888807e-04, 8.894335e-04
2.242188e+00, 8.846301e-04, 8.851741e-04
2.257813e+00, 8.800422e-04, 8.805767e-04
2.273438e+00, 8.751225e-04, 8.756469e-04
2.289063e+00, 8.698767e-04, 8.703904e-04
2.304688e+00, 8.643111e-04, 8.648136e-04
2.320313e+00, 8.584323e-04, 8.589230e-04
2.335938e+00, 8.522470e-04, 8.527254e-04
2.351563e+00, 8.457627e-04, 8.462283e-04
2.367188e+00, 8.389866e-04, 8.394390e-04
2.382813e+00, 8.319268e-04, 8.323654e-04
2.398438e+00, 8.245912e-04, 8.250157e-04
2.414063e+00, 8.169883e-04, 8.173983e-04
2.429688e+00, 8.091267e-04, 8.095218e-04
2.445313e+00, 8.010151e-04, 8.013950e-04
2.460938e+00, 7.926628e-04, 7.930271e-04
2.476563e+00, 7.840788e-04, 7.844273e-04
2.492188e+00, 7.752727e-04, 7.756052e-04
2.507813e+00, 7.662541e-04, 7.665703e-04
2.523438e+00, 7.570328e-04, 7.573325e-04
2.539063e+00, 7.476186e-04, 7.479017e-04
2.554688e+00, 7.380215e-04, 7.382878e-04
2.570313e+00, 7.282516e-04, 7.285011e-04
2.585938e+00, 7.183191e-04, 7.185516e-04
2.601563e+00, 7.082342e-04, 7.084498e-04
2.617188e+00, 6.980072e-04, 6.982058e-04
2.632813e+00, 6.876485e-04, 6.878301e-04
2.648438e+00, 6.771682e-04, 6.773329e-04
2.664063e+00, 6.665767e-04, 6.667246e-04
2.679688e+00, 6.558844e-04, 6.560154e-04
2.695313e+00, 6.451013e-04, 6.452157e-04
2.710938e+00, 6.342378e-04, 6.343356e-04
2.726563e+00, 6.233038e-04, 6.233854e-04
2.742188e+00, 6.123095e-04, 6.123749e-04
2.757813e+00, 6.012648e-04, 6.013142e-04
2.773438e+00, 5.901794e-04, 5.902131e-04
2.789063e+00, 5.790630e-04, 5.790813e-04
2.804688e+00, 5.679251e-04, 5.679283e-04
2.820313e+00, 5.567752e-04, 5.567636e-04
2.835938e+00, 5.456225e-04, 5.455963e-04
2.851563e+00, 5.344759e-04, 5.344355e-04
2.867188e+00, 5.233443e-04, 5.232900e-04
2.882813e+00, 5.122363e-04, 5.121686e-04
2.898438e+00, 5.011604e-04, 5.010796e-04
2.914063e+00, 4.901248e-04, 4.900313e-04
2.929688e+00, 4.791375e-04, 4.790316e-04
2.945313e+00, 4.682061e-04, 4.680884e-04
2.960938e+00, 4.573383e-04, 4.572091e-04
2.976563e+00, 4.465412e-04, 4.464010e-04
2.992188e+00, 4.358218e-04, 4.356711e-04
3.007813e+00, 4.251870e-04, 4.250261e-04
3.023438e+00, 4.146432e-04, 4.144725e-04
3.039063e+00, 4.041965e-04, 4.040166e-04
3.054688e+00, 3.938529e-04, 3.936643e-04
3.070313e+00, 3.836181e-04, 3.834212e-04
3.085938e+00, 3.734974e-04, 3.732927e-04
3.101563e+00, 3.634960e-04, 3.632839e-04
3.117188e+00, 3.536187e-04, 3.533996e-04
3.132813e+00, 3.438700e-04, 3.436445e-04
3.148438e+00, 3.342541e-04, 3.340227e-04
3.164063e+00, 3.247752e-04, 3.245382e-04
3.179688e+00, 3.154368e-04, 3.151948e-04
3.195313e+00, 3.062425e-04, 3.059958e-04
3.210938e+00, 2.971953e-04, 2.969445e-04
3.226563e+00, 2.882983e-04, 2.880436e-04
3.242188e+00, 2.795539e-04, 2.792960e-04
3.257813e+00, 2.709647e-04, 2.707038e-04
3.273438e+00, 2.625326e-04, 2.622692e-04
3.289063e+00, 2.542595e-04, 2.539941e-04
3.304688e+00, 2.461471e-04, 2.458800e-04
3.320313e+00, 2.381967e-04, 2.379282e-04
3.335938e+00, 2.304095e-04, 2.301400e-04
3.351563e+00, 2.227862e-04, 2.225162e-04
3.367188e+00, 2.153277e-04, 2.150574e-04
3.382813e+00, 2.080342e-04, 2.077641e-04
3.398438e+00, 2.009062e-04, 2.006364e-04
3.414063e+00, 1.939435e-04, 1.936745e-04
3.429688e+00, 1.871461e-04, 1.868781e-04
3.445313e+00, 1.805135e-04, 1.802469e-04
3.460938e+00, 1.740452e-04, 1.737802e-04
3.476563e+00, 1.677405e-04, 1.674774e-04
3.492188e+00, 1.615985e-04, 1.613375e-04
3.507813e+00, 1.556181e-04, 1.553595e-04
3.523438e+00, 1.497982e-04, 1.495421e-04
3.539063e+00, 1.441373e-04, 1.438840e-04
3.554688e+00, 1.386340e-04, 1.383837e-04
3.570313e+00, 1.332866e-04, 1.330395e-04
3.585938e+00, 1.280934e-04, 1.278496e-04
3.601563e+00, 1.230525e-04, 1.228123e-04
3.617188e+00, 1.181619e-04, 1.179254e-04
3.632813e+00, 1.134196e-04, 1.131869e-04
3.648438e+00, 1.088234e-04, 1.085946e-04
3.664063e+00, 1.043710e-04, 1.041463e-04
3.679688e+00, 1.000601e-04, 9.983953e-05
3.695313e+00, 9.588831e-05, 9.567194e-05
3.710938e+00, 9.185307e-05, 9.164102e-05
3.726563e+00, 8.795188e-05, 8.774423e-05
3.742188e+00, 8.418216e-05, 8.397896e-05
3.757813e+00, 8.054127e-05, 8.034258e-05
3.773438e+00, 7.702653e-05, 7.683238e-05
3.789063e+00, 7.363523e-05, 7.344566e-05
3.804688e+00, 7.036463e-05, 7.017967e-05
3.820313e+00, 6.721197e-05, 6.703162e-05
3.835938e+00, 6.417448e-05, 6.399875e-05
3.851563e+00, 6.124935e-05, 6.107824e-05
3.867188e+00, 5.843379e-05, 5.826730e-05
3.882813e+00, 5.572500e-05, 5.556311e-05
3.898438e+00, 5.312018e-05, 5.296286e-05
3.914063e+00, 5.061654e-05, 5.046377e-05
3.929688e+00, 4.821130e-05, 4.806304e-05
3.945313e+00, 4.590169e-05, 4.575790e-05
3.960938e+00, 4.368496e-05, 4.354559e-05
3.976563e+00, 4.155838e-05, 4.142339e-05
3.992188e+00, 3.951925e-05, 3.938859e-05
4.007813e+00, 3.756489e-05, 3.743850e-05
4.023438e+00, 3.569267e-05, 3.557048e-05
4.039063e+00, 3.389998e-05, 3.378193e-05
4.054688e+00, 3.218423e-05, 3.207025e-05
4.070313e+00, 3.054289e-05, 3.043292e-05
4.085938e+00, 2.897348e-05, 2.886743e-05
4.101563e+00, 2.747353e-05, 2.737133e-05
4.117188e+00, 2.604063e-05, 2.594222e-05
4.132813e+00, 2.467242e-05, 2.457772e-05
4.148438e+00, 2.336659e-05, 2.327551e-05
4.164063e+00, 2.212087e-05, 2.203334e-05
4.179688e+00, 2.093303e-05, 2.084897e-05
4.195313e+00, 1.980090e-05, 1.972024e-05
4.210938e+00, 1.872237e-05, 1.864503e-05
4.226563e+00, 1.769537e-05, 1.762128e-05
4.242188e+00, 1.671787e-05, 1.664696e-05
4.257813e+00, 1.578791e-05, 1.572012e-05
4.273438e+00, 1.490359e-05, 1.483884e-05
4.289063e+00, 1.406303e-05, 1.400127e-05
4.304688e+00, 1.326443e-05, 1.320560e-05
4.320313e+00, 1.250603e-05, 1.245008e-05
4.335938e+00, 1.178613e-05, 1.173301e-05
4.351563e+00, 1.110306e-05, 1.105274e-05
4.367188e+00, 1.045523e-05, 1.040768e-05
4.382813e+00, 9.841077e-06, 9.796280e-06
4.398438e+00, 9.259102e-06, 9.217045e-06
4.414063e+00, 8.707843e-06, 8.668531e-06
4.429688e+00, 8.185898e-06, 8.149344e-06
4.445313e+00, 7.691899e-06, 7.658136e-06
4.460938e+00, 7.224537e-06, 7.193608e-06
4.476563e+00, 6.782537e-06, 6.754509e-06
4.492188e+00, 6.364677e-06, 6.339633e-06
4.507813e+00, 5.969770e-06, 5.947819e-06
4.523438e+00, 5.596679e-06, 5.577950e-06
4.539063e+00, 5.244297e-06, 5.228955e-06
4.554688e+00, 4.911571e-06, 4.899800e-06
4.570313e+00, 4.597467e-06, 4.589498e-06
4.585938e+00, 4.301010e-06, 4.297099e-06
4.601563e+00, 4.021236e-06, 4.021691e-06
4.617188e+00, 3.757238e-06, 3.762404e-06
4.632813e+00, 3.508121e-06, 3.518402e-06
4.648438e+00, 3.273040e-06, 3.288886e-06
4.664063e+00, 3.051159e-06, 3.073091e-06
4.679688e+00, 2.841693e-06, 2.870287e-06
4.695313e+00, 2.643857e-06, 2.679776e-06
4.710938e+00, 2.456919e-06, 2.500892e-06
4.726563e+00, 2.280138e-06, 2.333000e-06
4.742188e+00, 2.112830e-06, 2.175494e-06
4.757813e+00, 1.954294e-06, 2.027796e-06
4.773438e+00, 1.803881e-06, 1.889357e-06
4.789063e+00, 1.660925e-06, 1.759653e-06
4.804688e+00, 1.524807e-06, 1.638187e-06
4.820313e+00, 1.394886e-06, 1.524484e-06
4.835938e+00, 1.270567e-06, 1.418097e-06
4.851563e+00, 1.151225e-06, 1.318597e-06
4.867188e+00, 1.036282e-06, 1.225580e-06
4.882813e+00, 9.251212e-07, 1.138661e-06
4.898438e+00, 8.171716e-07, 1.057476e-06
4.914063e+00, 7.118156e-07, 9.816799e-07
4.929688e+00, 6.084813e-07, 9.109459e-07
4.945313e+00, 5.065418e-07, 8.449648e-07
4.960938e+00, 4.054131e-07, 7.834439e-07
4.976563e+00, 3.044498e-07, 7.261068e-07
4.992188e+00, 2.030452e-07, 6.726922e-07
5.000000e+00, 1.517072e-07, 6.473782e-07


#At time: 7.509690e+01, nsteps= 620


-1.000000e+00, 6.857708e-08, 6.093126e-07
-9.921875e-01, 1.096422e-07, 6.322177e-07
-9.765625e-01, 1.925512e-07, 6.804517e-07
-9.609375e-01, 2.770269e-07, 7.320907e-07
-9.453125e-01, 3.633754e-07, 7.873528e-07
-9.296875e-01, 4.518988e-07, 8.464686e-07
-9.140625e-01, 5.429242e-07, 9.096812e-07
-8.984375e-01, 6.367756e-07, 9.772474e-07
-8.828125e-01, 7.338030e-07, 1.049438e-06
-8.671875e-01, 8.343549e-07, 1.126538e-06
-8.515625e-01, 9.388071e-07, 1.208849e-06
-8.359375e-01, 1.047535e-06, 1.296687e-06
-8.203125e-01, 1.160943e-06, 1.390385e-06
-8.046875e-01, 1.279436e-06, 1.490294e-06
-7.890625e-01, 1.403451e-06, 1.596782e-06
-7.734375e-01, 1.533424e-06, 1.710237e-06
-7.578125e-01, 1.669825e-06, 1.831066e-06
-7.421875e-01, 1.813129e-06, 1.959695e-06
-7.265625e-01, 1.963843e-06, 2.096573e-06
-7.109375e-01, 2.122479e-06, 2.242170e-06
-6.953125e-01, 2.289585e-06, 2.396977e-06
-6.796875e-01, 2.465717e-06, 2.561510e-06
-6.640625e-01, 2.651465e-06, 2.736310e-06
-6.484375e-01, 2.847431e-06, 2.921941e-06
-6.328125e-01, 3.054254e-06, 3.118994e-06
-6.171875e-01, 3.272583e-06, 3.328086e-06
-6.015625e-01, 3.503108e-06, 3.549862e-06
-5.859375e-01, 3.746533e-06, 3.784995e-06
-5.703125e-01, 4.003599e-06, 4.034187e-06
-5.546875e-01, 4.275068e-06, 4.298172e-06
-5.390625e-01, 4.561739e-06, 4.577711e-06
-5.234375e-01, 4.864432e-06, 4.873601e-06
-5.078125e-01, 5.184008e-06, 5.186668e-06
-4.921875e-01, 5.521352e-06, 5.517773e-06
-4.765625e-01, 5.877387e-06, 5.867812e-06
-4.609375e-01, 6.253065e-06, 6.237714e-06
-4.453125e-01, 6.649379e-06, 6.628445e-06
-4.296875e-01, 7.067349e-06, 7.041006e-06
-4.140625e-01, 7.508040e-06, 7.476439e-06
-3.984375e-01, 7.972543e-06, 7.935819e-06
-3.828125e-01, 8.461998e-06, 8.420263e-06
-3.671875e-01, 8.977574e-06, 8.930926e-06
-3.515625e-01, 9.520486e-06, 9.469003e-06
-3.359375e-01, 1.009198e-05, 1.003573e-05
-3.203125e-01, 1.069335e-05, 1.063238e-05
-3.046875e-01, 1.132593e-05, 1.126028e-05
-2.890625e-01, 1.199108e-05, 1.192078e-05
-2.734375e-01, 1.269023e-05, 1.261528e-05
-2.578125e-01, 1.342483e-05, 1.334524e-05
-2.421875e-01, 1.419636e-05, 1.411213e-05
-2.265625e-01, 1.500639e-05, 1.491749e-05
-2.109375e-01, 1.585647e-05, 1.576289e-05
-1.953125e-01, 1.674825e-05, 1.664994e-05
-1.796875e-01, 1.768338e-05, 1.758032e-05
-1.640625e-01, 1.866357e-05, 1.855571e-05
-1.484375e-01, 1.969057e-05, 1.957787e-05
-1.328125e-01, 2.076618e-05, 2.064858e-05
-1.171875e-01, 2.189223e-05, 2.176967e-05
-1.015625e-01, 2.307059e-05, 2.294301e-05
-8.593750e-02, 2.430317e-05, 2.417052e-05
-7.031250e-02, 2.559193e-05, 2.545414e-05
-5.468750e-02, 2.693886e-05, 2.679586e-05
-3.906250e-02, 2.834599e-05, 2.819772e-05
-2.343750e-02, 2.981539e-05, 2.966178e-05
-7.812500e-03, 3.134915e-05, 3.119015e-05
7.812500e-03, 3.294941e-05, 3.278495e-05
2.343750e-02, 3.461834e-05, 3.444836e-05
3.906250e-02, 3.635814e-05, 3.618257e-05
5.468750e-02, 3.817102e-05, 3.798983e-05
7.031250e-02, 4.005926e-05, 3.987237e-05
8.593750e-02, 4.202512e-05, 4.183250e-05
1.015625e-01, 4.407090e-05, 4.387251e-05
1.171875e-01, 4.619894e-05, 4.599472e-05
1.328125e-01, 4.841156e-05, 4.820150e-05
1.484375e-01, 5.071112e-05, 5.049518e-05
1.640625e-01, 5.309998e-05, 5.287815e-05
1.796875e-01, 5.558053e-05, 5.535280e-05
1.953125e-01, 5.815514e-05, 5.792150e-05
2.109375e-01, 6.082619e-05, 6.058665e-05
2.265625e-01, 6.359608e-05, 6.335063e-05
2.421875e-01, 6.646716e-05, 6.621585e-05
2.578125e-01, 6.944183e-05, 6.918467e-05
2.734375e-01, 7.252242e-05, 7.225946e-05
2.890625e-01, 7.571128e-05, 7.544257e-05
3.046875e-01, 7.901073e-05, 7.873633e-05
3.203125e-01, 8.242305e-05, 8.214305e-05
3.359375e-01, 8.595052e-05, 8.566499e-05
3.515625e-01, 8.959536e-05, 8.930439e-05
3.671875e-01, 9.335976e-05, 9.306347e-05
3.828125e-01, 9.724586e-05, 9.694436e-05
3.984375e-01, 1.012557e-04, 1.009492e-04
4.140625e-01, 1.053915e-04, 1.050800e-04
4.296875e-01, 1.096550e-04, 1.093388e-04
4.453125e-01, 1.140482e-04, 1.137274e-04
4.609375e-01, 1.185730e-04, 1.182478e-04
4.765625e-01, 1.232311e-04, 1.229017e-04
4.921875e-01, 1.280242e-04, 1.276909e-04
5.078125e-01, 1.329539e-04, 1.326168e-04
5.234375e-01, 1.380217e-04, 1.376811e-04
5.390625e-01, 1.432289e-04, 1.428851e-04
5.546875e-01, 1.485768e-04, 1.482301e-04
5.703125e-01, 1.540667e-04, 1.537173e-04
5.859375e-01, 1.596996e-04, 1.593479e-04
6.015625e-01, 1.654763e-04, 1.651226e-04
6.171875e-01, 1.713978e-04, 1.710424e-04
6.328125e-01, 1.774646e-04, 1.771079e-04
6.484375e-01, 1.836774e-04, 1.833197e-04
6.640625e-01, 1.900363e-04, 1.896781e-04
6.796875e-01, 1.965417e-04, 1.961833e-04
6.953125e-01, 2.031937e-04, 2.028355e-04
7.109375e-01, 2.099920e-04, 2.096345e-04
7.265625e-01, 2.169365e-04, 2.165801e-04
7.421875e-01, 2.240266e-04, 2.236717e-04
7.578125e-01, 2.312618e-04, 2.309089e-04
7.734375e-01, 2.386412e-04, 2.382908e-04
7.890625e-01, 2.461637e-04, 2.458163e-04
8.046875e-01, 2.538282e-04, 2.534843e-04
8.203125e-01, 2.616333e-04, 2.612933e-04
8.359375e-01, 2.695773e-04, 2.692418e-04
8.515625e-01, 2.776584e-04, 2.773280e-04
8.671875e-01, 2.858746e-04, 2.855497e-04
8.828125e-01, 2.942237e-04, 2.939049e-04
8.984375e-01, 3.027031e-04, 3.023909e-04
9.140625e-01, 3.113101e-04, 3.110051e-04
9.296875e-01, 3.200419e-04, 3.197447e-04
9.453125e-01, 3.288953e-04, 3.286064e-04
9.609375e-01, 3.378670e-04, 3.375870e-04
9.765625e-01, 3.469533e-04, 3.466828e-04
9.921875e-01, 3.561505e-04, 3.558900e-04
1.007813e+00, 3.654545e-04, 3.652045e-04
1.023438e+00, 3.748610e-04, 3.746222e-04
1.039063e+00, 3.843655e-04, 3.841385e-04
1.054688e+00, 3.939634e-04, 3.937486e-04
1.070313e+00, 4.036496e-04, 4.034476e-04
1.085938e+00, 4.134189e-04, 4.132303e-04
1.101563e+00, 4.232661e-04, 4.230914e-04
1.117188e+00, 4.331853e-04, 4.330251e-04
1.132813e+00, 4.431710e-04, 4.430257e-04
1.148438e+00, 4.532169e-04, 4.530871e-04
1.164063e+00, 4.633168e-04, 4.632030e-04
1.179688e+00, 4.734643e-04, 4.733670e-04
1.195313e+00, 4.836528e-04, 4.835724e-04
1.210938e+00, 4.938754e-04, 4.938124e-04
1.226563e+00, 5.041251e-04, 5.040799e-04
1.242188e+00, 5.143946e-04, 5.143678e-04
1.257813e+00, 5.246767e-04, 5.246685e-04
1.273438e+00, 5.349638e-04, 5.349746e-04
1.289063e+00, 5.452481e-04, 5.452784e-04
1.304688e+00, 5.555220e-04, 5.555720e-04
1.320313e+00, 5.657773e-04, 5.658473e-04
1.335938e+00, 5.760060e-04, 5.760964e-04
1.351563e+00, 5.862000e-04, 5.863109e-04
1.367188e+00, 5.963507e-04, 5.964825e-04
1.382813e+00, 6.064500e-04, 6.066028e-04
1.398438e+00, 6.164891e-04, 6.166632e-04
1.414063e+00, 6.264596e-04, 6.266550e-04
1.429688e+00, 6.363528e-04, 6.365697e-04
1.445313e+00, 6.461601e-04, 6.463986e-04
1.460938e+00, 6.558726e-04, 6.561327e-04
1.476563e+00, 6.654817e-04, 6.657634e-04
1.492188e+00, 6.749785e-04, 6.752819e-04
1.507813e+00, 6.843543e-04, 6.846793e-04
1.523438e+00, 6.936004e-04, 6.939468e-04
1.539063e+00, 7.027079e-04, 7.030758e-04
1.554688e+00, 7.116683e-04, 7.120574e-04
1.570313e+00, 7.204729e-04, 7.208830e-04
1.585938e+00, 7.291131e-04, 7.295441e-04
1.601563e+00, 7.375804e-04, 7.380320e-04
1.617188e+00, 7.458665e-04, 7.463384e-04
1.632813e+00, 7.539630e-04, 7.544549e-04
1.648438e+00, 7.618618e-04, 7.623734e-04
1.664063e+00, 7.695549e-04, 7.700857e-04
1.679688e+00, 7.770345e-04, 7.775841e-04
1.695313e+00, 7.842927e-04, 7.848607e-04
1.710938e+00, 7.913221e-04, 7.919080e-04
1.726563e+00, 7.981153e-04, 7.987186e-04
1.742188e+00, 8.046652e-04, 8.052853e-04
1.757813e+00, 8.109649e-04, 8.116013e-04
1.773438e+00, 8.170077e-04, 8.176597e-04
1.789063e+00, 8.227870e-04, 8.234540e-04
1.804688e+00, 8.282967e-04, 8.289781e-04
1.820313e+00, 8.335309e-04, 8.342260e-04
1.835938e+00, 8.384839e-04, 8.391919e-04
1.851563e+00, 8.431502e-04, 8.438704e-04
1.867188e+00, 8.475248e-04, 8.482564e-04
1.882813e+00, 8.516029e-04, 8.523452e-04
1.898438e+00, 8.553800e-04, 8.561321e-04
1.914063e+00, 8.588519e-04, 8.596130e-04
1.929688e+00, 8.620147e-04, 8.627840e-04
1.945313e+00, 8.648650e-04, 8.656417e-04
1.960938e+00, 8.673996e-04, 8.681827e-04
1.976563e+00, 8.696156e-04, 8.704043e-04
1.992188e+00, 8.715106e-04, 8.723040e-04
2.007813e+00, 8.730824e-04, 8.738797e-04
2.023438e+00, 8.743294e-04, 8.751295e-04
2.039063e+00, 8.752500e-04, 8.760521e-04
2.054688e+00, 8.758433e-04, 8.766464e-04
2.070313e+00, 8.761085e-04, 8.769119e-04
2.085938e+00, 8.760455e-04, 8.768481e-04
2.101563e+00, 8.756542e-04, 8.764551e-04
2.117188e+00, 8.749351e-04, 8.757334e-04
2.132813e+00, 8.738891e-04, 8.746838e-04
2.148438e+00, 8.725172e-04, 8.733075e-04
2.164063e+00, 8.708210e-04, 8.716060e-04
2.179688e+00, 8.688025e-04, 8.695813e-04
2.195313e+00, 8.664638e-04, 8.672356e-04
2.210938e+00, 8.638076e-04, 8.645715e-04
2.226563e+00, 8.608369e-04, 8.615920e-04
2.242188e+00, 8.575549e-04, 8.583004e-04
2.257813e+00, 8.539653e-04, 8.547004e-04
2.273438e+00, 8.500720e-04, 8.507960e-04
2.289063e+00, 8.458795e-04, 8.465914e-04
2.304688e+00, 8.413922e-04, 8.420914e-04
2.320313e+00, 8.366151e-04, 8.373009e-04
2.335938e+00, 8.315534e-04, 8.322251e-04
2.351563e+00, 8.262126e-04, 8.268695e-04
2.367188e+00, 8.205984e-04, 8.212399e-04
2.382813e+00, 8.147170e-04, 8.153424e-04
2.398438e+00, 8.085747e-04, 8.091834e-04
2.414063e+00, 8.021780e-04, 8.027695e-04
2.429688e+00, 7.955336e-04, 7.961074e-04
2.445313e+00, 7.886486e-04, 7.892042e-04
2.460938e+00, 7.815303e-04, 7.820671e-04
2.476563e+00, 7.741859e-04, 7.747036e-04
2.492188e+00, 7.666232e-04, 7.671214e-04
2.507813e+00, 7.588499e-04, 7.593282e-04
2.523438e+00, 7.508739e-04, 7.513320e-04
2.539063e+00, 7.427034e-04, 7.431409e-04
2.554688e+00, 7.343464e-04, 7.347632e-04
2.570313e+00, 7.258114e-04, 7.262072e-04
2.585938e+00, 7.171068e-04, 7.174813e-04
2.601563e+00, 7.082410e-04, 7.085942e-04
2.617188e+00, 6.992227e-04, 6.995544e-04
2.632813e+00, 6.900606e-04, 6.903707e-04
2.648438e+00, 6.807633e-04, 6.810518e-04
2.664063e+00, 6.713396e-04, 6.716064e-04
2.679688e+00, 6.617982e-04, 6.620434e-04
2.695313e+00, 6.521480e-04, 6.523716e-04
2.710938e+00, 6.423976e-04, 6.425997e-04
2.726563e+00, 6.325559e-04, 6.327366e-04
2.742188e+00, 6.226315e-04, 6.227909e-04
2.757813e+00, 6.126332e-04, 6.127715e-04
2.773438e+00, 6.025695e-04, 6.026869e-04
2.789063e+00, 5.924490e-04, 5.925457e-04
2.804688e+00, 5.822802e-04, 5.823565e-04
2.820313e+00, 5.720715e-04, 5.721276e-04
2.835938e+00, 5.618311e-04, 5.618673e-04
2.851563e+00, 5.515672e-04, 5.515839e-04
2.867188e+00, 5.412879e-04, 5.412855e-04
2.882813e+00, 5.310011e-04, 5.309798e-04
2.898438e+00, 5.207146e-04, 5.206749e-04
2.914063e+00, 5.104360e-04, 5.103783e-04
2.929688e+00, 5.001727e-04, 5.000975e-04
2.945313e+00, 4.899321e-04, 4.898398e-04
2.960938e+00, 4.797213e-04, 4.796124e-04
2.976563e+00, 4.695473e-04, 4.694222e-04
2.992188e+00, 4.594168e-04, 4.592760e-04
3.007813e+00, 4.493364e-04, 4.491805e-04
3.023438e+00, 4.393125e-04, 4.391419e-04
3.039063e+00, 4.293512e-04, 4.291666e-04
3.054688e+00, 4.194585e-04, 4.192603e-04
3.070313e+00, 4.096402e-04, 4.094290e-04
3.085938e+00, 3.999017e-04, 3.996781e-04
3.101563e+00, 3.902485e-04, 3.900129e-04
3.117188e+00, 3.806855e-04, 3.804386e-04
3.132813e+00, 3.712177e-04, 3.709600e-04
3.148438e+00, 3.618497e-04, 3.615818e-04
3.164063e+00, 3.525859e-04, 3.523083e-04
3.179688e+00, 3.434304e-04, 3.431438e-04
3.195313e+00, 3.343874e-04, 3.340923e-04
3.210938e+00, 3.254604e-04, 3.251574e-04
3.226563e+00, 3.166530e-04, 3.163426e-04
3.242188e+00, 3.079685e-04, 3.076512e-04
3.257813e+00, 2.994099e-04, 2.990864e-04
3.273438e+00, 2.909800e-04, 2.906508e-04
3.289063e+00, 2.826815e-04, 2.823471e-04
3.304688e+00, 2.745167e-04, 2.741776e-04
3.320313e+00, 2.664878e-04, 2.661446e-04
3.335938e+00, 2.585967e-04, 2.582499e-04
3.351563e+00, 2.508453e-04, 2.504954e-04
3.367188e+00, 2.432350e-04, 2.428824e-04
3.382813e+00, 2.357672e-04, 2.354125e-04
3.398438e+00, 2.284430e-04, 2.280866e-04
3.414063e+00, 2.212634e-04, 2.209057e-04
3.429688e+00, 2.142290e-04, 2.138706e-04
3.445313e+00, 2.073406e-04, 2.069818e-04
3.460938e+00, 2.005984e-04, 2.002397e-04
3.476563e+00, 1.940027e-04, 1.936445e-04
3.492188e+00, 1.875536e-04, 1.871962e-04
3.507813e+00, 1.812509e-04, 1.808946e-04
3.523438e+00, 1.750943e-04, 1.747396e-04
3.539063e+00, 1.690834e-04, 1.687307e-04
3.554688e+00, 1.632176e-04, 1.628672e-04
3.570313e+00, 1.574963e-04, 1.571484e-04
3.585938e+00, 1.519186e-04, 1.515736e-04
3.601563e+00, 1.464835e-04, 1.461416e-04
3.617188e+00, 1.411898e-04, 1.408514e-04
3.632813e+00, 1.360365e-04, 1.357017e-04
3.648438e+00, 1.310221e-04, 1.306912e-04
3.664063e+00, 1.261452e-04, 1.258185e-04
3.679688e+00, 1.214044e-04, 1.210819e-04
3.695313e+00, 1.167979e-04, 1.164800e-04
3.710938e+00, 1.123240e-04, 1.120108e-04
3.726563e+00, 1.079811e-04, 1.076728e-04
3.742188e+00, 1.037671e-04, 1.034638e-04
3.757813e+00, 9.968017e-05, 9.938209e-05
3.773438e+00, 9.571833e-05, 9.542555e-05
3.789063e+00, 9.187949e-05, 9.159212e-05
3.804688e+00, 8.816153e-05, 8.787969e-05
3.820313e+00, 8.456231e-05, 8.428607e-05
3.835938e+00, 8.107962e-05, 8.080906e-05
3.851563e+00, 7.771121e-05, 7.744640e-05
3.867188e+00, 7.445480e-05, 7.419580e-05
3.882813e+00, 7.130810e-05, 7.105495e-05
3.898438e+00, 6.826878e-05, 6.802152e-05
3.914063e+00, 6.533449e-05, 6.509314e-05
3.929688e+00, 6.250286e-05, 6.226744e-05
3.945313e+00, 5.977153e-05, 5.954204e-05
3.960938e+00, 5.713811e-05, 5.691456e-05
3.976563e+00, 5.460022e-05, 5.438260e-05
3.992188e+00, 5.215548e-05, 5.194377e-05
4.007813e+00, 4.980150e-05, 4.959569e-05
4.023438e+00, 4.753591e-05, 4.733597e-05
4.039063e+00, 4.535635e-05, 4.516225e-05
4.054688e+00, 4.326047e-05, 4.307218e-05
4.070313e+00, 4.124594e-05, 4.106341e-05
4.085938e+00, 3.931043e-05, 3.913362e-05
4.101563e+00, 3.745165e-05, 3.728053e-05
4.117188e+00, 3.566734e-05, 3.550185e-05
4.132813e+00, 3.395524e-05, 3.379534e-05
4.148438e+00, 3.231315e-05, 3.215879e-05
4.164063e+00, 3.073885e-05, 3.058999e-05
4.179688e+00, 2.923021e-05, 2.908680e-05
4.195313e+00, 2.778510e-05, 2.764710e-05
4.210938e+00, 2.640141e-05, 2.626879e-05
4.226563e+00, 2.507710e-05, 2.494982e-05
4.242188e+00, 2.381015e-05, 2.368819e-05
4.257813e+00, 2.259856e-05, 2.248190e-05
4.273438e+00, 2.144041e-05, 2.132904e-05
4.289063e+00, 2.033378e-05, 2.022770e-05
4.304688e+00, 1.927680e-05, 1.917602e-05
4.320313e+00, 1.826765e-05, 1.817220e-05
4.335938e+00, 1.730454e-05, 1.721446e-05
4.351563e+00, 1.638574e-05, 1.630107e-05
4.367188e+00, 1.550952e-05, 1.543036e-05
4.382813e+00, 1.467423e-05, 1.460067e-05
4.398438e+00, 1.387825e-05, 1.381040e-05
4.414063e+00, 1.312000e-05, 1.305801e-05
4.429688e+00, 1.239792e-05, 1.234197e-05
4.445313e+00, 1.171052e-05, 1.166081e-05
4.460938e+00, 1.105634e-05, 1.101311e-05
4.476563e+00, 1.043395e-05, 1.039749e-05
4.492188e+00, 9.841967e-06, 9.812587e-06
4.507813e+00, 9.279043e-06, 9.257114e-06
4.523438e+00, 8.743862e-06, 8.729808e-06
4.539063e+00, 8.235157e-06, 8.229447e-06
4.554688e+00, 7.751678e-06, 7.754852e-06
4.570313e+00, 7.292229e-06, 7.304884e-06
4.585938e+00, 6.855626e-06, 6.878442e-06
4.601563e+00, 6.440739e-06, 6.474463e-06
4.617188e+00, 6.046446e-06, 6.091923e-06
4.632813e+00, 5.671676e-06, 5.729832e-06
4.648438e+00, 5.315365e-06, 5.387240e-06
4.664063e+00, 4.976497e-06, 5.063231e-06
4.679688e+00, 4.654058e-06, 4.756922e-06
4.695313e+00, 4.347083e-06, 4.467466e-06
4.710938e+00, 4.054601e-06, 4.194049e-06
4.726563e+00, 3.775691e-06, 3.935886e-06
4.742188e+00, 3.509420e-06, 3.692229e-06
4.757813e+00, 3.254901e-06, 3.462354e-06
4.773438e+00, 3.011235e-06, 3.245573e-06
4.789063e+00, 2.777562e-06, 3.041223e-06
4.804688e+00, 2.553004e-06, 2.848669e-06
4.820313e+00, 2.336723e-06, 2.667304e-06
4.835938e+00, 2.127856e-06, 2.496549e-06
4.851563e+00, 1.925577e-06, 2.335849e-06
4.867188e+00, 1.729026e-06, 2.184671e-06
4.882813e+00, 1.537380e-06, 2.042511e-06
4.898438e+00, 1.349775e-06, 1.908885e-06
4.914063e+00, 1.165380e-06, 1.783331e-06
4.929688e+00, 9.833151e-07, 1.665410e-06
4.945313e+00, 8.027299e-07, 1.554702e-06
4.960938e+00, 6.227194e-07, 1.450809e-06
4.976563e+00, 4.424009e-07, 1.353350e-06
4.992188e+00, 2.608311e-07, 1.261964e-06
5.000000e+00, 1.688687e-07, 1.218440e-06


#At time: 1.000484e+02, nsteps= 826


-1.000000e+00, 5.665073e-08, 8.832913e-07
-9.921875e-01, 1.121980e-07, 9.143427e-07
-9.765625e-01, 2.243125e-07, 9.795024e-07
-9.609375e-01, 3.385205e-07, 1.048940e-06
-9.453125e-01, 4.551667e-07, 1.122908e-06
-9.296875e-01, 5.745953e-07, 1.201673e-06
-9.140625e-01, 6.971734e-07, 1.285514e-06
-8.984375e-01, 8.232686e-07, 1.374726e-06
-8.828125e-01, 9.532728e-07, 1.469616e-06
-8.671875e-01, 1.087579e-06, 1.570509e-06
-8.515625e-01, 1.226607e-06, 1.677742e-06
-8.359375e-01, 1.370778e-06, 1.791673e-06
-8.203125e-01, 1.520540e-06, 1.912673e-06
-8.046875e-01, 1.676345e-06, 2.041133e-06
-7.890625e-01, 1.838674e-06, 2.177461e-06
-7.734375e-01, 2.008011e-06, 2.322084e-06
-7.578125e-01, 2.184872e-06, 2.475450e-06
-7.421875e-01, 2.369777e-06, 2.638025e-06
-7.265625e-01, 2.563280e-06, 2.810297e-06
-7.109375e-01, 2.765939e-06, 2.992775e-06
-6.953125e-01, 2.978346e-06, 3.185991e-06
-6.796875e-01, 3.201103e-06, 3.390498e-06
-6.640625e-01, 3.434843e-06, 3.606874e-06
-6.484375e-01, 3.680214e-06, 3.835721e-06
-6.328125e-01, 3.937894e-06, 4.077666e-06
-6.171875e-01, 4.208576e-06, 4.333360e-06
-6.015625e-01, 4.492988e-06, 4.603483e-06
-5.859375e-01, 4.791873e-06, 4.888738e-06
-5.703125e-01, 5.106009e-06, 5.189860e-06
-5.546875e-01, 5.436192e-06, 5.507607e-06
-5.390625e-01, 5.783255e-06, 5.842771e-06
-5.234375e-01, 6.148047e-06, 6.196171e-06
-5.078125e-01, 6.531458e-06, 6.568654e-06
-4.921875e-01, 6.934397e-06, 6.961101e-06
-4.765625e-01, 7.357810e-06, 7.374424e-06
-4.609375e-01, 7.802668e-06, 7.809563e-06
-4.453125e-01, 8.269977e-06, 8.267496e-06
-4.296875e-01, 8.760770e-06, 8.749228e-06
-4.140625e-01, 9.276119e-06, 9.255802e-06
-3.984375e-01, 9.817120e-06, 9.788293e-06
-3.828125e-01, 1.038491e-05, 1.034781e-05
-3.671875e-01, 1.098065e-05, 1.093549e-05
-3.515625e-01, 1.160555e-05, 1.155252e-05
-3.359375e-01, 1.226083e-05, 1.220012e-05
-3.203125e-01, 1.294776e-05, 1.287952e-05
-3.046875e-01, 1.366766e-05, 1.359201e-05
-2.890625e-01, 1.442184e-05, 1.433892e-05
-2.734375e-01, 1.521170e-05, 1.512160e-05
-2.578125e-01, 1.603863e-05, 1.594144e-05
-2.421875e-01, 1.690407e-05, 1.679987e-05
-2.265625e-01, 1.780950e-05, 1.769836e-05
-2.109375e-01, 1.875643e-05, 1.863839e-05
-1.953125e-01, 1.974641e-05, 1.962151e-05
-1.796875e-01, 2.078102e-05, 2.064929e-05
-1.640625e-01, 2.186186e-05, 2.172332e-05
-1.484375e-01, 2.299058e-05, 2.284525e-05
-1.328125e-01, 2.416887e-05, 2.401675e-05
-1.171875e-01, 2.539842e-05, 2.523951e-05
-1.015625e-01, 2.668099e-05, 2.651529e-05
-8.593750e-02, 2.801834e-05, 2.784583e-05
-7.031250e-02, 2.941227e-05, 2.923295e-05
-5.468750e-02, 3.086462e-05, 3.067847e-05
-3.906250e-02, 3.237724e-05, 3.218424e-05
-2.343750e-02, 3.395202e-05, 3.375214e-05
-7.812500e-03, 3.559086e-05, 3.538409e-05
7.812500e-03, 3.729568e-05, 3.708201e-05
2.343750e-02, 3.906846e-05, 3.884785e-05
3.906250e-02, 4.091114e-05, 4.068359e-05
5.468750e-02, 4.282574e-05, 4.259123e-05
7.031250e-02, 4.481425e-05, 4.457276e-05
8.593750e-02, 4.687869e-05, 4.663022e-05
1.015625e-01, 4.902110e-05, 4.876565e-05
1.171875e-01, 5.124352e-05, 5.098109e-05
1.328125e-01, 5.354799e-05, 5.327859e-05
1.484375e-01, 5.593657e-05, 5.566021e-05
1.640625e-01, 5.841132e-05, 5.812803e-05
1.796875e-01, 6.097430e-05, 6.068409e-05
1.953125e-01, 6.362754e-05, 6.333046e-05
2.109375e-01, 6.637310e-05, 6.606920e-05
2.265625e-01, 6.921301e-05, 6.890234e-05
2.421875e-01, 7.214928e-05, 7.183191e-05
2.578125e-01, 7.518393e-05, 7.485994e-05
2.734375e-01, 7.831894e-05, 7.798840e-05
2.890625e-01, 8.155626e-05, 8.121928e-05
3.046875e-01, 8.489783e-05, 8.455452e-05
3.203125e-01, 8.834555e-05, 8.799602e-05
3.359375e-01, 9.190127e-05, 9.154567e-05
3.515625e-01, 9.556683e-05, 9.520531e-05
3.671875e-01, 9.934400e-05, 9.897672e-05
3.828125e-01, 1.032345e-04, 1.028616e-04
3.984375e-01, 1.072401e-04, 1.068618e-04
4.140625e-01, 1.113623e-04, 1.109788e-04
4.296875e-01, 1.156027e-04, 1.152142e-04
4.453125e-01, 1.199628e-04, 1.195696e-04
4.609375e-01, 1.244440e-04, 1.240463e-04
4.765625e-01, 1.290477e-04, 1.286458e-04
4.921875e-01, 1.337752e-04, 1.333693e-04
5.078125e-01, 1.386276e-04, 1.382180e-04
5.234375e-01, 1.436060e-04, 1.431931e-04
5.390625e-01, 1.487114e-04, 1.482955e-04
5.546875e-01, 1.539448e-04, 1.535262e-04
5.703125e-01, 1.593069e-04, 1.588860e-04
5.859375e-01, 1.647983e-04, 1.643756e-04
6.015625e-01, 1.704198e-04, 1.699955e-04
6.171875e-01, 1.761717e-04, 1.757463e-04
6.328125e-01, 1.820544e-04, 1.816282e-04
6.484375e-01, 1.880681e-04, 1.876416e-04
6.640625e-01, 1.942128e-04, 1.937865e-04
6.796875e-01, 2.004885e-04, 2.000628e-04
6.953125e-01, 2.068950e-04, 2.064704e-04
7.109375e-01, 2.134319e-04, 2.130089e-04
7.265625e-01, 2.200988e-04, 2.196779e-04
7.421875e-01, 2.268949e-04, 2.264767e-04
7.578125e-01, 2.338195e-04, 2.334045e-04
7.734375e-01, 2.408716e-04, 2.404603e-04
7.890625e-01, 2.480501e-04, 2.476430e-04
8.046875e-01, 2.553537e-04, 2.549514e-04
8.203125e-01, 2.627808e-04, 2.623840e-04
8.359375e-01, 2.703299e-04, 2.699390e-04
8.515625e-01, 2.779991e-04, 2.776148e-04
8.671875e-01, 2.857864e-04, 2.854093e-04
8.828125e-01, 2.936897e-04, 2.933204e-04
8.984375e-01, 3.017065e-04, 3.013456e-04
9.140625e-01, 3.098343e-04, 3.094824e-04
9.296875e-01, 3.180704e-04, 3.177282e-04
9.453125e-01, 3.264119e-04, 3.260799e-04
9.609375e-01, 3.348555e-04, 3.345344e-04
9.765625e-01, 3.433981e-04, 3.430885e-04
9.921875e-01, 3.520361e-04, 3.517387e-04
1.007813e+00, 3.607659e-04, 3.604812e-04
1.023438e+00, 3.695835e-04, 3.693122e-04
1.039063e+00, 3.784849e-04, 3.782276e-04
1.054688e+00, 3.874658e-04, 3.872232e-04
1.070313e+00, 3.965219e-04, 3.962945e-04
1.085938e+00, 4.056485e-04, 4.054369e-04
1.101563e+00, 4.148408e-04, 4.146456e-04
1.117188e+00, 4.240938e-04, 4.239156e-04
1.132813e+00, 4.334023e-04, 4.332417e-04
1.148438e+00, 4.427611e-04, 4.426186e-04
1.164063e+00, 4.521647e-04, 4.520408e-04
1.179688e+00, 4.616073e-04, 4.615026e-04
1.195313e+00, 4.710832e-04, 4.709982e-04
1.210938e+00, 4.805864e-04, 4.805216e-04
1.226563e+00, 4.901107e-04, 4.900666e-04
1.242188e+00, 4.996499e-04, 4.996269e-04
1.257813e+00, 5.091976e-04, 5.091962e-04
1.273438e+00, 5.187472e-04, 5.187678e-04
1.289063e+00, 5.282920e-04, 5.283350e-04
1.304688e+00, 5.378254e-04, 5.378911e-04
1.320313e+00, 5.473403e-04, 5.474290e-04
1.335938e+00, 5.568298e-04, 5.569419e-04
1.351563e+00, 5.662867e-04, 5.664225e-04
1.367188e+00, 5.757039e-04, 5.758636e-04
1.382813e+00, 5.850741e-04, 5.852579e-04
1.398438e+00, 5.943900e-04, 5.945982e-04
1.414063e+00, 6.036442e-04, 6.038768e-04
1.429688e+00, 6.128292e-04, 6.130864e-04
1.445313e+00, 6.219376e-04, 6.222195e-04
1.460938e+00, 6.309617e-04, 6.312684e-04
1.476563e+00, 6.398942e-04, 6.402257e-04
1.492188e+00, 6.487273e-04, 6.490836e-04
1.507813e+00, 6.574536e-04, 6.578347e-04
1.523438e+00, 6.660655e-04, 6.664712e-04
1.539063e+00, 6.745555e-04, 6.749858e-04
1.554688e+00, 6.829161e-04, 6.833707e-04
1.570313e+00, 6.911398e-04, 6.916186e-04
1.585938e+00, 6.992192e-04, 6.997220e-04
1.601563e+00, 7.071470e-04, 7.076736e-04
1.617188e+00, 7.149159e-04, 7.154659e-04
1.632813e+00, 7.225187e-04, 7.230918e-04
1.648438e+00, 7.299484e-04, 7.305442e-04
1.664063e+00, 7.371979e-04, 7.378161e-04
1.679688e+00, 7.442605e-04, 7.449006e-04
1.695313e+00, 7.511294e-04, 7.517908e-04
1.710938e+00, 7.577979e-04, 7.584803e-04
1.726563e+00, 7.642598e-04, 7.649625e-04
1.742188e+00, 7.705086e-04, 7.712310e-04
1.757813e+00, 7.765383e-04, 7.772799e-04
1.773438e+00, 7.823429e-04, 7.831030e-04
1.789063e+00, 7.879168e-04, 7.886947e-04
1.804688e+00, 7.932543e-04, 7.940494e-04
1.820313e+00, 7.983502e-04, 7.991617e-04
1.835938e+00, 8.031993e-04, 8.040264e-04
1.851563e+00, 8.077968e-04, 8.086388e-04
1.867188e+00, 8.121380e-04, 8.129940e-04
1.882813e+00, 8.162185e-04, 8.170877e-04
1.898438e+00, 8.200342e-04, 8.209157e-04
1.914063e+00, 8.235811e-04, 8.244741e-04
1.929688e+00, 8.268557e-04, 8.277591e-04
1.945313e+00, 8.298545e-04, 8.307675e-04
1.960938e+00, 8.325744e-04, 8.334962e-04
1.976563e+00, 8.350127e-04, 8.359422e-04
1.992188e+00, 8.371669e-04, 8.381031e-04
2.007813e+00, 8.390346e-04, 8.399766e-04
2.023438e+00, 8.406140e-04, 8.415608e-04
2.039063e+00, 8.419033e-04, 8.428539e-04
2.054688e+00, 8.429014e-04, 8.438548e-04
2.070313e+00, 8.436071e-04, 8.445623e-04
2.085938e+00, 8.440197e-04, 8.449756e-04
2.101563e+00, 8.441387e-04, 8.450944e-04
2.117188e+00, 8.439641e-04, 8.449185e-04
2.132813e+00, 8.434959e-04, 8.444481e-04
2.148438e+00, 8.427348e-04, 8.436837e-04
2.164063e+00, 8.416815e-04, 8.426261e-04
2.179688e+00, 8.403371e-04, 8.412764e-04
2.195313e+00, 8.387030e-04, 8.396361e-04
2.210938e+00, 8.367809e-04, 8.377067e-04
2.226563e+00, 8.345727e-04, 8.354904e-04
2.242188e+00, 8.320808e-04, 8.329894e-04
2.257813e+00, 8.293078e-04, 8.302063e-04
2.273438e+00, 8.262565e-04, 8.271440e-04
2.289063e+00, 8.229301e-04, 8.238057e-04
2.304688e+00, 8.193319e-04, 8.201948e-04
2.320313e+00, 8.154657e-04, 8.163150e-04
2.335938e+00, 8.113354e-04, 8.121703e-04
2.351563e+00, 8.069453e-04, 8.077648e-04
2.367188e+00, 8.022996e-04, 8.031032e-04
2.382813e+00, 7.974033e-04, 7.981901e-04
2.398438e+00, 7.922611e-04, 7.930304e-04
2.414063e+00, 7.868782e-04, 7.876294e-04
2.429688e+00, 7.812601e-04, 7.819924e-04
2.445313e+00, 7.754122e-04, 7.761251e-04
2.460938e+00, 7.693403e-04, 7.700332e-04
2.476563e+00, 7.630505e-04, 7.637227e-04
2.492188e+00, 7.565488e-04, 7.571999e-04
2.507813e+00, 7.498416e-04, 7.504710e-04
2.523438e+00, 7.429353e-04, 7.435426e-04
2.539063e+00, 7.358365e-04, 7.364213e-04
2.554688e+00, 7.285520e-04, 7.291139e-04
2.570313e+00, 7.210887e-04, 7.216273e-04
2.585938e+00, 7.134536e-04, 7.139685e-04
2.601563e+00, 7.056537e-04, 7.061448e-04
2.617188e+00, 6.976963e-04, 6.981633e-04
2.632813e+00, 6.895886e-04, 6.900313e-04
2.648438e+00, 6.813381e-04, 6.817562e-04
2.664063e+00, 6.729520e-04, 6.733456e-04
2.679688e+00, 6.644380e-04, 6.648068e-04
2.695313e+00, 6.558034e-04, 6.561474e-04
2.710938e+00, 6.470559e-04, 6.473751e-04
2.726563e+00, 6.382029e-04, 6.384973e-04
2.742188e+00, 6.292521e-04, 6.295217e-04
2.757813e+00, 6.202109e-04, 6.204559e-04
2.773438e+00, 6.110870e-04, 6.113074e-04
2.789063e+00, 6.018878e-04, 6.020838e-04
2.804688e+00, 5.926209e-04, 5.927926e-04
2.820313e+00, 5.832936e-04, 5.834413e-04
2.835938e+00, 5.739135e-04, 5.740373e-04
2.851563e+00, 5.644876e-04, 5.645880e-04
2.867188e+00, 5.550235e-04, 5.551006e-04
2.882813e+00, 5.455281e-04, 5.455823e-04
2.898438e+00, 5.360087e-04, 5.360403e-04
2.914063e+00, 5.264721e-04, 5.264815e-04
2.929688e+00, 5.169253e-04, 5.169129e-04
2.945313e+00, 5.073750e-04, 5.073413e-04
2.960938e+00, 4.978279e-04, 4.977733e-04
2.976563e+00, 4.882905e-04, 4.882154e-04
2.992188e+00, 4.787692e-04, 4.786741e-04
3.007813e+00, 4.692702e-04, 4.691556e-04
3.023438e+00, 4.597996e-04, 4.596661e-04
3.039063e+00, 4.503634e-04, 4.502115e-04
3.054688e+00, 4.409674e-04, 4.407977e-04
3.070313e+00, 4.316172e-04, 4.314302e-04
3.085938e+00, 4.223183e-04, 4.221145e-04
3.101563e+00, 4.130759e-04, 4.128560e-04
3.117188e+00, 4.038952e-04, 4.036598e-04
3.132813e+00, 3.947812e-04, 3.945308e-04
3.148438e+00, 3.857385e-04, 3.854738e-04
3.164063e+00, 3.767718e-04, 3.764934e-04
3.179688e+00, 3.678855e-04, 3.675940e-04
3.195313e+00, 3.590839e-04, 3.587799e-04
3.210938e+00, 3.503708e-04, 3.500550e-04
3.226563e+00, 3.417502e-04, 3.414232e-04
3.242188e+00, 3.332257e-04, 3.328881e-04
3.257813e+00, 3.248008e-04, 3.244532e-04
3.273438e+00, 3.164787e-04, 3.161218e-04
3.289063e+00, 3.082626e-04, 3.078969e-04
3.304688e+00, 3.001553e-04, 2.997815e-04
3.320313e+00, 2.921595e-04, 2.917782e-04
3.335938e+00, 2.842777e-04, 2.838896e-04
3.351563e+00, 2.765123e-04, 2.761179e-04
3.367188e+00, 2.688655e-04, 2.684654e-04
3.382813e+00, 2.613391e-04, 2.609339e-04
3.398438e+00, 2.539351e-04, 2.535253e-04
3.414063e+00, 2.466549e-04, 2.462412e-04
3.429688e+00, 2.395001e-04, 2.390829e-04
3.445313e+00, 2.324719e-04, 2.320518e-04
3.460938e+00, 2.255714e-04, 2.251490e-04
3.476563e+00, 2.187996e-04, 2.183753e-04
3.492188e+00, 2.121572e-04, 2.117316e-04
3.507813e+00, 2.056449e-04, 2.052184e-04
3.523438e+00, 1.992631e-04, 1.988362e-04
3.539063e+00, 1.930121e-04, 1.925853e-04
3.554688e+00, 1.868922e-04, 1.864659e-04
3.570313e+00, 1.809034e-04, 1.804780e-04
3.585938e+00, 1.750455e-04, 1.746215e-04
3.601563e+00, 1.693184e-04, 1.688961e-04
3.617188e+00, 1.637216e-04, 1.633015e-04
3.632813e+00, 1.582547e-04, 1.578372e-04
3.648438e+00, 1.529172e-04, 1.525025e-04
3.664063e+00, 1.477082e-04, 1.472967e-04
3.679688e+00, 1.426270e-04, 1.422190e-04
3.695313e+00, 1.376727e-04, 1.372685e-04
3.710938e+00, 1.328442e-04, 1.324442e-04
3.726563e+00, 1.281405e-04, 1.277448e-04
3.742188e+00, 1.235602e-04, 1.231692e-04
3.757813e+00, 1.191022e-04, 1.187161e-04
3.773438e+00, 1.147651e-04, 1.143841e-04
3.789063e+00, 1.105474e-04, 1.101717e-04
3.804688e+00, 1.064476e-04, 1.060775e-04
3.820313e+00, 1.024642e-04, 1.020998e-04
3.835938e+00, 9.859551e-05, 9.823701e-05
3.851563e+00, 9.483984e-05, 9.448740e-05
3.867188e+00, 9.119545e-05, 9.084922e-05
3.882813e+00, 8.766056e-05, 8.732068e-05
3.898438e+00, 8.423332e-05, 8.389991e-05
3.914063e+00, 8.091188e-05, 8.058505e-05
3.929688e+00, 7.769431e-05, 7.737417e-05
3.945313e+00, 7.457868e-05, 7.426532e-05
3.960938e+00, 7.156303e-05, 7.125654e-05
3.976563e+00, 6.864535e-05, 6.834581e-05
3.992188e+00, 6.582366e-05, 6.553112e-05
4.007813e+00, 6.309591e-05, 6.281045e-05
4.023438e+00, 6.046006e-05, 6.018174e-05
4.039063e+00, 5.791408e-05, 5.764294e-05
4.054688e+00, 5.545590e-05, 5.519199e-05
4.070313e+00, 5.308346e-05, 5.282683e-05
4.085938e+00, 5.079470e-05, 5.054539e-05
4.101563e+00, 4.858757e-05, 4.834562e-05
4.117188e+00, 4.646001e-05, 4.622546e-05
4.132813e+00, 4.440997e-05, 4.418287e-05
4.148438e+00, 4.243541e-05, 4.221582e-05
4.164063e+00, 4.053432e-05, 4.032227e-05
4.179688e+00, 3.870466e-05, 3.850023e-05
4.195313e+00, 3.694446e-05, 3.674771e-05
4.210938e+00, 3.525173e-05, 3.506273e-05
4.226563e+00, 3.362451e-05, 3.344334e-05
4.242188e+00, 3.206086e-05, 3.188763e-05
4.257813e+00, 3.055886e-05, 3.039368e-05
4.273438e+00, 2.911661e-05, 2.895963e-05
4.289063e+00, 2.773226e-05, 2.758361e-05
4.304688e+00, 2.640394e-05, 2.626382e-05
4.320313e+00, 2.512986e-05, 2.499846e-05
4.335938e+00, 2.390821e-05, 2.378576e-05
4.351563e+00, 2.273724e-05, 2.262400e-05
4.367188e+00, 2.161521e-05, 2.151149e-05
4.382813e+00, 2.054043e-05, 2.044654e-05
4.398438e+00, 1.951121e-05, 1.942755e-05
4.414063e+00, 1.852591e-05, 1.845290e-05
4.429688e+00, 1.758292e-05, 1.752103e-05
4.445313e+00, 1.668066e-05, 1.663043e-05
4.460938e+00, 1.581757e-05, 1.577959e-05
4.476563e+00, 1.499213e-05, 1.496706e-05
4.492188e+00, 1.420285e-05, 1.419142e-05
4.507813e+00, 1.344826e-05, 1.345129e-05
4.523438e+00, 1.272692e-05, 1.274531e-05
4.539063e+00, 1.203743e-05, 1.207217e-05
4.554688e+00, 1.137841e-05, 1.143060e-05
4.570313e+00, 1.074851e-05, 1.081935e-05
4.585938e+00, 1.014640e-05, 1.023721e-05
4.601563e+00, 9.570785e-06, 9.683021e-06
4.617188e+00, 9.020376e-06, 9.155639e-06
4.632813e+00, 8.493932e-06, 8.653962e-06
4.648438e+00, 7.990211e-06, 8.176922e-06
4.664063e+00, 7.508012e-06, 7.723484e-06
4.679688e+00, 7.046132e-06, 7.292648e-06
4.695313e+00, 6.603409e-06, 6.883444e-06
4.710938e+00, 6.178672e-06, 6.494935e-06
4.726563e+00, 5.770792e-06, 6.126218e-06
4.742188e+00, 5.378623e-06, 5.776418e-06
4.757813e+00, 5.001061e-06, 5.444693e-06
4.773438e+00, 4.636981e-06, 5.130228e-06
4.789063e+00, 4.285293e-06, 4.832240e-06
4.804688e+00, 3.944884e-06, 4.549974e-06
4.820313e+00, 3.614673e-06, 4.282702e-06
4.835938e+00, 3.293549e-06, 4.029724e-06
4.851563e+00, 2.980429e-06, 3.790368e-06
4.867188e+00, 2.674195e-06, 3.563985e-06
4.882813e+00, 2.373751e-06, 3.349956e-06
4.898438e+00, 2.077961e-06, 3.147681e-06
4.914063e+00, 1.785707e-06, 2.956589e-06
4.929688e+00, 1.495823e-06, 2.776130e-06
4.945313e+00, 1.207155e-06, 2.605776e-06
4.960938e+00, 9.184936e-07, 2.445023e-06
4.976563e+00, 6.286367e-07, 2.293388e-06
4.992188e+00, 3.363187e-07, 2.150406e-06
5.000000e+00, 1.881964e-07, 2.082021e-06


