Pe               V       Nsts   nu           nSupSteps  nsteps    ERRmax   Speedup
0               0.000000   1   0              32768    32768    0.002271      1.00 
0               0.000000   1   1.000000e-06   32769    32769    0.002127      1.00 
0               0.000000   1   1.000000e-05   32769    32769    0.001181      1.00 
0               0.000000   1   1.000000e-04   32772    32772    0.000008      1.00 
0               0.000000   1   1.000000e-03   32801    32801    0.000008      1.00 
0               0.000000   1   1.000000e-02   33096    33096    0.000008      0.99 
0               0.000000   1   1.000000e-01   36045    36045    0.000007      0.91 
0               0.000000   5   0              1311    6555    0.083278      0.00 
0               0.000000   5   1.000000e-06   1311    6555    0.078000      0.00 
0               0.000000   5   1.000000e-05   1312    6560    0.043256      0.00 
0               0.000000   5   1.000000e-04   1316    6580    0.000354      4.98 
0               0.000000   5   1.000000e-03   1354    6770    0.000230      4.84 
0               0.000000   5   1.000000e-02   1718    8590    0.000161      3.81 
0               0.000000   5   1.000000e-01   4157    20785    0.000033      1.58 
0               0.000000   10   0              328    3280    0.126358      0.00 
0               0.000000   10   1.000000e-06   328    3280    0.118267      0.00 
0               0.000000   10   1.000000e-05   329    3290    0.064829      0.00 
0               0.000000   10   1.000000e-04   333    3330    0.001057      9.84 
0               0.000000   10   1.000000e-03   371    3710    0.000810      8.83 
0               0.000000   10   1.000000e-02   680    6800    0.000308      4.82 
0               0.000000   10   1.000000e-01   2073    20730    0.000033      1.58 
0               0.000000   20   0              82    1640    0.325701      0.00 
0               0.000000   20   1.000000e-06   82    1640    0.304894      0.00 
0               0.000000   20   1.000000e-05   83    1660    0.165427      0.00 
0               0.000000   20   1.000000e-04   87    1740    0.003635     18.83 
0               0.000000   20   1.000000e-03   122    2440    0.002147     13.43 
0               0.000000   20   1.000000e-02   328    6560    0.000358      5.00 
0               0.000000   20   1.000000e-01   1037    20740    0.000033      1.58 
0               0.000000   50   0               14    700    95948990.018758      0.00 
0               0.000000   50   1.000000e-06   14    700    84759561.555185      0.00 
0               0.000000   50   1.000000e-05   14    700    62285718.818772      0.00 
0               0.000000   50   1.000000e-04   18    900    225354.701034      0.00 
0               0.000000   50   1.000000e-03   42    2100    35454.431291      0.00 
0               0.000000   50   1.000000e-02   132    6600    94.968690      0.00 
0               0.000000   50   1.000000e-01   415    20750    0.000033      1.58 

1.000000e-01    0.001000   1   0              32781    32781    0.002282      1.00 
1.000000e-01    0.001000   1   1.000000e-06   32781    32781    0.002139      1.00 
1.000000e-01    0.001000   1   1.000000e-05   32782    32782    0.001201      1.00 
1.000000e-01    0.001000   1   1.000000e-04   32785    32785    0.000267      1.00 
1.000000e-01    0.001000   1   1.000000e-03   32814    32814    0.000267      1.00 
1.000000e-01    0.001000   1   1.000000e-02   33109    33109    0.000266      0.99 
1.000000e-01    0.001000   1   1.000000e-01   36059    36059    0.000265      0.91 
1.000000e-01    0.001000   5   0              1312    6560    0.083717      0.00 
1.000000e-01    0.001000   5   1.000000e-06   1312    6560    0.078422      0.00 
1.000000e-01    0.001000   5   1.000000e-05   1312    6560    0.043627      0.00 
1.000000e-01    0.001000   5   1.000000e-04   1316    6580    0.000612      4.98 
1.000000e-01    0.001000   5   1.000000e-03   1355    6775    0.000488      4.84 
1.000000e-01    0.001000   5   1.000000e-02   1719    8595    0.000420      3.81 
1.000000e-01    0.001000   5   1.000000e-01   4159    20795    0.000291      1.58 
1.000000e-01    0.001000   10   0              328    3280    0.126482      0.00 
1.000000e-01    0.001000   10   1.000000e-06   328    3280    0.118362      0.00 
1.000000e-01    0.001000   10   1.000000e-05   329    3290    0.064820      0.00 
1.000000e-01    0.001000   10   1.000000e-04   333    3330    0.001316      9.84 
1.000000e-01    0.001000   10   1.000000e-03   371    3710    0.001069      8.84 
1.000000e-01    0.001000   10   1.000000e-02   680    6800    0.000566      4.82 
1.000000e-01    0.001000   10   1.000000e-01   2074    20740    0.000292      1.58 
1.000000e-01    0.001000   20   0              82    1640    0.325945      0.00 
1.000000e-01    0.001000   20   1.000000e-06   82    1640    0.305102      0.00 
1.000000e-01    0.001000   20   1.000000e-05   83    1660    0.166174      0.00 
1.000000e-01    0.001000   20   1.000000e-04   87    1740    0.003898     18.84 
1.000000e-01    0.001000   20   1.000000e-03   122    2440    0.002407     13.43 
1.000000e-01    0.001000   20   1.000000e-02   329    6580    0.000615      4.98 
1.000000e-01    0.001000   20   1.000000e-01   1037    20740    0.000292      1.58 
1.000000e-01    0.001000   50   0              14    700    141210647.372268      0.00 
1.000000e-01    0.001000   50   1.000000e-06   14    700    155695004.178144      0.00 
1.000000e-01    0.001000   50   1.000000e-05   14    700    86499597.153447      0.00 
1.000000e-01    0.001000   50   1.000000e-04   18    900    4417335.075005      0.00 
1.000000e-01    0.001000   50   1.000000e-03   42    2100    830573.772133      0.00 
1.000000e-01    0.001000   50   1.000000e-02   132    6600    344.434468      0.00 
1.000000e-01    0.001000   50   1.000000e-01   415    20750    0.000293      1.58 

1               0.010000   1   0              32896    32896    0.004315      1.00 
1               0.010000   1   1.000000e-06   32897    32897    0.004177      1.00 
1               0.010000   1   1.000000e-05   32897    32897    0.003390      1.00 
1               0.010000   1   1.000000e-04   32900    32900    0.002839      1.00 
1               0.010000   1   1.000000e-03   32929    32929    0.002839      1.00 
1               0.010000   1   1.000000e-02   33225    33225    0.002839      0.99 
1               0.010000   1   1.000000e-01   36186    36186    0.002838      0.91 
1               0.010000   5   0              1316    6580    0.109628      0.00 
1               0.010000   5   1.000000e-06   1316    6580    0.102827      0.00 
1               0.010000   5   1.000000e-05   1317    6585    0.058188      0.00 
1               0.010000   5   1.000000e-04   1321    6605    0.003084      4.98 
1               0.010000   5   1.000000e-03   1359    6795    0.002932      4.84 
1               0.010000   5   1.000000e-02   1725    8625    0.002899      3.81 
1               0.010000   5   1.000000e-01   4173    20865    0.002847      1.58 
1               0.010000   10   0              329    3290    0.166012      0.00 
1               0.010000   10   1.000000e-06   330    3300    0.155194      0.00 
1               0.010000   10   1.000000e-05   330    3300    0.084056      0.00 
1               0.010000   10   1.000000e-04   334    3340    0.003578      9.85 
1               0.010000   10   1.000000e-03   372    3720    0.003313      8.84 
1               0.010000   10   1.000000e-02   683    6830    0.002972      4.82 
1               0.010000   10   1.000000e-01   2081    20810    0.002847      1.58 
1               0.010000   20   0              83    1660    0.422444      0.00 
1               0.010000   20   1.000000e-06   83    1660    0.394972      0.00 
1               0.010000   20   1.000000e-05   83    1660    0.217698      0.00 
1               0.010000   20   1.000000e-04   87    1740    0.006110     18.91 
1               0.010000   20   1.000000e-03   123    2460    0.004482     13.37 
1               0.010000   20   1.000000e-02   330    6600    0.002999      4.98 
1               0.010000   20   1.000000e-01   1041    20820    0.002847      1.58 
1               0.010000   50   0              14    700    385811841.938259      0.00 
1               0.010000   50   1.000000e-06   14    700    104783374.642991      0.00 
1               0.010000   50   1.000000e-05   14    700    133416429.580735      0.00 
1               0.010000   50   1.000000e-04   18    900    2549758.642635      0.00 
1               0.010000   50   1.000000e-03   42    2100    200951.315766      0.00 
1               0.010000   50   1.000000e-02   132    6600    139.661132      0.00 
1               0.010000   50   1.000000e-01   417    20850    0.002844      1.58 

10              0.100000   1   0               34049    34049    0.024362      0.00 
10              0.100000   1   1.000000e-06   34049    34049    0.024350      1.00 
10              0.100000   1   1.000000e-05   34049    34049    0.024291      1.00 
10              0.100000   1   1.000000e-04   34052    34052    0.024262      1.00 
10              0.100000   1   1.000000e-03   34083    34083    0.024262      1.00 
10              0.100000   1   1.000000e-02   34389    34389    0.024270      0.99 
10              0.100000   1   1.000000e-01   37453    37453    0.024344      0.91 
10              0.100000   5   0              1362    6810    1809270237.041767      0.00 
10              0.100000   5   1.000000e-06   1362    6810    1690487271.119030      0.00 
10              0.100000   5   1.000000e-05   1363    6815    933333811.743419      0.00 
10              0.100000   5   1.000000e-04   1367    6835    2235486.158546      0.00 
10              0.100000   5   1.000000e-03   1407    7035    0.010801      4.84 
10              0.100000   5   1.000000e-02   1785    8925    0.014784      3.82 
10              0.100000   5   1.000000e-01   4320    21600    0.022713      1.58 
10              0.100000   10   0              341    3410    2306137049.001695      0.00 
10              0.100000   10   1.000000e-06   341    3410    2166525741.316066      0.00 
10              0.100000   10   1.000000e-05   341    3410    1233234575.354817      0.00 
10              0.100000   10   1.000000e-04   345    3450    4799245.475790      0.00 
10              0.100000   10   1.000000e-03   385    3850    0.032122      0.00 
10              0.100000   10   1.000000e-02   707    7070    0.006904      4.82 
10              0.100000   10   1.000000e-01   2154    21540    0.022672      1.58 
10              0.100000   20   0              86    1720    1552193639.474360      0.00 
10              0.100000   20   1.000000e-06   86    1720    1455870713.597892      0.00 
10              0.100000   20   1.000000e-05   86    1720    818845463.748398      0.00 
10              0.100000   20   1.000000e-04   90    1800    5598053.554449      0.00 
10              0.100000   20   1.000000e-03   127    2540    0.140702      0.00 
10              0.100000   20   1.000000e-02   341    6820    0.005259      4.99 
10              0.100000   20   1.000000e-01   1077    21540    0.022671      1.58 
10              0.100000   50   0              14    700    2110951976052535.500000      0.00 
10              0.100000   50   1.000000e-06   14    700    1195530052840938.500000      0.00 
10              0.100000   50   1.000000e-05   15    750    2725724765229460.000000      0.00 
10              0.100000   50   1.000000e-04   18    900    66540992081230.906250      0.00 
10              0.100000   50   1.000000e-03   44    2200    326044.286573      0.00 
10              0.100000   50   1.000000e-02   137    6850    207.883416      0.00 
10              0.100000   50   1.000000e-01   431    21550    0.022667      1.58 

100             1.000000   1   0              45568    45568    0.155378      0.00 
100             1.000000   1   1.000000e-06   45569    45569    0.155377      1.00 
100             1.000000   1   1.000000e-05   45569    45569    0.155365      1.00 
100             1.000000   1   1.000000e-04   45573    45573    0.155364      1.00 
100             1.000000   1   1.000000e-03   45614    45614    0.155410      0.00 
100             1.000000   1   1.000000e-02   46024    46024    0.155862      0.00 
100             1.000000   1   1.000000e-01   50125    50125    0.159953      0.00 
100             1.000000   5   0              1823    9115    Inf      0.00 
100             1.000000   5   1.000000e-06   1823    9115    Inf      0.00 
100             1.000000   5   1.000000e-05   1824    9120    Inf      0.00 
100             1.000000   5   1.000000e-04   1829    9145    Inf      0.00 
100             1.000000   5   1.000000e-03   1883    9415    Inf      0.00 
100             1.000000   5   1.000000e-02   2389    11945    Inf      0.00 
100             1.000000   5   1.000000e-01   5781    28905    0.058415      1.58 
100             1.000000   10   0              456    4560    Inf      0.00 
100             1.000000   10   1.000000e-06   456    4560    Inf      0.00 
100             1.000000   10   1.000000e-05   457    4570    Inf      0.00 
100             1.000000   10   1.000000e-04   462    4620    Inf      0.00 
100             1.000000   10   1.000000e-03   515    5150    Inf      0.00 
100             1.000000   10   1.000000e-02   945    9450    Inf      0.00 
100             1.000000   10   1.000000e-01   2882    28820    0.055535      1.58 
100             1.000000   20   0              114    2280    569103267662317313765984852859816449481334813136082183660280319347253226661603046968420909439074028970764862519396679128142318671633892497556806013248062647613730919216420275547110797353117156088290964889855427339069724690033999969811169280.000000      0.00 
100             1.000000   20   1.000000e-06   114    2280    520948331258463075798397208626736221059313304224158314194486761901033696070599093142303323122817305238196477665099035859794682069908347978426632999602561761024727543856152236908646137718908623120757958262667542071652418575892500979975716864.000000      0.00 
100             1.000000   20   1.000000e-05   115    2300    30038604039325978859361136194586403738976580064069083939567376662727293258052268064852490968895070812222927271323823335404687250041915214397515469802225761990743961761784147347231757619990118281848469270988957904671454418853329792921250037760.000000      0.00 
100             1.000000   20   1.000000e-04   120    2400    274323858997659106319443050244764283812821776667490429276174456227305856775645318898333215197003855678648603966063237490385847945369200557073576597141869574632662014264805029557829988278060361640994261603765784337944894422844885904560706664282456064.000000      0.00 
100             1.000000   20   1.000000e-03   170    3400    Inf      0.00 
100             1.000000   20   1.000000e-02   456    9120    Inf      0.00 
100             1.000000   20   1.000000e-01   1441    28820    0.055527      1.58 
100             1.000000   50   0              19    950    2226194360710759884964695786930610623270714027067966368418522112285741657666160438420309634104763875881648128.000000      0.00 
100             1.000000   50   1.000000e-06   19    950    2027102227582474223885877651102839529272607677253576299287629330365649442099551805588934230929255741010214912.000000      0.00 
100             1.000000   50   1.000000e-05   19    950    884430654702279454303128336135066758021022001623910237120642710524772697687369152352298830401338506381099008.000000      0.00 
100             1.000000   50   1.000000e-04   24    1200    2762108144498011326801870102194070210302414454014689087473593159278509885701079290369699073212920016821017290745176416915073905197056.000000      0.00 
100             1.000000   50   1.000000e-03   58    2900    267389390275463282725360520654264519156607351791519114816111111604933022387670620679237088499667354387803237710134322850929241565466336157774035783397730653009274868081439573668339735480330174456059248733498919046989060207493656436028613758105856956256781655547517599744.000000      0.00 
100             1.000000   50   1.000000e-02   183    9150    Inf      0.00 
100             1.000000   50   1.000000e-01   577    28850    0.055501      1.58 

1000            10.000000   1   0              160768    160768    0.341308      0.00 
1000            10.000000   1   1.000000e-06   160769    160769    0.341303      1.00 
1000            10.000000   1   1.000000e-05   160770    160770    0.341307      1.00 
1000            10.000000   1   1.000000e-04   160785    160785    0.341383      0.00 
1000            10.000000   1   1.000000e-03   160929    160929    0.342175      0.00 
1000            10.000000   1   1.000000e-02   162376    162376    0.349901      0.00 
1000            10.000000   1   1.000000e-01   176845    176845    0.413106      0.00 
1000            10.000000   5   0              6431    32155    Inf      0.00 
1000            10.000000   5   1.000000e-06   6431    32155    Inf      0.00 
1000            10.000000   5   1.000000e-05   6433    32165    Inf      0.00 
1000            10.000000   5   1.000000e-04   6452    32260    Inf      0.00 
1000            10.000000   5   1.000000e-03   6642    33210    Inf      0.00 
1000            10.000000   5   1.000000e-02   8429    42145    Inf      0.00 
1000            10.000000   5   1.000000e-01   20395    101975    Inf      0.00 
1000            10.000000   10   0              1608    16080    Inf      0.00 
1000            10.000000   10   1.000000e-06   1608    16080    Inf      0.00 
1000            10.000000   10   1.000000e-05   1610    16100    Inf      0.00 
1000            10.000000   10   1.000000e-04   1630    16300    Inf      0.00 
1000            10.000000   10   1.000000e-03   1817    18170    Inf      0.00 
1000            10.000000   10   1.000000e-02   3334    33340    Inf      0.00 
1000            10.000000   10   1.000000e-01   10168  101680    Inf      0.00 
1000            10.000000   20   0              402    8040    Inf      0.00 
1000            10.000000   20   1.000000e-06   403    8060    Inf      0.00 
1000            10.000000   20   1.000000e-05   405    8100    Inf      0.00 
1000            10.000000   20   1.000000e-04   424    8480    Inf      0.00 
1000            10.000000   20   1.000000e-03   597    11940    Inf      0.00 
1000            10.000000   20   1.000000e-02   1609    32180    Inf      0.00 
1000            10.000000   20   1.000000e-01   5084    101680    Inf      0.00 
1000            10.000000   50   0              65    3250    Inf      0.00 
1000            10.000000   50   1.000000e-06   65    3250    Inf      0.00 
1000            10.000000   50   1.000000e-05   67    3350    Inf      0.00 
1000            10.000000   50   1.000000e-04   85    4250    Inf      0.00 
1000            10.000000   50   1.000000e-03   205    10250    Inf      0.00 
1000            10.000000   50   1.000000e-02   644    32200    Inf      0.00 
1000            10.000000   50   1.000000e-01   2034    101700    Inf      0.00 
