#At time: 0.000000e+00, nsteps= 0


-2.000000e+00, 0.000000e+00, 0.000000e+00
-1.992188e+00, 0.000000e+00, 0.000000e+00
-1.976563e+00, 0.000000e+00, 0.000000e+00
-1.960938e+00, 0.000000e+00, 0.000000e+00
-1.945313e+00, 0.000000e+00, 0.000000e+00
-1.929688e+00, 0.000000e+00, 0.000000e+00
-1.914063e+00, 0.000000e+00, 0.000000e+00
-1.898438e+00, 0.000000e+00, 0.000000e+00
-1.882813e+00, 0.000000e+00, 0.000000e+00
-1.867188e+00, 0.000000e+00, 0.000000e+00
-1.851563e+00, 0.000000e+00, 0.000000e+00
-1.835938e+00, 0.000000e+00, 0.000000e+00
-1.820313e+00, 0.000000e+00, 0.000000e+00
-1.804688e+00, 0.000000e+00, 0.000000e+00
-1.789063e+00, 0.000000e+00, 0.000000e+00
-1.773438e+00, 0.000000e+00, 0.000000e+00
-1.757813e+00, 0.000000e+00, 0.000000e+00
-1.742188e+00, 0.000000e+00, 0.000000e+00
-1.726563e+00, 0.000000e+00, 0.000000e+00
-1.710938e+00, 0.000000e+00, 0.000000e+00
-1.695313e+00, 0.000000e+00, 0.000000e+00
-1.679688e+00, 0.000000e+00, 0.000000e+00
-1.664063e+00, 0.000000e+00, 0.000000e+00
-1.648438e+00, 0.000000e+00, 0.000000e+00
-1.632813e+00, 0.000000e+00, 0.000000e+00
-1.617188e+00, 0.000000e+00, 0.000000e+00
-1.601563e+00, 0.000000e+00, 0.000000e+00
-1.585938e+00, 0.000000e+00, 0.000000e+00
-1.570313e+00, 0.000000e+00, 0.000000e+00
-1.554688e+00, 0.000000e+00, 0.000000e+00
-1.539063e+00, 0.000000e+00, 0.000000e+00
-1.523438e+00, 0.000000e+00, 0.000000e+00
-1.507813e+00, 0.000000e+00, 0.000000e+00
-1.492188e+00, 0.000000e+00, 0.000000e+00
-1.476563e+00, 0.000000e+00, 0.000000e+00
-1.460938e+00, 0.000000e+00, 0.000000e+00
-1.445313e+00, 0.000000e+00, 0.000000e+00
-1.429688e+00, 0.000000e+00, 0.000000e+00
-1.414063e+00, 0.000000e+00, 0.000000e+00
-1.398438e+00, 0.000000e+00, 0.000000e+00
-1.382813e+00, 0.000000e+00, 0.000000e+00
-1.367188e+00, 0.000000e+00, 0.000000e+00
-1.351563e+00, 0.000000e+00, 0.000000e+00
-1.335938e+00, 0.000000e+00, 0.000000e+00
-1.320313e+00, 0.000000e+00, 0.000000e+00
-1.304688e+00, 0.000000e+00, 0.000000e+00
-1.289063e+00, 0.000000e+00, 0.000000e+00
-1.273438e+00, 0.000000e+00, 0.000000e+00
-1.257813e+00, 0.000000e+00, 0.000000e+00
-1.242188e+00, 0.000000e+00, 0.000000e+00
-1.226563e+00, 0.000000e+00, 0.000000e+00
-1.210938e+00, 0.000000e+00, 0.000000e+00
-1.195313e+00, 0.000000e+00, 0.000000e+00
-1.179688e+00, 0.000000e+00, 0.000000e+00
-1.164063e+00, 0.000000e+00, 0.000000e+00
-1.148438e+00, 0.000000e+00, 0.000000e+00
-1.132813e+00, 0.000000e+00, 0.000000e+00
-1.117188e+00, 0.000000e+00, 0.000000e+00
-1.101563e+00, 0.000000e+00, 0.000000e+00
-1.085938e+00, 0.000000e+00, 0.000000e+00
-1.070313e+00, 0.000000e+00, 0.000000e+00
-1.054688e+00, 0.000000e+00, 0.000000e+00
-1.039063e+00, 0.000000e+00, 0.000000e+00
-1.023438e+00, 0.000000e+00, 0.000000e+00
-1.007813e+00, 0.000000e+00, 0.000000e+00
-9.921875e-01, 0.000000e+00, 0.000000e+00
-9.765625e-01, 0.000000e+00, 0.000000e+00
-9.609375e-01, 0.000000e+00, 0.000000e+00
-9.453125e-01, 0.000000e+00, 0.000000e+00
-9.296875e-01, 0.000000e+00, 0.000000e+00
-9.140625e-01, 0.000000e+00, 0.000000e+00
-8.984375e-01, 0.000000e+00, 0.000000e+00
-8.828125e-01, 0.000000e+00, 0.000000e+00
-8.671875e-01, 0.000000e+00, 0.000000e+00
-8.515625e-01, 0.000000e+00, 0.000000e+00
-8.359375e-01, 0.000000e+00, 0.000000e+00
-8.203125e-01, 0.000000e+00, 0.000000e+00
-8.046875e-01, 0.000000e+00, 0.000000e+00
-7.890625e-01, 0.000000e+00, 0.000000e+00
-7.734375e-01, 0.000000e+00, 0.000000e+00
-7.578125e-01, 0.000000e+00, 0.000000e+00
-7.421875e-01, 0.000000e+00, 0.000000e+00
-7.265625e-01, 0.000000e+00, 0.000000e+00
-7.109375e-01, 0.000000e+00, 0.000000e+00
-6.953125e-01, 0.000000e+00, 0.000000e+00
-6.796875e-01, 0.000000e+00, 0.000000e+00
-6.640625e-01, 0.000000e+00, 0.000000e+00
-6.484375e-01, 0.000000e+00, 0.000000e+00
-6.328125e-01, 0.000000e+00, 0.000000e+00
-6.171875e-01, 0.000000e+00, 0.000000e+00
-6.015625e-01, 0.000000e+00, 0.000000e+00
-5.859375e-01, 0.000000e+00, 0.000000e+00
-5.703125e-01, 0.000000e+00, 0.000000e+00
-5.546875e-01, 0.000000e+00, 0.000000e+00
-5.390625e-01, 0.000000e+00, 0.000000e+00
-5.234375e-01, 0.000000e+00, 0.000000e+00
-5.078125e-01, 0.000000e+00, 0.000000e+00
-4.921875e-01, 0.000000e+00, 0.000000e+00
-4.765625e-01, 0.000000e+00, 0.000000e+00
-4.609375e-01, 0.000000e+00, 0.000000e+00
-4.453125e-01, 0.000000e+00, 0.000000e+00
-4.296875e-01, 0.000000e+00, 0.000000e+00
-4.140625e-01, 0.000000e+00, 0.000000e+00
-3.984375e-01, 0.000000e+00, 0.000000e+00
-3.828125e-01, 0.000000e+00, 0.000000e+00
-3.671875e-01, 0.000000e+00, 0.000000e+00
-3.515625e-01, 0.000000e+00, 0.000000e+00
-3.359375e-01, 0.000000e+00, 0.000000e+00
-3.203125e-01, 0.000000e+00, 0.000000e+00
-3.046875e-01, 0.000000e+00, 0.000000e+00
-2.890625e-01, 0.000000e+00, 0.000000e+00
-2.734375e-01, 0.000000e+00, 0.000000e+00
-2.578125e-01, 0.000000e+00, 0.000000e+00
-2.421875e-01, 0.000000e+00, 0.000000e+00
-2.265625e-01, 0.000000e+00, 0.000000e+00
-2.109375e-01, 0.000000e+00, 0.000000e+00
-1.953125e-01, 0.000000e+00, 0.000000e+00
-1.796875e-01, 0.000000e+00, 0.000000e+00
-1.640625e-01, 0.000000e+00, 0.000000e+00
-1.484375e-01, 0.000000e+00, 0.000000e+00
-1.328125e-01, 0.000000e+00, 0.000000e+00
-1.171875e-01, 0.000000e+00, 0.000000e+00
-1.015625e-01, 0.000000e+00, 0.000000e+00
-8.593750e-02, 0.000000e+00, 0.000000e+00
-7.031250e-02, 0.000000e+00, 0.000000e+00
-5.468750e-02, 0.000000e+00, 0.000000e+00
-3.906250e-02, 0.000000e+00, 0.000000e+00
-2.343750e-02, 0.000000e+00, 0.000000e+00
-7.812500e-03, 0.000000e+00, 0.000000e+00
7.812500e-03, 0.000000e+00, 0.000000e+00
2.343750e-02, 0.000000e+00, 0.000000e+00
3.906250e-02, 0.000000e+00, 0.000000e+00
5.468750e-02, 0.000000e+00, 0.000000e+00
7.031250e-02, 0.000000e+00, 0.000000e+00
8.593750e-02, 0.000000e+00, 0.000000e+00
1.015625e-01, 0.000000e+00, 0.000000e+00
1.171875e-01, 0.000000e+00, 0.000000e+00
1.328125e-01, 0.000000e+00, 0.000000e+00
1.484375e-01, 0.000000e+00, 0.000000e+00
1.640625e-01, 0.000000e+00, 0.000000e+00
1.796875e-01, 0.000000e+00, 0.000000e+00
1.953125e-01, 0.000000e+00, 0.000000e+00
2.109375e-01, 0.000000e+00, 0.000000e+00
2.265625e-01, 0.000000e+00, 0.000000e+00
2.421875e-01, 0.000000e+00, 0.000000e+00
2.578125e-01, 0.000000e+00, 0.000000e+00
2.734375e-01, 0.000000e+00, 0.000000e+00
2.890625e-01, 0.000000e+00, 0.000000e+00
3.046875e-01, 0.000000e+00, 0.000000e+00
3.203125e-01, 0.000000e+00, 0.000000e+00
3.359375e-01, 0.000000e+00, 0.000000e+00
3.515625e-01, 0.000000e+00, 0.000000e+00
3.671875e-01, 0.000000e+00, 0.000000e+00
3.828125e-01, 0.000000e+00, 0.000000e+00
3.984375e-01, 0.000000e+00, 0.000000e+00
4.140625e-01, 0.000000e+00, 0.000000e+00
4.296875e-01, 0.000000e+00, 0.000000e+00
4.453125e-01, 0.000000e+00, 0.000000e+00
4.609375e-01, 0.000000e+00, 0.000000e+00
4.765625e-01, 0.000000e+00, 0.000000e+00
4.921875e-01, 0.000000e+00, 0.000000e+00
5.078125e-01, 0.000000e+00, 0.000000e+00
5.234375e-01, 0.000000e+00, 0.000000e+00
5.390625e-01, 0.000000e+00, 0.000000e+00
5.546875e-01, 0.000000e+00, 0.000000e+00
5.703125e-01, 0.000000e+00, 0.000000e+00
5.859375e-01, 0.000000e+00, 0.000000e+00
6.015625e-01, 0.000000e+00, 0.000000e+00
6.171875e-01, 0.000000e+00, 0.000000e+00
6.328125e-01, 0.000000e+00, 0.000000e+00
6.484375e-01, 0.000000e+00, 0.000000e+00
6.640625e-01, 0.000000e+00, 0.000000e+00
6.796875e-01, 0.000000e+00, 0.000000e+00
6.953125e-01, 0.000000e+00, 0.000000e+00
7.109375e-01, 0.000000e+00, 0.000000e+00
7.265625e-01, 0.000000e+00, 0.000000e+00
7.421875e-01, 0.000000e+00, 0.000000e+00
7.578125e-01, 0.000000e+00, 0.000000e+00
7.734375e-01, 0.000000e+00, 0.000000e+00
7.890625e-01, 0.000000e+00, 0.000000e+00
8.046875e-01, 0.000000e+00, 0.000000e+00
8.203125e-01, 0.000000e+00, 0.000000e+00
8.359375e-01, 0.000000e+00, 0.000000e+00
8.515625e-01, 0.000000e+00, 0.000000e+00
8.671875e-01, 0.000000e+00, 0.000000e+00
8.828125e-01, 0.000000e+00, 0.000000e+00
8.984375e-01, 0.000000e+00, 0.000000e+00
9.140625e-01, 0.000000e+00, 0.000000e+00
9.296875e-01, 0.000000e+00, 0.000000e+00
9.453125e-01, 0.000000e+00, 0.000000e+00
9.609375e-01, 0.000000e+00, 0.000000e+00
9.765625e-01, 0.000000e+00, 0.000000e+00
9.921875e-01, 0.000000e+00, 0.000000e+00
1.007813e+00, 5.000000e+00, 5.000000e+00
1.023438e+00, 5.000000e+00, 5.000000e+00
1.039063e+00, 5.000000e+00, 5.000000e+00
1.054688e+00, 5.000000e+00, 5.000000e+00
1.070313e+00, 5.000000e+00, 5.000000e+00
1.085938e+00, 5.000000e+00, 5.000000e+00
1.101563e+00, 5.000000e+00, 5.000000e+00
1.117188e+00, 5.000000e+00, 5.000000e+00
1.132813e+00, 5.000000e+00, 5.000000e+00
1.148438e+00, 5.000000e+00, 5.000000e+00
1.164063e+00, 5.000000e+00, 5.000000e+00
1.179688e+00, 5.000000e+00, 5.000000e+00
1.195313e+00, 5.000000e+00, 5.000000e+00
1.210938e+00, 5.000000e+00, 5.000000e+00
1.226563e+00, 5.000000e+00, 5.000000e+00
1.242188e+00, 5.000000e+00, 5.000000e+00
1.257813e+00, 5.000000e+00, 5.000000e+00
1.273438e+00, 5.000000e+00, 5.000000e+00
1.289063e+00, 5.000000e+00, 5.000000e+00
1.304688e+00, 5.000000e+00, 5.000000e+00
1.320313e+00, 5.000000e+00, 5.000000e+00
1.335938e+00, 5.000000e+00, 5.000000e+00
1.351563e+00, 5.000000e+00, 5.000000e+00
1.367188e+00, 5.000000e+00, 5.000000e+00
1.382813e+00, 5.000000e+00, 5.000000e+00
1.398438e+00, 5.000000e+00, 5.000000e+00
1.414063e+00, 5.000000e+00, 5.000000e+00
1.429688e+00, 5.000000e+00, 5.000000e+00
1.445313e+00, 5.000000e+00, 5.000000e+00
1.460938e+00, 5.000000e+00, 5.000000e+00
1.476563e+00, 5.000000e+00, 5.000000e+00
1.492188e+00, 5.000000e+00, 5.000000e+00
1.507813e+00, 5.000000e+00, 5.000000e+00
1.523438e+00, 5.000000e+00, 5.000000e+00
1.539063e+00, 5.000000e+00, 5.000000e+00
1.554688e+00, 5.000000e+00, 5.000000e+00
1.570313e+00, 5.000000e+00, 5.000000e+00
1.585938e+00, 5.000000e+00, 5.000000e+00
1.601563e+00, 5.000000e+00, 5.000000e+00
1.617188e+00, 5.000000e+00, 5.000000e+00
1.632813e+00, 5.000000e+00, 5.000000e+00
1.648438e+00, 5.000000e+00, 5.000000e+00
1.664063e+00, 5.000000e+00, 5.000000e+00
1.679688e+00, 5.000000e+00, 5.000000e+00
1.695313e+00, 5.000000e+00, 5.000000e+00
1.710938e+00, 5.000000e+00, 5.000000e+00
1.726563e+00, 5.000000e+00, 5.000000e+00
1.742188e+00, 5.000000e+00, 5.000000e+00
1.757813e+00, 5.000000e+00, 5.000000e+00
1.773438e+00, 5.000000e+00, 5.000000e+00
1.789063e+00, 5.000000e+00, 5.000000e+00
1.804688e+00, 5.000000e+00, 5.000000e+00
1.820313e+00, 5.000000e+00, 5.000000e+00
1.835938e+00, 5.000000e+00, 5.000000e+00
1.851563e+00, 5.000000e+00, 5.000000e+00
1.867188e+00, 5.000000e+00, 5.000000e+00
1.882813e+00, 5.000000e+00, 5.000000e+00
1.898438e+00, 5.000000e+00, 5.000000e+00
1.914063e+00, 5.000000e+00, 5.000000e+00
1.929688e+00, 5.000000e+00, 5.000000e+00
1.945313e+00, 5.000000e+00, 5.000000e+00
1.960938e+00, 5.000000e+00, 5.000000e+00
1.976563e+00, 5.000000e+00, 5.000000e+00
1.992188e+00, 5.000000e+00, 5.000000e+00
2.007813e+00, 0.000000e+00, 0.000000e+00
2.023438e+00, 0.000000e+00, 0.000000e+00
2.039063e+00, 0.000000e+00, 0.000000e+00
2.054688e+00, 0.000000e+00, 0.000000e+00
2.070313e+00, 0.000000e+00, 0.000000e+00
2.085938e+00, 0.000000e+00, 0.000000e+00
2.101563e+00, 0.000000e+00, 0.000000e+00
2.117188e+00, 0.000000e+00, 0.000000e+00
2.132813e+00, 0.000000e+00, 0.000000e+00
2.148438e+00, 0.000000e+00, 0.000000e+00
2.164063e+00, 0.000000e+00, 0.000000e+00
2.179688e+00, 0.000000e+00, 0.000000e+00
2.195313e+00, 0.000000e+00, 0.000000e+00
2.210938e+00, 0.000000e+00, 0.000000e+00
2.226563e+00, 0.000000e+00, 0.000000e+00
2.242188e+00, 0.000000e+00, 0.000000e+00
2.257813e+00, 0.000000e+00, 0.000000e+00
2.273438e+00, 0.000000e+00, 0.000000e+00
2.289063e+00, 0.000000e+00, 0.000000e+00
2.304688e+00, 0.000000e+00, 0.000000e+00
2.320313e+00, 0.000000e+00, 0.000000e+00
2.335938e+00, 0.000000e+00, 0.000000e+00
2.351563e+00, 0.000000e+00, 0.000000e+00
2.367188e+00, 0.000000e+00, 0.000000e+00
2.382813e+00, 0.000000e+00, 0.000000e+00
2.398438e+00, 0.000000e+00, 0.000000e+00
2.414063e+00, 0.000000e+00, 0.000000e+00
2.429688e+00, 0.000000e+00, 0.000000e+00
2.445313e+00, 0.000000e+00, 0.000000e+00
2.460938e+00, 0.000000e+00, 0.000000e+00
2.476563e+00, 0.000000e+00, 0.000000e+00
2.492188e+00, 0.000000e+00, 0.000000e+00
2.507813e+00, 0.000000e+00, 0.000000e+00
2.523438e+00, 0.000000e+00, 0.000000e+00
2.539063e+00, 0.000000e+00, 0.000000e+00
2.554688e+00, 0.000000e+00, 0.000000e+00
2.570313e+00, 0.000000e+00, 0.000000e+00
2.585938e+00, 0.000000e+00, 0.000000e+00
2.601563e+00, 0.000000e+00, 0.000000e+00
2.617188e+00, 0.000000e+00, 0.000000e+00
2.632813e+00, 0.000000e+00, 0.000000e+00
2.648438e+00, 0.000000e+00, 0.000000e+00
2.664063e+00, 0.000000e+00, 0.000000e+00
2.679688e+00, 0.000000e+00, 0.000000e+00
2.695313e+00, 0.000000e+00, 0.000000e+00
2.710938e+00, 0.000000e+00, 0.000000e+00
2.726563e+00, 0.000000e+00, 0.000000e+00
2.742188e+00, 0.000000e+00, 0.000000e+00
2.757813e+00, 0.000000e+00, 0.000000e+00
2.773438e+00, 0.000000e+00, 0.000000e+00
2.789063e+00, 0.000000e+00, 0.000000e+00
2.804688e+00, 0.000000e+00, 0.000000e+00
2.820313e+00, 0.000000e+00, 0.000000e+00
2.835938e+00, 0.000000e+00, 0.000000e+00
2.851563e+00, 0.000000e+00, 0.000000e+00
2.867188e+00, 0.000000e+00, 0.000000e+00
2.882813e+00, 0.000000e+00, 0.000000e+00
2.898438e+00, 0.000000e+00, 0.000000e+00
2.914063e+00, 0.000000e+00, 0.000000e+00
2.929688e+00, 0.000000e+00, 0.000000e+00
2.945313e+00, 0.000000e+00, 0.000000e+00
2.960938e+00, 0.000000e+00, 0.000000e+00
2.976563e+00, 0.000000e+00, 0.000000e+00
2.992188e+00, 0.000000e+00, 0.000000e+00
3.007813e+00, 0.000000e+00, 0.000000e+00
3.023438e+00, 0.000000e+00, 0.000000e+00
3.039063e+00, 0.000000e+00, 0.000000e+00
3.054688e+00, 0.000000e+00, 0.000000e+00
3.070313e+00, 0.000000e+00, 0.000000e+00
3.085938e+00, 0.000000e+00, 0.000000e+00
3.101563e+00, 0.000000e+00, 0.000000e+00
3.117188e+00, 0.000000e+00, 0.000000e+00
3.132813e+00, 0.000000e+00, 0.000000e+00
3.148438e+00, 0.000000e+00, 0.000000e+00
3.164063e+00, 0.000000e+00, 0.000000e+00
3.179688e+00, 0.000000e+00, 0.000000e+00
3.195313e+00, 0.000000e+00, 0.000000e+00
3.210938e+00, 0.000000e+00, 0.000000e+00
3.226563e+00, 0.000000e+00, 0.000000e+00
3.242188e+00, 0.000000e+00, 0.000000e+00
3.257813e+00, 0.000000e+00, 0.000000e+00
3.273438e+00, 0.000000e+00, 0.000000e+00
3.289063e+00, 0.000000e+00, 0.000000e+00
3.304688e+00, 0.000000e+00, 0.000000e+00
3.320313e+00, 0.000000e+00, 0.000000e+00
3.335938e+00, 0.000000e+00, 0.000000e+00
3.351563e+00, 0.000000e+00, 0.000000e+00
3.367188e+00, 0.000000e+00, 0.000000e+00
3.382813e+00, 0.000000e+00, 0.000000e+00
3.398438e+00, 0.000000e+00, 0.000000e+00
3.414063e+00, 0.000000e+00, 0.000000e+00
3.429688e+00, 0.000000e+00, 0.000000e+00
3.445313e+00, 0.000000e+00, 0.000000e+00
3.460938e+00, 0.000000e+00, 0.000000e+00
3.476563e+00, 0.000000e+00, 0.000000e+00
3.492188e+00, 0.000000e+00, 0.000000e+00
3.507813e+00, 0.000000e+00, 0.000000e+00
3.523438e+00, 0.000000e+00, 0.000000e+00
3.539063e+00, 0.000000e+00, 0.000000e+00
3.554688e+00, 0.000000e+00, 0.000000e+00
3.570313e+00, 0.000000e+00, 0.000000e+00
3.585938e+00, 0.000000e+00, 0.000000e+00
3.601563e+00, 0.000000e+00, 0.000000e+00
3.617188e+00, 0.000000e+00, 0.000000e+00
3.632813e+00, 0.000000e+00, 0.000000e+00
3.648438e+00, 0.000000e+00, 0.000000e+00
3.664063e+00, 0.000000e+00, 0.000000e+00
3.679688e+00, 0.000000e+00, 0.000000e+00
3.695313e+00, 0.000000e+00, 0.000000e+00
3.710938e+00, 0.000000e+00, 0.000000e+00
3.726563e+00, 0.000000e+00, 0.000000e+00
3.742188e+00, 0.000000e+00, 0.000000e+00
3.757813e+00, 0.000000e+00, 0.000000e+00
3.773438e+00, 0.000000e+00, 0.000000e+00
3.789063e+00, 0.000000e+00, 0.000000e+00
3.804688e+00, 0.000000e+00, 0.000000e+00
3.820313e+00, 0.000000e+00, 0.000000e+00
3.835938e+00, 0.000000e+00, 0.000000e+00
3.851563e+00, 0.000000e+00, 0.000000e+00
3.867188e+00, 0.000000e+00, 0.000000e+00
3.882813e+00, 0.000000e+00, 0.000000e+00
3.898438e+00, 0.000000e+00, 0.000000e+00
3.914063e+00, 0.000000e+00, 0.000000e+00
3.929688e+00, 0.000000e+00, 0.000000e+00
3.945313e+00, 0.000000e+00, 0.000000e+00
3.960938e+00, 0.000000e+00, 0.000000e+00
3.976563e+00, 0.000000e+00, 0.000000e+00
3.992188e+00, 0.000000e+00, 0.000000e+00
4.007813e+00, 0.000000e+00, 0.000000e+00
4.023438e+00, 0.000000e+00, 0.000000e+00
4.039063e+00, 0.000000e+00, 0.000000e+00
4.054688e+00, 0.000000e+00, 0.000000e+00
4.070313e+00, 0.000000e+00, 0.000000e+00
4.085938e+00, 0.000000e+00, 0.000000e+00
4.101563e+00, 0.000000e+00, 0.000000e+00
4.117188e+00, 0.000000e+00, 0.000000e+00
4.132813e+00, 0.000000e+00, 0.000000e+00
4.148438e+00, 0.000000e+00, 0.000000e+00
4.164063e+00, 0.000000e+00, 0.000000e+00
4.179688e+00, 0.000000e+00, 0.000000e+00
4.195313e+00, 0.000000e+00, 0.000000e+00
4.210938e+00, 0.000000e+00, 0.000000e+00
4.226563e+00, 0.000000e+00, 0.000000e+00
4.242188e+00, 0.000000e+00, 0.000000e+00
4.257813e+00, 0.000000e+00, 0.000000e+00
4.273438e+00, 0.000000e+00, 0.000000e+00
4.289063e+00, 0.000000e+00, 0.000000e+00
4.304688e+00, 0.000000e+00, 0.000000e+00
4.320313e+00, 0.000000e+00, 0.000000e+00
4.335938e+00, 0.000000e+00, 0.000000e+00
4.351563e+00, 0.000000e+00, 0.000000e+00
4.367188e+00, 0.000000e+00, 0.000000e+00
4.382813e+00, 0.000000e+00, 0.000000e+00
4.398438e+00, 0.000000e+00, 0.000000e+00
4.414063e+00, 0.000000e+00, 0.000000e+00
4.429688e+00, 0.000000e+00, 0.000000e+00
4.445313e+00, 0.000000e+00, 0.000000e+00
4.460938e+00, 0.000000e+00, 0.000000e+00
4.476563e+00, 0.000000e+00, 0.000000e+00
4.492188e+00, 0.000000e+00, 0.000000e+00
4.507813e+00, 0.000000e+00, 0.000000e+00
4.523438e+00, 0.000000e+00, 0.000000e+00
4.539063e+00, 0.000000e+00, 0.000000e+00
4.554688e+00, 0.000000e+00, 0.000000e+00
4.570313e+00, 0.000000e+00, 0.000000e+00
4.585938e+00, 0.000000e+00, 0.000000e+00
4.601563e+00, 0.000000e+00, 0.000000e+00
4.617188e+00, 0.000000e+00, 0.000000e+00
4.632813e+00, 0.000000e+00, 0.000000e+00
4.648438e+00, 0.000000e+00, 0.000000e+00
4.664063e+00, 0.000000e+00, 0.000000e+00
4.679688e+00, 0.000000e+00, 0.000000e+00
4.695313e+00, 0.000000e+00, 0.000000e+00
4.710938e+00, 0.000000e+00, 0.000000e+00
4.726563e+00, 0.000000e+00, 0.000000e+00
4.742188e+00, 0.000000e+00, 0.000000e+00
4.757813e+00, 0.000000e+00, 0.000000e+00
4.773438e+00, 0.000000e+00, 0.000000e+00
4.789063e+00, 0.000000e+00, 0.000000e+00
4.804688e+00, 0.000000e+00, 0.000000e+00
4.820313e+00, 0.000000e+00, 0.000000e+00
4.835938e+00, 0.000000e+00, 0.000000e+00
4.851563e+00, 0.000000e+00, 0.000000e+00
4.867188e+00, 0.000000e+00, 0.000000e+00
4.882813e+00, 0.000000e+00, 0.000000e+00
4.898438e+00, 0.000000e+00, 0.000000e+00
4.914063e+00, 0.000000e+00, 0.000000e+00
4.929688e+00, 0.000000e+00, 0.000000e+00
4.945313e+00, 0.000000e+00, 0.000000e+00
4.960938e+00, 0.000000e+00, 0.000000e+00
4.976563e+00, 0.000000e+00, 0.000000e+00
4.992188e+00, 0.000000e+00, 0.000000e+00
5.000000e+00, 0.000000e+00, 0.000000e+00


#At time: 2.500000e+01, nsteps= 2048


-2.000000e+00, 5.518770e-05, 5.518770e-05
-1.992188e+00, 6.348698e-05, 5.796962e-05
-1.976563e+00, 5.851929e-05, 6.393879e-05
-1.960938e+00, 7.590474e-05, 7.048961e-05
-1.945313e+00, 7.179432e-05, 7.767525e-05
-1.929688e+00, 9.105209e-05, 8.555339e-05
-1.914063e+00, 8.765768e-05, 9.418651e-05
-1.898438e+00, 1.094141e-04, 1.036424e-04
-1.882813e+00, 1.066165e-04, 1.139943e-04
-1.867188e+00, 1.315645e-04, 1.253216e-04
-1.851563e+00, 1.292632e-04, 1.377102e-04
-1.835938e+00, 1.581785e-04, 1.512529e-04
-1.820313e+00, 1.562893e-04, 1.660500e-04
-1.804688e+00, 1.900483e-04, 1.822096e-04
-1.789063e+00, 1.885004e-04, 1.998487e-04
-1.773438e+00, 2.281000e-04, 2.190933e-04
-1.757813e+00, 2.268342e-04, 2.400792e-04
-1.742188e+00, 2.734128e-04, 2.629528e-04
-1.726563e+00, 2.723797e-04, 2.878717e-04
-1.710938e+00, 3.272408e-04, 3.150054e-04
-1.695313e+00, 3.263994e-04, 3.445364e-04
-1.679688e+00, 3.910376e-04, 3.766606e-04
-1.664063e+00, 3.903536e-04, 4.115889e-04
-1.648438e+00, 4.664834e-04, 4.495471e-04
-1.632813e+00, 4.659284e-04, 4.907781e-04
-1.617188e+00, 5.555152e-04, 5.355421e-04
-1.601563e+00, 5.550658e-04, 5.841178e-04
-1.585938e+00, 6.603611e-04, 6.368042e-04
-1.570313e+00, 6.599979e-04, 6.939211e-04
-1.554688e+00, 7.835771e-04, 7.558106e-04
-1.539063e+00, 7.832842e-04, 8.228387e-04
-1.523438e+00, 9.280888e-04, 8.953964e-04
-1.507813e+00, 9.278530e-04, 9.739014e-04
-1.492188e+00, 1.097236e-03, 1.058800e-03
-1.476563e+00, 1.097047e-03, 1.150566e-03
-1.460938e+00, 1.294824e-03, 1.249709e-03
-1.445313e+00, 1.294672e-03, 1.356767e-03
-1.429688e+00, 1.525174e-03, 1.472317e-03
-1.414063e+00, 1.525052e-03, 1.596971e-03
-1.398438e+00, 1.793186e-03, 1.731379e-03
-1.382813e+00, 1.793089e-03, 1.876234e-03
-1.367188e+00, 2.104399e-03, 2.032272e-03
-1.351563e+00, 2.104322e-03, 2.200272e-03
-1.335938e+00, 2.465063e-03, 2.381064e-03
-1.320313e+00, 2.465001e-03, 2.575525e-03
-1.304688e+00, 2.882206e-03, 2.784586e-03
-1.289063e+00, 2.882157e-03, 3.009233e-03
-1.273438e+00, 3.363721e-03, 3.250509e-03
-1.257813e+00, 3.363682e-03, 3.509518e-03
-1.242188e+00, 3.918441e-03, 3.787426e-03
-1.226563e+00, 3.918410e-03, 4.085466e-03
-1.210938e+00, 4.556232e-03, 4.404937e-03
-1.195313e+00, 4.556208e-03, 4.747213e-03
-1.179688e+00, 5.288084e-03, 5.113742e-03
-1.164063e+00, 5.288065e-03, 5.506047e-03
-1.148438e+00, 6.126207e-03, 5.925735e-03
-1.132813e+00, 6.126192e-03, 6.374497e-03
-1.117188e+00, 7.084135e-03, 6.854108e-03
-1.101563e+00, 7.084123e-03, 7.366438e-03
-1.085938e+00, 8.176823e-03, 7.913448e-03
-1.070313e+00, 8.176814e-03, 8.497197e-03
-1.054688e+00, 9.420761e-03, 9.119845e-03
-1.039063e+00, 9.420754e-03, 9.783656e-03
-1.023438e+00, 1.083408e-02, 1.049100e-02
-1.007813e+00, 1.083407e-02, 1.124437e-02
-9.921875e-01, 1.243665e-02, 1.204634e-02
-9.765625e-01, 1.243665e-02, 1.289965e-02
-9.609375e-01, 1.425023e-02, 1.380712e-02
-9.453125e-01, 1.425022e-02, 1.477172e-02
-9.296875e-01, 1.629850e-02, 1.579652e-02
-9.140625e-01, 1.629849e-02, 1.688476e-02
-8.984375e-01, 1.860724e-02, 1.803979e-02
-8.828125e-01, 1.860724e-02, 1.926509e-02
-8.671875e-01, 2.120440e-02, 2.056429e-02
-8.515625e-01, 2.120440e-02, 2.194117e-02
-8.359375e-01, 2.412020e-02, 2.339965e-02
-8.203125e-01, 2.412020e-02, 2.494380e-02
-8.046875e-01, 2.738719e-02, 2.657783e-02
-7.890625e-01, 2.738719e-02, 2.830611e-02
-7.734375e-01, 3.104038e-02, 3.013317e-02
-7.578125e-01, 3.104038e-02, 3.206370e-02
-7.421875e-01, 3.511725e-02, 3.410253e-02
-7.265625e-01, 3.511725e-02, 3.625466e-02
-7.109375e-01, 3.965785e-02, 3.852527e-02
-6.953125e-01, 3.965785e-02, 4.091966e-02
-6.796875e-01, 4.470478e-02, 4.344333e-02
-6.640625e-01, 4.470478e-02, 4.610192e-02
-6.484375e-01, 5.030326e-02, 4.890125e-02
-6.328125e-01, 5.030326e-02, 5.184729e-02
-6.171875e-01, 5.650109e-02, 5.494616e-02
-6.015625e-01, 5.650109e-02, 5.820416e-02
-5.859375e-01, 6.334861e-02, 6.162773e-02
-5.703125e-01, 6.334861e-02, 6.522349e-02
-5.546875e-01, 7.089868e-02, 6.899819e-02
-5.390625e-01, 7.089868e-02, 7.295872e-02
-5.234375e-01, 7.920656e-02, 7.711216e-02
-5.078125e-01, 7.920656e-02, 8.146568e-02
-4.921875e-01, 8.832981e-02, 8.602661e-02
-4.765625e-01, 8.832981e-02, 9.080243e-02
-4.609375e-01, 9.832813e-02, 9.580070e-02
-4.453125e-01, 9.832813e-02, 1.010292e-01
-4.296875e-01, 1.092632e-01, 1.064956e-01
-4.140625e-01, 1.092632e-01, 1.122079e-01
-3.984375e-01, 1.211983e-01, 1.181742e-01
-3.828125e-01, 1.211983e-01, 1.244025e-01
-3.671875e-01, 1.341984e-01, 1.309010e-01
-3.515625e-01, 1.341984e-01, 1.376780e-01
-3.359375e-01, 1.483294e-01, 1.447418e-01
-3.203125e-01, 1.483294e-01, 1.521006e-01
-3.046875e-01, 1.636581e-01, 1.597630e-01
-2.890625e-01, 1.636581e-01, 1.677373e-01
-2.734375e-01, 1.802517e-01, 1.760320e-01
-2.578125e-01, 1.802517e-01, 1.846553e-01
-2.421875e-01, 1.981775e-01, 1.936158e-01
-2.265625e-01, 1.981775e-01, 2.029217e-01
-2.109375e-01, 2.175020e-01, 2.125813e-01
-1.953125e-01, 2.175020e-01, 2.226029e-01
-1.796875e-01, 2.382910e-01, 2.329946e-01
-1.640625e-01, 2.382910e-01, 2.437643e-01
-1.484375e-01, 2.606085e-01, 2.549201e-01
-1.328125e-01, 2.606085e-01, 2.664696e-01
-1.171875e-01, 2.845166e-01, 2.784204e-01
-1.015625e-01, 2.845166e-01, 2.907799e-01
-8.593750e-02, 3.100743e-01, 3.035554e-01
-7.031250e-02, 3.100743e-01, 3.167538e-01
-5.468750e-02, 3.373374e-01, 3.303818e-01
-3.906250e-02, 3.373374e-01, 3.444459e-01
-2.343750e-02, 3.663573e-01, 3.589523e-01
-7.812500e-03, 3.663573e-01, 3.739067e-01
7.812500e-03, 3.971808e-01, 3.893147e-01
2.343750e-02, 3.971808e-01, 4.051816e-01
3.906250e-02, 4.298490e-01, 4.215119e-01
5.468750e-02, 4.298490e-01, 4.383102e-01
7.031250e-02, 4.643968e-01, 4.555803e-01
8.593750e-02, 4.643968e-01, 4.733257e-01
1.015625e-01, 5.008519e-01, 4.915495e-01
1.171875e-01, 5.008519e-01, 5.102542e-01
1.328125e-01, 5.392344e-01, 5.294417e-01
1.484375e-01, 5.392344e-01, 5.491136e-01
1.640625e-01, 5.795557e-01, 5.692706e-01
1.796875e-01, 5.795557e-01, 5.899132e-01
1.953125e-01, 6.218181e-01, 6.110410e-01
2.109375e-01, 6.218181e-01, 6.326531e-01
2.265625e-01, 6.660142e-01, 6.547479e-01
2.421875e-01, 6.660142e-01, 6.773232e-01
2.578125e-01, 7.121259e-01, 7.003760e-01
2.734375e-01, 7.121259e-01, 7.239027e-01
2.890625e-01, 7.601239e-01, 7.478990e-01
3.046875e-01, 7.601239e-01, 7.723598e-01
3.203125e-01, 8.099677e-01, 7.972793e-01
3.359375e-01, 8.099677e-01, 8.226508e-01
3.515625e-01, 8.616041e-01, 8.484671e-01
3.671875e-01, 8.616041e-01, 8.747198e-01
3.828125e-01, 9.149681e-01, 9.014002e-01
3.984375e-01, 9.149681e-01, 9.284983e-01
4.140625e-01, 9.699812e-01, 9.560038e-01
4.296875e-01, 9.699812e-01, 9.839051e-01
4.453125e-01, 1.026553e+00, 1.012190e+00
4.609375e-01, 1.026553e+00, 1.040846e+00
4.765625e-01, 1.084578e+00, 1.069858e+00
4.921875e-01, 1.084578e+00, 1.099212e+00
5.078125e-01, 1.143939e+00, 1.128894e+00
5.234375e-01, 1.143939e+00, 1.158885e+00
5.390625e-01, 1.204506e+00, 1.189169e+00
5.546875e-01, 1.204506e+00, 1.219729e+00
5.703125e-01, 1.266135e+00, 1.250545e+00
5.859375e-01, 1.266135e+00, 1.281598e+00
6.015625e-01, 1.328671e+00, 1.312868e+00
6.171875e-01, 1.328671e+00, 1.344334e+00
6.328125e-01, 1.391944e+00, 1.375973e+00
6.484375e-01, 1.391944e+00, 1.407764e+00
6.640625e-01, 1.455776e+00, 1.439683e+00
6.796875e-01, 1.455776e+00, 1.471707e+00
6.953125e-01, 1.519975e+00, 1.503810e+00
7.109375e-01, 1.519975e+00, 1.535968e+00
7.265625e-01, 1.584341e+00, 1.568156e+00
7.421875e-01, 1.584341e+00, 1.600346e+00
7.578125e-01, 1.648665e+00, 1.632513e+00
7.734375e-01, 1.648665e+00, 1.664628e+00
7.890625e-01, 1.712727e+00, 1.696665e+00
8.046875e-01, 1.712727e+00, 1.728594e+00
8.203125e-01, 1.776303e+00, 1.760388e+00
8.359375e-01, 1.776303e+00, 1.792018e+00
8.515625e-01, 1.839162e+00, 1.823454e+00
8.671875e-01, 1.839162e+00, 1.854667e+00
8.828125e-01, 1.901069e+00, 1.885627e+00
8.984375e-01, 1.901069e+00, 1.916304e+00
9.140625e-01, 1.961786e+00, 1.946669e+00
9.296875e-01, 1.961786e+00, 1.976692e+00
9.453125e-01, 2.021072e+00, 2.006342e+00
9.609375e-01, 2.021072e+00, 2.035590e+00
9.765625e-01, 2.078687e+00, 2.064405e+00
9.921875e-01, 2.078687e+00, 2.092758e+00
1.007813e+00, 2.134394e+00, 2.120619e+00
1.023438e+00, 2.134394e+00, 2.147959e+00
1.039063e+00, 2.187957e+00, 2.174748e+00
1.054688e+00, 2.187957e+00, 2.200957e+00
1.070313e+00, 2.239146e+00, 2.226559e+00
1.085938e+00, 2.239146e+00, 2.251525e+00
1.101563e+00, 2.287736e+00, 2.275827e+00
1.117188e+00, 2.287736e+00, 2.299439e+00
1.132813e+00, 2.333512e+00, 2.322334e+00
1.148438e+00, 2.333512e+00, 2.344487e+00
1.164063e+00, 2.376267e+00, 2.365871e+00
1.179688e+00, 2.376267e+00, 2.386463e+00
1.195313e+00, 2.415806e+00, 2.406239e+00
1.210938e+00, 2.415806e+00, 2.425176e+00
1.226563e+00, 2.451946e+00, 2.443251e+00
1.242188e+00, 2.451946e+00, 2.460445e+00
1.257813e+00, 2.484518e+00, 2.476737e+00
1.273438e+00, 2.484518e+00, 2.492107e+00
1.289063e+00, 2.513368e+00, 2.506537e+00
1.304688e+00, 2.513368e+00, 2.520010e+00
1.320313e+00, 2.538360e+00, 2.532511e+00
1.335938e+00, 2.538360e+00, 2.544023e+00
1.351563e+00, 2.559374e+00, 2.554534e+00
1.367188e+00, 2.559374e+00, 2.564030e+00
1.382813e+00, 2.576309e+00, 2.572501e+00
1.398438e+00, 2.576309e+00, 2.579935e+00
1.414063e+00, 2.589082e+00, 2.586324e+00
1.429688e+00, 2.589082e+00, 2.591660e+00
1.445313e+00, 2.597633e+00, 2.595937e+00
1.460938e+00, 2.597633e+00, 2.599149e+00
1.476563e+00, 2.601918e+00, 2.601293e+00
1.492188e+00, 2.601918e+00, 2.602365e+00
1.507813e+00, 2.601918e+00, 2.602365e+00
1.523438e+00, 2.601918e+00, 2.601293e+00
1.539063e+00, 2.597633e+00, 2.599149e+00
1.554688e+00, 2.597633e+00, 2.595937e+00
1.570313e+00, 2.589082e+00, 2.591660e+00
1.585938e+00, 2.589082e+00, 2.586324e+00
1.601563e+00, 2.576309e+00, 2.579935e+00
1.617188e+00, 2.576309e+00, 2.572501e+00
1.632813e+00, 2.559374e+00, 2.564030e+00
1.648438e+00, 2.559374e+00, 2.554534e+00
1.664063e+00, 2.538360e+00, 2.544023e+00
1.679688e+00, 2.538360e+00, 2.532511e+00
1.695313e+00, 2.513368e+00, 2.520010e+00
1.710938e+00, 2.513368e+00, 2.506537e+00
1.726563e+00, 2.484518e+00, 2.492107e+00
1.742188e+00, 2.484518e+00, 2.476737e+00
1.757813e+00, 2.451946e+00, 2.460445e+00
1.773438e+00, 2.451946e+00, 2.443251e+00
1.789063e+00, 2.415806e+00, 2.425176e+00
1.804688e+00, 2.415806e+00, 2.406239e+00
1.820313e+00, 2.376267e+00, 2.386463e+00
1.835938e+00, 2.376267e+00, 2.365871e+00
1.851563e+00, 2.333512e+00, 2.344487e+00
1.867188e+00, 2.333512e+00, 2.322334e+00
1.882813e+00, 2.287736e+00, 2.299439e+00
1.898438e+00, 2.287736e+00, 2.275827e+00
1.914063e+00, 2.239146e+00, 2.251525e+00
1.929688e+00, 2.239146e+00, 2.226559e+00
1.945313e+00, 2.187957e+00, 2.200957e+00
1.960938e+00, 2.187957e+00, 2.174748e+00
1.976563e+00, 2.134394e+00, 2.147959e+00
1.992188e+00, 2.134394e+00, 2.120619e+00
2.007813e+00, 2.078687e+00, 2.092758e+00
2.023438e+00, 2.078687e+00, 2.064405e+00
2.039063e+00, 2.021072e+00, 2.035590e+00
2.054688e+00, 2.021072e+00, 2.006342e+00
2.070313e+00, 1.961786e+00, 1.976692e+00
2.085938e+00, 1.961786e+00, 1.946669e+00
2.101563e+00, 1.901069e+00, 1.916304e+00
2.117188e+00, 1.901069e+00, 1.885627e+00
2.132813e+00, 1.839162e+00, 1.854667e+00
2.148438e+00, 1.839162e+00, 1.823454e+00
2.164063e+00, 1.776303e+00, 1.792018e+00
2.179688e+00, 1.776303e+00, 1.760388e+00
2.195313e+00, 1.712727e+00, 1.728594e+00
2.210938e+00, 1.712727e+00, 1.696665e+00
2.226563e+00, 1.648665e+00, 1.664628e+00
2.242188e+00, 1.648665e+00, 1.632513e+00
2.257813e+00, 1.584341e+00, 1.600346e+00
2.273438e+00, 1.584341e+00, 1.568156e+00
2.289063e+00, 1.519975e+00, 1.535968e+00
2.304688e+00, 1.519975e+00, 1.503810e+00
2.320313e+00, 1.455776e+00, 1.471707e+00
2.335938e+00, 1.455776e+00, 1.439683e+00
2.351563e+00, 1.391944e+00, 1.407764e+00
2.367188e+00, 1.391944e+00, 1.375973e+00
2.382813e+00, 1.328671e+00, 1.344334e+00
2.398438e+00, 1.328671e+00, 1.312868e+00
2.414063e+00, 1.266135e+00, 1.281598e+00
2.429688e+00, 1.266135e+00, 1.250545e+00
2.445313e+00, 1.204506e+00, 1.219729e+00
2.460938e+00, 1.204506e+00, 1.189169e+00
2.476563e+00, 1.143939e+00, 1.158885e+00
2.492188e+00, 1.143939e+00, 1.128894e+00
2.507813e+00, 1.084578e+00, 1.099212e+00
2.523438e+00, 1.084578e+00, 1.069858e+00
2.539063e+00, 1.026553e+00, 1.040846e+00
2.554688e+00, 1.026553e+00, 1.012190e+00
2.570313e+00, 9.699812e-01, 9.839051e-01
2.585938e+00, 9.699812e-01, 9.560038e-01
2.601563e+00, 9.149681e-01, 9.284983e-01
2.617188e+00, 9.149681e-01, 9.014002e-01
2.632813e+00, 8.616041e-01, 8.747198e-01
2.648438e+00, 8.616041e-01, 8.484671e-01
2.664063e+00, 8.099677e-01, 8.226508e-01
2.679688e+00, 8.099677e-01, 7.972793e-01
2.695313e+00, 7.601239e-01, 7.723598e-01
2.710938e+00, 7.601239e-01, 7.478990e-01
2.726563e+00, 7.121259e-01, 7.239027e-01
2.742188e+00, 7.121259e-01, 7.003760e-01
2.757813e+00, 6.660142e-01, 6.773232e-01
2.773438e+00, 6.660142e-01, 6.547479e-01
2.789063e+00, 6.218181e-01, 6.326531e-01
2.804688e+00, 6.218181e-01, 6.110410e-01
2.820313e+00, 5.795557e-01, 5.899132e-01
2.835938e+00, 5.795557e-01, 5.692706e-01
2.851563e+00, 5.392344e-01, 5.491136e-01
2.867188e+00, 5.392344e-01, 5.294417e-01
2.882813e+00, 5.008519e-01, 5.102542e-01
2.898438e+00, 5.008519e-01, 4.915495e-01
2.914063e+00, 4.643968e-01, 4.733257e-01
2.929688e+00, 4.643968e-01, 4.555803e-01
2.945313e+00, 4.298490e-01, 4.383102e-01
2.960938e+00, 4.298490e-01, 4.215119e-01
2.976563e+00, 3.971808e-01, 4.051816e-01
2.992188e+00, 3.971808e-01, 3.893147e-01
3.007813e+00, 3.663573e-01, 3.739067e-01
3.023438e+00, 3.663573e-01, 3.589523e-01
3.039063e+00, 3.373374e-01, 3.444459e-01
3.054688e+00, 3.373374e-01, 3.303818e-01
3.070313e+00, 3.100743e-01, 3.167538e-01
3.085938e+00, 3.100743e-01, 3.035554e-01
3.101563e+00, 2.845166e-01, 2.907799e-01
3.117188e+00, 2.845166e-01, 2.784204e-01
3.132813e+00, 2.606085e-01, 2.664696e-01
3.148438e+00, 2.606085e-01, 2.549201e-01
3.164063e+00, 2.382910e-01, 2.437643e-01
3.179688e+00, 2.382910e-01, 2.329946e-01
3.195313e+00, 2.175020e-01, 2.226029e-01
3.210938e+00, 2.175020e-01, 2.125813e-01
3.226563e+00, 1.981775e-01, 2.029217e-01
3.242188e+00, 1.981775e-01, 1.936158e-01
3.257813e+00, 1.802517e-01, 1.846553e-01
3.273438e+00, 1.802517e-01, 1.760320e-01
3.289063e+00, 1.636581e-01, 1.677373e-01
3.304688e+00, 1.636581e-01, 1.597630e-01
3.320313e+00, 1.483294e-01, 1.521006e-01
3.335938e+00, 1.483294e-01, 1.447418e-01
3.351563e+00, 1.341984e-01, 1.376780e-01
3.367188e+00, 1.341984e-01, 1.309010e-01
3.382813e+00, 1.211983e-01, 1.244025e-01
3.398438e+00, 1.211983e-01, 1.181742e-01
3.414063e+00, 1.092632e-01, 1.122079e-01
3.429688e+00, 1.092632e-01, 1.064956e-01
3.445313e+00, 9.832813e-02, 1.010292e-01
3.460938e+00, 9.832813e-02, 9.580070e-02
3.476563e+00, 8.832981e-02, 9.080243e-02
3.492188e+00, 8.832981e-02, 8.602661e-02
3.507813e+00, 7.920656e-02, 8.146568e-02
3.523438e+00, 7.920656e-02, 7.711216e-02
3.539063e+00, 7.089868e-02, 7.295872e-02
3.554688e+00, 7.089868e-02, 6.899819e-02
3.570313e+00, 6.334861e-02, 6.522349e-02
3.585938e+00, 6.334861e-02, 6.162773e-02
3.601563e+00, 5.650109e-02, 5.820416e-02
3.617188e+00, 5.650109e-02, 5.494616e-02
3.632813e+00, 5.030326e-02, 5.184729e-02
3.648438e+00, 5.030326e-02, 4.890125e-02
3.664063e+00, 4.470478e-02, 4.610192e-02
3.679688e+00, 4.470478e-02, 4.344333e-02
3.695313e+00, 3.965785e-02, 4.091966e-02
3.710938e+00, 3.965785e-02, 3.852527e-02
3.726563e+00, 3.511725e-02, 3.625466e-02
3.742188e+00, 3.511725e-02, 3.410253e-02
3.757813e+00, 3.104038e-02, 3.206370e-02
3.773438e+00, 3.104038e-02, 3.013317e-02
3.789063e+00, 2.738719e-02, 2.830611e-02
3.804688e+00, 2.738719e-02, 2.657783e-02
3.820313e+00, 2.412020e-02, 2.494380e-02
3.835938e+00, 2.412020e-02, 2.339965e-02
3.851563e+00, 2.120440e-02, 2.194117e-02
3.867188e+00, 2.120440e-02, 2.056429e-02
3.882813e+00, 1.860724e-02, 1.926509e-02
3.898438e+00, 1.860724e-02, 1.803979e-02
3.914063e+00, 1.629849e-02, 1.688476e-02
3.929688e+00, 1.629850e-02, 1.579652e-02
3.945313e+00, 1.425022e-02, 1.477172e-02
3.960938e+00, 1.425023e-02, 1.380712e-02
3.976563e+00, 1.243665e-02, 1.289965e-02
3.992188e+00, 1.243665e-02, 1.204634e-02
4.007813e+00, 1.083407e-02, 1.124437e-02
4.023438e+00, 1.083408e-02, 1.049100e-02
4.039063e+00, 9.420754e-03, 9.783656e-03
4.054688e+00, 9.420761e-03, 9.119845e-03
4.070313e+00, 8.176814e-03, 8.497197e-03
4.085938e+00, 8.176823e-03, 7.913448e-03
4.101563e+00, 7.084123e-03, 7.366438e-03
4.117188e+00, 7.084135e-03, 6.854108e-03
4.132813e+00, 6.126192e-03, 6.374497e-03
4.148438e+00, 6.126207e-03, 5.925735e-03
4.164063e+00, 5.288065e-03, 5.506047e-03
4.179688e+00, 5.288084e-03, 5.113742e-03
4.195313e+00, 4.556208e-03, 4.747213e-03
4.210938e+00, 4.556232e-03, 4.404937e-03
4.226563e+00, 3.918410e-03, 4.085466e-03
4.242188e+00, 3.918441e-03, 3.787426e-03
4.257813e+00, 3.363682e-03, 3.509518e-03
4.273438e+00, 3.363721e-03, 3.250509e-03
4.289063e+00, 2.882157e-03, 3.009233e-03
4.304688e+00, 2.882206e-03, 2.784586e-03
4.320313e+00, 2.465001e-03, 2.575525e-03
4.335938e+00, 2.465063e-03, 2.381064e-03
4.351563e+00, 2.104322e-03, 2.200272e-03
4.367188e+00, 2.104399e-03, 2.032272e-03
4.382813e+00, 1.793089e-03, 1.876234e-03
4.398438e+00, 1.793186e-03, 1.731379e-03
4.414063e+00, 1.525052e-03, 1.596971e-03
4.429688e+00, 1.525174e-03, 1.472317e-03
4.445313e+00, 1.294672e-03, 1.356767e-03
4.460938e+00, 1.294824e-03, 1.249709e-03
4.476563e+00, 1.097047e-03, 1.150566e-03
4.492188e+00, 1.097236e-03, 1.058800e-03
4.507813e+00, 9.278530e-04, 9.739014e-04
4.523438e+00, 9.280888e-04, 8.953964e-04
4.539063e+00, 7.832842e-04, 8.228387e-04
4.554688e+00, 7.835771e-04, 7.558106e-04
4.570313e+00, 6.599979e-04, 6.939211e-04
4.585938e+00, 6.603611e-04, 6.368042e-04
4.601563e+00, 5.550658e-04, 5.841178e-04
4.617188e+00, 5.555152e-04, 5.355421e-04
4.632813e+00, 4.659284e-04, 4.907781e-04
4.648438e+00, 4.664834e-04, 4.495471e-04
4.664063e+00, 3.903536e-04, 4.115889e-04
4.679688e+00, 3.910376e-04, 3.766606e-04
4.695313e+00, 3.263994e-04, 3.445364e-04
4.710938e+00, 3.272408e-04, 3.150054e-04
4.726563e+00, 2.723797e-04, 2.878717e-04
4.742188e+00, 2.734128e-04, 2.629528e-04
4.757813e+00, 2.268342e-04, 2.400792e-04
4.773438e+00, 2.281000e-04, 2.190933e-04
4.789063e+00, 1.885004e-04, 1.998487e-04
4.804688e+00, 1.900483e-04, 1.822096e-04
4.820313e+00, 1.562893e-04, 1.660500e-04
4.835938e+00, 1.581785e-04, 1.512529e-04
4.851563e+00, 1.292632e-04, 1.377102e-04
4.867188e+00, 1.315645e-04, 1.253216e-04
4.882813e+00, 1.066165e-04, 1.139943e-04
4.898438e+00, 1.094141e-04, 1.036424e-04
4.914063e+00, 8.765768e-05, 9.418651e-05
4.929688e+00, 9.105209e-05, 8.555339e-05
4.945313e+00, 7.179432e-05, 7.767525e-05
4.960938e+00, 7.590474e-05, 7.048961e-05
4.976563e+00, 5.851929e-05, 6.393879e-05
4.992188e+00, 6.348698e-05, 5.796962e-05
5.000000e+00, 5.518770e-05, 5.518770e-05


#At time: 5.000000e+01, nsteps= 4096


-2.000000e+00, 6.591134e-03, 6.591134e-03
-1.992188e+00, 7.102086e-03, 6.760986e-03
-1.976563e+00, 6.781258e-03, 7.112695e-03
-1.960938e+00, 7.822617e-03, 7.480964e-03
-1.945313e+00, 7.530506e-03, 7.866476e-03
-1.929688e+00, 8.614747e-03, 8.269935e-03
-1.914063e+00, 8.349051e-03, 8.692072e-03
-1.898438e+00, 9.484232e-03, 9.133638e-03
-1.882813e+00, 9.242805e-03, 9.595411e-03
-1.867188e+00, 1.043722e-02, 1.007819e-02
-1.851563e+00, 1.021806e-02, 1.058282e-02
-1.835938e+00, 1.148026e-02, 1.111013e-02
-1.820313e+00, 1.128152e-02, 1.166102e-02
-1.804688e+00, 1.262034e-02, 1.223639e-02
-1.789063e+00, 1.244029e-02, 1.283717e-02
-1.773438e+00, 1.386487e-02, 1.346434e-02
-1.757813e+00, 1.370193e-02, 1.411888e-02
-1.742188e+00, 1.522175e-02, 1.480181e-02
-1.726563e+00, 1.507443e-02, 1.551419e-02
-1.710938e+00, 1.669931e-02, 1.625709e-02
-1.695313e+00, 1.656625e-02, 1.703162e-02
-1.679688e+00, 1.830639e-02, 1.783893e-02
-1.664063e+00, 1.818633e-02, 1.868019e-02
-1.648438e+00, 2.005232e-02, 1.955660e-02
-1.632813e+00, 1.994410e-02, 2.046940e-02
-1.617188e+00, 2.194695e-02, 2.141985e-02
-1.601563e+00, 2.184949e-02, 2.240926e-02
-1.585938e+00, 2.400062e-02, 2.343896e-02
-1.570313e+00, 2.391296e-02, 2.451031e-02
-1.554688e+00, 2.622424e-02, 2.562472e-02
-1.539063e+00, 2.614546e-02, 2.678361e-02
-1.523438e+00, 2.862923e-02, 2.798846e-02
-1.507813e+00, 2.855850e-02, 2.924076e-02
-1.492188e+00, 3.122756e-02, 3.054204e-02
-1.476563e+00, 3.116411e-02, 3.189388e-02
-1.460938e+00, 3.403173e-02, 3.329788e-02
-1.445313e+00, 3.397489e-02, 3.475567e-02
-1.429688e+00, 3.705482e-02, 3.626892e-02
-1.414063e+00, 3.700394e-02, 3.783934e-02
-1.398438e+00, 4.031043e-02, 3.946867e-02
-1.382813e+00, 4.026492e-02, 4.115867e-02
-1.367188e+00, 4.381270e-02, 4.291115e-02
-1.351563e+00, 4.377205e-02, 4.472795e-02
-1.335938e+00, 4.757632e-02, 4.661094e-02
-1.320313e+00, 4.754004e-02, 4.856203e-02
-1.304688e+00, 5.161651e-02, 5.058314e-02
-1.289063e+00, 5.158416e-02, 5.267626e-02
-1.273438e+00, 5.594898e-02, 5.484337e-02
-1.257813e+00, 5.592017e-02, 5.708651e-02
-1.242188e+00, 6.058996e-02, 5.940774e-02
-1.226563e+00, 6.056433e-02, 6.180915e-02
-1.210938e+00, 6.555615e-02, 6.429285e-02
-1.195313e+00, 6.553336e-02, 6.686098e-02
-1.179688e+00, 7.086470e-02, 6.951574e-02
-1.164063e+00, 7.084446e-02, 7.225930e-02
-1.148438e+00, 7.653317e-02, 7.509390e-02
-1.132813e+00, 7.651522e-02, 7.802178e-02
-1.117188e+00, 8.257955e-02, 8.104521e-02
-1.101563e+00, 8.256364e-02, 8.416649e-02
-1.085938e+00, 8.902215e-02, 8.738793e-02
-1.070313e+00, 8.900807e-02, 9.071185e-02
-1.054688e+00, 9.587962e-02, 9.414062e-02
-1.039063e+00, 9.586716e-02, 9.767659e-02
-1.023438e+00, 1.031709e-01, 1.013221e-01
-1.007813e+00, 1.031599e-01, 1.050797e-01
-9.921875e-01, 1.109150e-01, 1.089516e-01
-9.765625e-01, 1.109053e-01, 1.129403e-01
-9.609375e-01, 1.191314e-01, 1.170482e-01
-9.453125e-01, 1.191228e-01, 1.212777e-01
-9.296875e-01, 1.278393e-01, 1.256313e-01
-9.140625e-01, 1.278317e-01, 1.301115e-01
-8.984375e-01, 1.370582e-01, 1.347205e-01
-8.828125e-01, 1.370516e-01, 1.394609e-01
-8.671875e-01, 1.468076e-01, 1.443351e-01
-8.515625e-01, 1.468018e-01, 1.493454e-01
-8.359375e-01, 1.571067e-01, 1.544944e-01
-8.203125e-01, 1.571016e-01, 1.597843e-01
-8.046875e-01, 1.679746e-01, 1.652176e-01
-7.890625e-01, 1.679701e-01, 1.707967e-01
-7.734375e-01, 1.794302e-01, 1.765237e-01
-7.578125e-01, 1.794263e-01, 1.824012e-01
-7.421875e-01, 1.914920e-01, 1.884312e-01
-7.265625e-01, 1.914885e-01, 1.946162e-01
-7.109375e-01, 2.041779e-01, 2.009583e-01
-6.953125e-01, 2.041749e-01, 2.074597e-01
-6.796875e-01, 2.175055e-01, 2.141226e-01
-6.640625e-01, 2.175028e-01, 2.209490e-01
-6.484375e-01, 2.314916e-01, 2.279411e-01
-6.328125e-01, 2.314892e-01, 2.351008e-01
-6.171875e-01, 2.461522e-01, 2.424301e-01
-6.015625e-01, 2.461502e-01, 2.499309e-01
-5.859375e-01, 2.615026e-01, 2.576051e-01
-5.703125e-01, 2.615008e-01, 2.654544e-01
-5.546875e-01, 2.775570e-01, 2.734805e-01
-5.390625e-01, 2.775555e-01, 2.816851e-01
-5.234375e-01, 2.943286e-01, 2.900698e-01
-5.078125e-01, 2.943273e-01, 2.986360e-01
-4.921875e-01, 3.118293e-01, 3.073852e-01
-4.765625e-01, 3.118282e-01, 3.163188e-01
-4.609375e-01, 3.300698e-01, 3.254379e-01
-4.453125e-01, 3.300688e-01, 3.347437e-01
-4.296875e-01, 3.490593e-01, 3.442372e-01
-4.140625e-01, 3.490584e-01, 3.539195e-01
-3.984375e-01, 3.688053e-01, 3.637914e-01
-3.828125e-01, 3.688046e-01, 3.738536e-01
-3.671875e-01, 3.893140e-01, 3.841067e-01
-3.515625e-01, 3.893133e-01, 3.945514e-01
-3.359375e-01, 4.105895e-01, 4.051880e-01
-3.203125e-01, 4.105889e-01, 4.160168e-01
-3.046875e-01, 4.326341e-01, 4.270380e-01
-2.890625e-01, 4.326336e-01, 4.382516e-01
-2.734375e-01, 4.554481e-01, 4.496575e-01
-2.578125e-01, 4.554477e-01, 4.612556e-01
-2.421875e-01, 4.790298e-01, 4.730453e-01
-2.265625e-01, 4.790294e-01, 4.850264e-01
-2.109375e-01, 5.033751e-01, 4.971980e-01
-1.953125e-01, 5.033748e-01, 5.095594e-01
-1.796875e-01, 5.284776e-01, 5.221097e-01
-1.640625e-01, 5.284773e-01, 5.348478e-01
-1.484375e-01, 5.543287e-01, 5.477725e-01
-1.328125e-01, 5.543284e-01, 5.608822e-01
-1.171875e-01, 5.809170e-01, 5.741756e-01
-1.015625e-01, 5.809168e-01, 5.876508e-01
-8.593750e-02, 6.082288e-01, 6.013059e-01
-7.031250e-02, 6.082286e-01, 6.151389e-01
-5.468750e-02, 6.362475e-01, 6.291477e-01
-3.906250e-02, 6.362474e-01, 6.433297e-01
-2.343750e-02, 6.649542e-01, 6.576824e-01
-7.812500e-03, 6.649540e-01, 6.722032e-01
7.812500e-03, 6.943267e-01, 6.868889e-01
2.343750e-02, 6.943266e-01, 7.017367e-01
3.906250e-02, 7.243403e-01, 7.167432e-01
5.468750e-02, 7.243402e-01, 7.319050e-01
7.031250e-02, 7.549676e-01, 7.472183e-01
8.593750e-02, 7.549675e-01, 7.626796e-01
1.015625e-01, 7.861781e-01, 7.782847e-01
1.171875e-01, 7.861780e-01, 7.940295e-01
1.328125e-01, 8.179384e-01, 8.099097e-01
1.484375e-01, 8.179383e-01, 8.259207e-01
1.640625e-01, 8.502125e-01, 8.420579e-01
1.796875e-01, 8.502125e-01, 8.583164e-01
1.953125e-01, 8.829614e-01, 8.746911e-01
2.109375e-01, 8.829613e-01, 8.911768e-01
2.265625e-01, 9.161433e-01, 9.077682e-01
2.421875e-01, 9.161432e-01, 9.244596e-01
2.578125e-01, 9.497136e-01, 9.412453e-01
2.734375e-01, 9.497135e-01, 9.581194e-01
2.890625e-01, 9.836250e-01, 9.750758e-01
3.046875e-01, 9.836250e-01, 9.921083e-01
3.203125e-01, 1.017828e+00, 1.009211e+00
3.359375e-01, 1.017828e+00, 1.026376e+00
3.515625e-01, 1.052270e+00, 1.043598e+00
3.671875e-01, 1.052269e+00, 1.060869e+00
3.828125e-01, 1.086895e+00, 1.078183e+00
3.984375e-01, 1.086895e+00, 1.095533e+00
4.140625e-01, 1.121648e+00, 1.112910e+00
4.296875e-01, 1.121648e+00, 1.130308e+00
4.453125e-01, 1.156468e+00, 1.147720e+00
4.609375e-01, 1.156468e+00, 1.165137e+00
4.765625e-01, 1.191294e+00, 1.182551e+00
4.921875e-01, 1.191294e+00, 1.199956e+00
5.078125e-01, 1.226063e+00, 1.217342e+00
5.234375e-01, 1.226063e+00, 1.234702e+00
5.390625e-01, 1.260710e+00, 1.252027e+00
5.546875e-01, 1.260710e+00, 1.269310e+00
5.703125e-01, 1.295169e+00, 1.286541e+00
5.859375e-01, 1.295169e+00, 1.303712e+00
6.015625e-01, 1.329371e+00, 1.320815e+00
6.171875e-01, 1.329371e+00, 1.337841e+00
6.328125e-01, 1.363247e+00, 1.354782e+00
6.484375e-01, 1.363247e+00, 1.371628e+00
6.640625e-01, 1.396729e+00, 1.388371e+00
6.796875e-01, 1.396729e+00, 1.405002e+00
6.953125e-01, 1.429745e+00, 1.421512e+00
7.109375e-01, 1.429745e+00, 1.437893e+00
7.265625e-01, 1.462225e+00, 1.454135e+00
7.421875e-01, 1.462225e+00, 1.470230e+00
7.578125e-01, 1.494098e+00, 1.486169e+00
7.734375e-01, 1.494098e+00, 1.501942e+00
7.890625e-01, 1.525292e+00, 1.517542e+00
8.046875e-01, 1.525292e+00, 1.532958e+00
8.203125e-01, 1.555737e+00, 1.548183e+00
8.359375e-01, 1.555737e+00, 1.563208e+00
8.515625e-01, 1.585363e+00, 1.578024e+00
8.671875e-01, 1.585363e+00, 1.592622e+00
8.828125e-01, 1.614102e+00, 1.606993e+00
8.984375e-01, 1.614102e+00, 1.621130e+00
9.140625e-01, 1.641884e+00, 1.635024e+00
9.296875e-01, 1.641884e+00, 1.648666e+00
9.453125e-01, 1.668643e+00, 1.662048e+00
9.609375e-01, 1.668643e+00, 1.675162e+00
9.765625e-01, 1.694315e+00, 1.688001e+00
9.921875e-01, 1.694315e+00, 1.700555e+00
1.007813e+00, 1.718837e+00, 1.712818e+00
1.023438e+00, 1.718837e+00, 1.724782e+00
1.039063e+00, 1.742147e+00, 1.736440e+00
1.054688e+00, 1.742147e+00, 1.747783e+00
1.070313e+00, 1.764187e+00, 1.758805e+00
1.085938e+00, 1.764187e+00, 1.769500e+00
1.101563e+00, 1.784902e+00, 1.779859e+00
1.117188e+00, 1.784902e+00, 1.789877e+00
1.132813e+00, 1.804239e+00, 1.799548e+00
1.148438e+00, 1.804239e+00, 1.808864e+00
1.164063e+00, 1.822147e+00, 1.817820e+00
1.179688e+00, 1.822147e+00, 1.826410e+00
1.195313e+00, 1.838581e+00, 1.834629e+00
1.210938e+00, 1.838581e+00, 1.842471e+00
1.226563e+00, 1.853498e+00, 1.849931e+00
1.242188e+00, 1.853498e+00, 1.857005e+00
1.257813e+00, 1.866859e+00, 1.863687e+00
1.273438e+00, 1.866859e+00, 1.869973e+00
1.289063e+00, 1.878629e+00, 1.875859e+00
1.304688e+00, 1.878629e+00, 1.881341e+00
1.320313e+00, 1.888776e+00, 1.886415e+00
1.335938e+00, 1.888776e+00, 1.891079e+00
1.351563e+00, 1.897273e+00, 1.895329e+00
1.367188e+00, 1.897273e+00, 1.899162e+00
1.382813e+00, 1.904099e+00, 1.902575e+00
1.398438e+00, 1.904099e+00, 1.905567e+00
1.414063e+00, 1.909234e+00, 1.908135e+00
1.429688e+00, 1.909234e+00, 1.910278e+00
1.445313e+00, 1.912665e+00, 1.911994e+00
1.460938e+00, 1.912665e+00, 1.913282e+00
1.476563e+00, 1.914383e+00, 1.914141e+00
1.492188e+00, 1.914383e+00, 1.914571e+00
1.507813e+00, 1.914383e+00, 1.914571e+00
1.523438e+00, 1.914383e+00, 1.914141e+00
1.539063e+00, 1.912665e+00, 1.913282e+00
1.554688e+00, 1.912665e+00, 1.911994e+00
1.570313e+00, 1.909234e+00, 1.910278e+00
1.585938e+00, 1.909234e+00, 1.908135e+00
1.601563e+00, 1.904099e+00, 1.905567e+00
1.617188e+00, 1.904099e+00, 1.902575e+00
1.632813e+00, 1.897273e+00, 1.899162e+00
1.648438e+00, 1.897273e+00, 1.895329e+00
1.664063e+00, 1.888776e+00, 1.891079e+00
1.679688e+00, 1.888776e+00, 1.886415e+00
1.695313e+00, 1.878629e+00, 1.881341e+00
1.710938e+00, 1.878629e+00, 1.875859e+00
1.726563e+00, 1.866859e+00, 1.869973e+00
1.742188e+00, 1.866859e+00, 1.863687e+00
1.757813e+00, 1.853498e+00, 1.857005e+00
1.773438e+00, 1.853498e+00, 1.849931e+00
1.789063e+00, 1.838581e+00, 1.842471e+00
1.804688e+00, 1.838581e+00, 1.834629e+00
1.820313e+00, 1.822147e+00, 1.826410e+00
1.835938e+00, 1.822147e+00, 1.817820e+00
1.851563e+00, 1.804239e+00, 1.808864e+00
1.867188e+00, 1.804239e+00, 1.799548e+00
1.882813e+00, 1.784902e+00, 1.789877e+00
1.898438e+00, 1.784902e+00, 1.779859e+00
1.914063e+00, 1.764187e+00, 1.769500e+00
1.929688e+00, 1.764187e+00, 1.758805e+00
1.945313e+00, 1.742147e+00, 1.747783e+00
1.960938e+00, 1.742147e+00, 1.736440e+00
1.976563e+00, 1.718837e+00, 1.724782e+00
1.992188e+00, 1.718837e+00, 1.712818e+00
2.007813e+00, 1.694315e+00, 1.700555e+00
2.023438e+00, 1.694315e+00, 1.688001e+00
2.039063e+00, 1.668643e+00, 1.675162e+00
2.054688e+00, 1.668643e+00, 1.662048e+00
2.070313e+00, 1.641884e+00, 1.648666e+00
2.085938e+00, 1.641884e+00, 1.635024e+00
2.101563e+00, 1.614102e+00, 1.621130e+00
2.117188e+00, 1.614102e+00, 1.606993e+00
2.132813e+00, 1.585363e+00, 1.592622e+00
2.148438e+00, 1.585363e+00, 1.578024e+00
2.164063e+00, 1.555737e+00, 1.563208e+00
2.179688e+00, 1.555737e+00, 1.548183e+00
2.195313e+00, 1.525292e+00, 1.532958e+00
2.210938e+00, 1.525292e+00, 1.517542e+00
2.226563e+00, 1.494098e+00, 1.501942e+00
2.242188e+00, 1.494098e+00, 1.486169e+00
2.257813e+00, 1.462225e+00, 1.470230e+00
2.273438e+00, 1.462225e+00, 1.454135e+00
2.289063e+00, 1.429745e+00, 1.437893e+00
2.304688e+00, 1.429745e+00, 1.421512e+00
2.320313e+00, 1.396729e+00, 1.405002e+00
2.335938e+00, 1.396729e+00, 1.388371e+00
2.351563e+00, 1.363247e+00, 1.371628e+00
2.367188e+00, 1.363247e+00, 1.354782e+00
2.382813e+00, 1.329371e+00, 1.337841e+00
2.398438e+00, 1.329371e+00, 1.320815e+00
2.414063e+00, 1.295169e+00, 1.303712e+00
2.429688e+00, 1.295169e+00, 1.286541e+00
2.445313e+00, 1.260710e+00, 1.269310e+00
2.460938e+00, 1.260710e+00, 1.252027e+00
2.476563e+00, 1.226063e+00, 1.234702e+00
2.492188e+00, 1.226063e+00, 1.217342e+00
2.507813e+00, 1.191294e+00, 1.199956e+00
2.523438e+00, 1.191294e+00, 1.182551e+00
2.539063e+00, 1.156468e+00, 1.165137e+00
2.554688e+00, 1.156468e+00, 1.147720e+00
2.570313e+00, 1.121648e+00, 1.130308e+00
2.585938e+00, 1.121648e+00, 1.112910e+00
2.601563e+00, 1.086895e+00, 1.095533e+00
2.617188e+00, 1.086895e+00, 1.078183e+00
2.632813e+00, 1.052269e+00, 1.060869e+00
2.648438e+00, 1.052270e+00, 1.043598e+00
2.664063e+00, 1.017828e+00, 1.026376e+00
2.679688e+00, 1.017828e+00, 1.009211e+00
2.695313e+00, 9.836250e-01, 9.921083e-01
2.710938e+00, 9.836250e-01, 9.750758e-01
2.726563e+00, 9.497135e-01, 9.581194e-01
2.742188e+00, 9.497136e-01, 9.412453e-01
2.757813e+00, 9.161432e-01, 9.244596e-01
2.773438e+00, 9.161433e-01, 9.077682e-01
2.789063e+00, 8.829613e-01, 8.911768e-01
2.804688e+00, 8.829614e-01, 8.746911e-01
2.820313e+00, 8.502125e-01, 8.583164e-01
2.835938e+00, 8.502125e-01, 8.420579e-01
2.851563e+00, 8.179383e-01, 8.259207e-01
2.867188e+00, 8.179384e-01, 8.099097e-01
2.882813e+00, 7.861780e-01, 7.940295e-01
2.898438e+00, 7.861781e-01, 7.782847e-01
2.914063e+00, 7.549675e-01, 7.626796e-01
2.929688e+00, 7.549676e-01, 7.472183e-01
2.945313e+00, 7.243402e-01, 7.319050e-01
2.960938e+00, 7.243403e-01, 7.167432e-01
2.976563e+00, 6.943266e-01, 7.017367e-01
2.992188e+00, 6.943267e-01, 6.868889e-01
3.007813e+00, 6.649540e-01, 6.722032e-01
3.023438e+00, 6.649542e-01, 6.576824e-01
3.039063e+00, 6.362474e-01, 6.433297e-01
3.054688e+00, 6.362475e-01, 6.291477e-01
3.070313e+00, 6.082286e-01, 6.151389e-01
3.085938e+00, 6.082288e-01, 6.013059e-01
3.101563e+00, 5.809168e-01, 5.876508e-01
3.117188e+00, 5.809170e-01, 5.741756e-01
3.132813e+00, 5.543284e-01, 5.608822e-01
3.148438e+00, 5.543287e-01, 5.477725e-01
3.164063e+00, 5.284773e-01, 5.348478e-01
3.179688e+00, 5.284776e-01, 5.221097e-01
3.195313e+00, 5.033748e-01, 5.095594e-01
3.210938e+00, 5.033751e-01, 4.971980e-01
3.226563e+00, 4.790294e-01, 4.850264e-01
3.242188e+00, 4.790298e-01, 4.730453e-01
3.257813e+00, 4.554477e-01, 4.612556e-01
3.273438e+00, 4.554481e-01, 4.496575e-01
3.289063e+00, 4.326336e-01, 4.382516e-01
3.304688e+00, 4.326341e-01, 4.270380e-01
3.320313e+00, 4.105889e-01, 4.160168e-01
3.335938e+00, 4.105895e-01, 4.051880e-01
3.351563e+00, 3.893133e-01, 3.945514e-01
3.367188e+00, 3.893140e-01, 3.841067e-01
3.382813e+00, 3.688046e-01, 3.738536e-01
3.398438e+00, 3.688053e-01, 3.637914e-01
3.414063e+00, 3.490584e-01, 3.539195e-01
3.429688e+00, 3.490593e-01, 3.442372e-01
3.445313e+00, 3.300688e-01, 3.347437e-01
3.460938e+00, 3.300698e-01, 3.254379e-01
3.476563e+00, 3.118282e-01, 3.163188e-01
3.492188e+00, 3.118293e-01, 3.073852e-01
3.507813e+00, 2.943273e-01, 2.986360e-01
3.523438e+00, 2.943286e-01, 2.900698e-01
3.539063e+00, 2.775555e-01, 2.816851e-01
3.554688e+00, 2.775570e-01, 2.734805e-01
3.570313e+00, 2.615008e-01, 2.654544e-01
3.585938e+00, 2.615026e-01, 2.576051e-01
3.601563e+00, 2.461502e-01, 2.499309e-01
3.617188e+00, 2.461522e-01, 2.424301e-01
3.632813e+00, 2.314892e-01, 2.351008e-01
3.648438e+00, 2.314916e-01, 2.279411e-01
3.664063e+00, 2.175028e-01, 2.209490e-01
3.679688e+00, 2.175055e-01, 2.141226e-01
3.695313e+00, 2.041749e-01, 2.074597e-01
3.710938e+00, 2.041779e-01, 2.009583e-01
3.726563e+00, 1.914885e-01, 1.946162e-01
3.742188e+00, 1.914920e-01, 1.884312e-01
3.757813e+00, 1.794263e-01, 1.824012e-01
3.773438e+00, 1.794302e-01, 1.765237e-01
3.789063e+00, 1.679701e-01, 1.707967e-01
3.804688e+00, 1.679746e-01, 1.652176e-01
3.820313e+00, 1.571016e-01, 1.597843e-01
3.835938e+00, 1.571067e-01, 1.544944e-01
3.851563e+00, 1.468018e-01, 1.493454e-01
3.867188e+00, 1.468076e-01, 1.443351e-01
3.882813e+00, 1.370516e-01, 1.394609e-01
3.898438e+00, 1.370582e-01, 1.347205e-01
3.914063e+00, 1.278317e-01, 1.301115e-01
3.929688e+00, 1.278393e-01, 1.256313e-01
3.945313e+00, 1.191228e-01, 1.212777e-01
3.960938e+00, 1.191314e-01, 1.170482e-01
3.976563e+00, 1.109053e-01, 1.129403e-01
3.992188e+00, 1.109150e-01, 1.089516e-01
4.007813e+00, 1.031599e-01, 1.050797e-01
4.023438e+00, 1.031709e-01, 1.013221e-01
4.039063e+00, 9.586716e-02, 9.767659e-02
4.054688e+00, 9.587962e-02, 9.414062e-02
4.070313e+00, 8.900807e-02, 9.071185e-02
4.085938e+00, 8.902215e-02, 8.738793e-02
4.101563e+00, 8.256364e-02, 8.416649e-02
4.117188e+00, 8.257955e-02, 8.104521e-02
4.132813e+00, 7.651522e-02, 7.802178e-02
4.148438e+00, 7.653317e-02, 7.509390e-02
4.164063e+00, 7.084446e-02, 7.225930e-02
4.179688e+00, 7.086470e-02, 6.951574e-02
4.195313e+00, 6.553336e-02, 6.686098e-02
4.210938e+00, 6.555615e-02, 6.429285e-02
4.226563e+00, 6.056433e-02, 6.180915e-02
4.242188e+00, 6.058996e-02, 5.940774e-02
4.257813e+00, 5.592017e-02, 5.708651e-02
4.273438e+00, 5.594898e-02, 5.484337e-02
4.289063e+00, 5.158416e-02, 5.267626e-02
4.304688e+00, 5.161651e-02, 5.058314e-02
4.320313e+00, 4.754004e-02, 4.856203e-02
4.335938e+00, 4.757632e-02, 4.661094e-02
4.351563e+00, 4.377205e-02, 4.472795e-02
4.367188e+00, 4.381270e-02, 4.291115e-02
4.382813e+00, 4.026492e-02, 4.115867e-02
4.398438e+00, 4.031043e-02, 3.946867e-02
4.414063e+00, 3.700394e-02, 3.783934e-02
4.429688e+00, 3.705482e-02, 3.626892e-02
4.445313e+00, 3.397489e-02, 3.475567e-02
4.460938e+00, 3.403173e-02, 3.329788e-02
4.476563e+00, 3.116411e-02, 3.189388e-02
4.492188e+00, 3.122756e-02, 3.054204e-02
4.507813e+00, 2.855850e-02, 2.924076e-02
4.523438e+00, 2.862923e-02, 2.798846e-02
4.539063e+00, 2.614546e-02, 2.678361e-02
4.554688e+00, 2.622424e-02, 2.562472e-02
4.570313e+00, 2.391296e-02, 2.451031e-02
4.585938e+00, 2.400062e-02, 2.343896e-02
4.601563e+00, 2.184949e-02, 2.240926e-02
4.617188e+00, 2.194695e-02, 2.141985e-02
4.632813e+00, 1.994410e-02, 2.046940e-02
4.648438e+00, 2.005232e-02, 1.955660e-02
4.664063e+00, 1.818633e-02, 1.868019e-02
4.679688e+00, 1.830639e-02, 1.783893e-02
4.695313e+00, 1.656625e-02, 1.703162e-02
4.710938e+00, 1.669931e-02, 1.625709e-02
4.726563e+00, 1.507443e-02, 1.551419e-02
4.742188e+00, 1.522175e-02, 1.480181e-02
4.757813e+00, 1.370193e-02, 1.411888e-02
4.773438e+00, 1.386487e-02, 1.346434e-02
4.789063e+00, 1.244029e-02, 1.283717e-02
4.804688e+00, 1.262034e-02, 1.223639e-02
4.820313e+00, 1.128152e-02, 1.166102e-02
4.835938e+00, 1.148026e-02, 1.111013e-02
4.851563e+00, 1.021806e-02, 1.058282e-02
4.867188e+00, 1.043722e-02, 1.007819e-02
4.882813e+00, 9.242805e-03, 9.595411e-03
4.898438e+00, 9.484232e-03, 9.133638e-03
4.914063e+00, 8.349051e-03, 8.692072e-03
4.929688e+00, 8.614747e-03, 8.269935e-03
4.945313e+00, 7.530506e-03, 7.866476e-03
4.960938e+00, 7.822617e-03, 7.480964e-03
4.976563e+00, 6.781258e-03, 7.112695e-03
4.992188e+00, 7.102086e-03, 6.760986e-03
5.000000e+00, 6.591134e-03, 6.591134e-03


#At time: 7.500000e+01, nsteps= 6144


-2.000000e+00, 3.303761e-02, 3.303761e-02
-1.992188e+00, 3.477089e-02, 3.361400e-02
-1.976563e+00, 3.366042e-02, 3.479305e-02
-1.960938e+00, 3.716652e-02, 3.600785e-02
-1.945313e+00, 3.612171e-02, 3.725925e-02
-1.929688e+00, 3.971198e-02, 3.854815e-02
-1.914063e+00, 3.872964e-02, 3.987542e-02
-1.898438e+00, 4.241433e-02, 4.124196e-02
-1.882813e+00, 4.149138e-02, 4.264870e-02
-1.867188e+00, 4.528084e-02, 4.409655e-02
-1.851563e+00, 4.441429e-02, 4.558645e-02
-1.835938e+00, 4.831896e-02, 4.711936e-02
-1.820313e+00, 4.750593e-02, 4.869623e-02
-1.804688e+00, 5.153633e-02, 5.031804e-02
-1.789063e+00, 5.077404e-02, 5.198577e-02
-1.773438e+00, 5.494077e-02, 5.370042e-02
-1.757813e+00, 5.422656e-02, 5.546299e-02
-1.742188e+00, 5.854027e-02, 5.727450e-02
-1.726563e+00, 5.787157e-02, 5.913597e-02
-1.710938e+00, 6.234301e-02, 6.104845e-02
-1.695313e+00, 6.171735e-02, 6.301297e-02
-1.679688e+00, 6.635728e-02, 6.503059e-02
-1.664063e+00, 6.577230e-02, 6.710238e-02
-1.648438e+00, 7.059156e-02, 6.922940e-02
-1.632813e+00, 7.004499e-02, 7.141274e-02
-1.617188e+00, 7.505444e-02, 7.365348e-02
-1.601563e+00, 7.454411e-02, 7.595272e-02
-1.585938e+00, 7.975461e-02, 7.831157e-02
-1.570313e+00, 7.927845e-02, 8.073111e-02
-1.554688e+00, 8.470090e-02, 8.321248e-02
-1.539063e+00, 8.425692e-02, 8.575678e-02
-1.523438e+00, 8.990220e-02, 8.836515e-02
-1.507813e+00, 8.948851e-02, 9.103870e-02
-1.492188e+00, 9.536747e-02, 9.377857e-02
-1.476563e+00, 9.498227e-02, 9.658588e-02
-1.460938e+00, 1.011057e-01, 9.946178e-02
-1.445313e+00, 1.007473e-01, 1.024074e-01
-1.429688e+00, 1.071261e-01, 1.054239e-01
-1.414063e+00, 1.067928e-01, 1.085124e-01
-1.398438e+00, 1.134375e-01, 1.116740e-01
-1.382813e+00, 1.131278e-01, 1.149099e-01
-1.367188e+00, 1.200491e-01, 1.182211e-01
-1.351563e+00, 1.197615e-01, 1.216090e-01
-1.335938e+00, 1.269698e-01, 1.250744e-01
-1.320313e+00, 1.267030e-01, 1.286187e-01
-1.304688e+00, 1.342087e-01, 1.322429e-01
-1.289063e+00, 1.339612e-01, 1.359481e-01
-1.273438e+00, 1.417745e-01, 1.397354e-01
-1.257813e+00, 1.415452e-01, 1.436059e-01
-1.242188e+00, 1.496760e-01, 1.475608e-01
-1.226563e+00, 1.494637e-01, 1.516010e-01
-1.210938e+00, 1.579219e-01, 1.557277e-01
-1.195313e+00, 1.577253e-01, 1.599419e-01
-1.179688e+00, 1.665205e-01, 1.642446e-01
-1.164063e+00, 1.663387e-01, 1.686370e-01
-1.148438e+00, 1.754800e-01, 1.731199e-01
-1.132813e+00, 1.753120e-01, 1.776945e-01
-1.117188e+00, 1.848085e-01, 1.823617e-01
-1.101563e+00, 1.846534e-01, 1.871224e-01
-1.085938e+00, 1.945136e-01, 1.919777e-01
-1.070313e+00, 1.943705e-01, 1.969283e-01
-1.054688e+00, 2.046028e-01, 2.019754e-01
-1.039063e+00, 2.044708e-01, 2.071197e-01
-1.023438e+00, 2.150831e-01, 2.123620e-01
-1.007813e+00, 2.149614e-01, 2.177034e-01
-9.921875e-01, 2.259612e-01, 2.231445e-01
-9.765625e-01, 2.258491e-01, 2.286861e-01
-9.609375e-01, 2.372434e-01, 2.343290e-01
-9.453125e-01, 2.371403e-01, 2.400740e-01
-9.296875e-01, 2.489356e-01, 2.459217e-01
-9.140625e-01, 2.488407e-01, 2.518728e-01
-8.984375e-01, 2.610429e-01, 2.579280e-01
-8.828125e-01, 2.609557e-01, 2.640879e-01
-8.671875e-01, 2.735704e-01, 2.703529e-01
-8.515625e-01, 2.734903e-01, 2.767238e-01
-8.359375e-01, 2.865222e-01, 2.832009e-01
-8.203125e-01, 2.864487e-01, 2.897847e-01
-8.046875e-01, 2.999021e-01, 2.964757e-01
-7.890625e-01, 2.998346e-01, 3.032742e-01
-7.734375e-01, 3.137129e-01, 3.101806e-01
-7.578125e-01, 3.136511e-01, 3.171951e-01
-7.421875e-01, 3.279572e-01, 3.243181e-01
-7.265625e-01, 3.279005e-01, 3.315497e-01
-7.109375e-01, 3.426365e-01, 3.388901e-01
-6.953125e-01, 3.425846e-01, 3.463394e-01
-6.796875e-01, 3.577518e-01, 3.538976e-01
-6.640625e-01, 3.577043e-01, 3.615649e-01
-6.484375e-01, 3.733031e-01, 3.693411e-01
-6.328125e-01, 3.732597e-01, 3.772262e-01
-6.171875e-01, 3.892898e-01, 3.852200e-01
-6.015625e-01, 3.892501e-01, 3.933224e-01
-5.859375e-01, 4.057102e-01, 4.015331e-01
-5.703125e-01, 4.056741e-01, 4.098518e-01
-5.546875e-01, 4.225621e-01, 4.182781e-01
-5.390625e-01, 4.225291e-01, 4.268116e-01
-5.234375e-01, 4.398420e-01, 4.354519e-01
-5.078125e-01, 4.398119e-01, 4.441984e-01
-4.921875e-01, 4.575457e-01, 4.530505e-01
-4.765625e-01, 4.575183e-01, 4.620076e-01
-4.609375e-01, 4.756679e-01, 4.710690e-01
-4.453125e-01, 4.756429e-01, 4.802338e-01
-4.296875e-01, 4.942023e-01, 4.895013e-01
-4.140625e-01, 4.941796e-01, 4.988704e-01
-3.984375e-01, 5.131417e-01, 5.083403e-01
-3.828125e-01, 5.131210e-01, 5.179100e-01
-3.671875e-01, 5.324778e-01, 5.275782e-01
-3.515625e-01, 5.324590e-01, 5.373439e-01
-3.359375e-01, 5.522011e-01, 5.472058e-01
-3.203125e-01, 5.521840e-01, 5.571625e-01
-3.046875e-01, 5.723013e-01, 5.672128e-01
-2.890625e-01, 5.722858e-01, 5.773552e-01
-2.734375e-01, 5.927668e-01, 5.875882e-01
-2.578125e-01, 5.927527e-01, 5.979101e-01
-2.421875e-01, 6.135849e-01, 6.083194e-01
-2.265625e-01, 6.135722e-01, 6.188144e-01
-2.109375e-01, 6.347420e-01, 6.293931e-01
-1.953125e-01, 6.347305e-01, 6.400539e-01
-1.796875e-01, 6.562231e-01, 6.507947e-01
-1.640625e-01, 6.562127e-01, 6.616136e-01
-1.484375e-01, 6.780123e-01, 6.725085e-01
-1.328125e-01, 6.780029e-01, 6.834772e-01
-1.171875e-01, 7.000925e-01, 6.945176e-01
-1.015625e-01, 7.000840e-01, 7.056274e-01
-8.593750e-02, 7.224455e-01, 7.168043e-01
-7.031250e-02, 7.224378e-01, 7.280458e-01
-5.468750e-02, 7.450521e-01, 7.393494e-01
-3.906250e-02, 7.450451e-01, 7.507127e-01
-2.343750e-02, 7.678918e-01, 7.621330e-01
-7.812500e-03, 7.678855e-01, 7.736075e-01
7.812500e-03, 7.909432e-01, 7.851337e-01
2.343750e-02, 7.909376e-01, 7.967087e-01
3.906250e-02, 8.141839e-01, 8.083295e-01
5.468750e-02, 8.141788e-01, 8.199933e-01
7.031250e-02, 8.375904e-01, 8.316971e-01
8.593750e-02, 8.375858e-01, 8.434378e-01
1.015625e-01, 8.611381e-01, 8.552122e-01
1.171875e-01, 8.611340e-01, 8.670173e-01
1.328125e-01, 8.848017e-01, 8.788497e-01
1.484375e-01, 8.847980e-01, 8.907062e-01
1.640625e-01, 9.085548e-01, 9.025834e-01
1.796875e-01, 9.085515e-01, 9.144780e-01
1.953125e-01, 9.323702e-01, 9.263864e-01
2.109375e-01, 9.323672e-01, 9.383051e-01
2.265625e-01, 9.562197e-01, 9.502306e-01
2.421875e-01, 9.562170e-01, 9.621593e-01
2.578125e-01, 9.800745e-01, 9.740875e-01
2.734375e-01, 9.800721e-01, 9.860116e-01
2.890625e-01, 1.003905e+00, 9.979277e-01
3.046875e-01, 1.003903e+00, 1.009832e+00
3.203125e-01, 1.027681e+00, 1.021721e+00
3.359375e-01, 1.027679e+00, 1.033591e+00
3.515625e-01, 1.051372e+00, 1.045437e+00
3.671875e-01, 1.051370e+00, 1.057256e+00
3.828125e-01, 1.074945e+00, 1.069043e+00
3.984375e-01, 1.074944e+00, 1.080796e+00
4.140625e-01, 1.098370e+00, 1.092509e+00
4.296875e-01, 1.098368e+00, 1.104180e+00
4.453125e-01, 1.121613e+00, 1.115802e+00
4.609375e-01, 1.121612e+00, 1.127374e+00
4.765625e-01, 1.144643e+00, 1.138890e+00
4.921875e-01, 1.144642e+00, 1.150346e+00
5.078125e-01, 1.167425e+00, 1.161738e+00
5.234375e-01, 1.167424e+00, 1.173062e+00
5.390625e-01, 1.189928e+00, 1.184315e+00
5.546875e-01, 1.189927e+00, 1.195491e+00
5.703125e-01, 1.212116e+00, 1.206586e+00
5.859375e-01, 1.212115e+00, 1.217597e+00
6.015625e-01, 1.233958e+00, 1.228519e+00
6.171875e-01, 1.233957e+00, 1.239348e+00
6.328125e-01, 1.255419e+00, 1.250080e+00
6.484375e-01, 1.255419e+00, 1.260711e+00
6.640625e-01, 1.276467e+00, 1.271236e+00
6.796875e-01, 1.276467e+00, 1.281652e+00
6.953125e-01, 1.297069e+00, 1.291953e+00
7.109375e-01, 1.297068e+00, 1.302138e+00
7.265625e-01, 1.317191e+00, 1.312200e+00
7.421875e-01, 1.317190e+00, 1.322136e+00
7.578125e-01, 1.336801e+00, 1.331943e+00
7.734375e-01, 1.336801e+00, 1.341615e+00
7.890625e-01, 1.355868e+00, 1.351150e+00
8.046875e-01, 1.355868e+00, 1.360542e+00
8.203125e-01, 1.374360e+00, 1.369790e+00
8.359375e-01, 1.374360e+00, 1.378887e+00
8.515625e-01, 1.392246e+00, 1.387832e+00
8.671875e-01, 1.392246e+00, 1.396619e+00
8.828125e-01, 1.409497e+00, 1.405245e+00
8.984375e-01, 1.409496e+00, 1.413707e+00
9.140625e-01, 1.426082e+00, 1.422001e+00
9.296875e-01, 1.426082e+00, 1.430124e+00
9.453125e-01, 1.441975e+00, 1.438071e+00
9.609375e-01, 1.441975e+00, 1.445840e+00
9.765625e-01, 1.457147e+00, 1.453427e+00
9.921875e-01, 1.457147e+00, 1.460829e+00
1.007813e+00, 1.471572e+00, 1.468043e+00
1.023438e+00, 1.471572e+00, 1.475065e+00
1.039063e+00, 1.485225e+00, 1.481892e+00
1.054688e+00, 1.485225e+00, 1.488522e+00
1.070313e+00, 1.498082e+00, 1.494952e+00
1.085938e+00, 1.498082e+00, 1.501178e+00
1.101563e+00, 1.510120e+00, 1.507198e+00
1.117188e+00, 1.510120e+00, 1.513009e+00
1.132813e+00, 1.521318e+00, 1.518608e+00
1.148438e+00, 1.521318e+00, 1.523994e+00
1.164063e+00, 1.531655e+00, 1.529164e+00
1.179688e+00, 1.531655e+00, 1.534115e+00
1.195313e+00, 1.541114e+00, 1.538845e+00
1.210938e+00, 1.541114e+00, 1.543352e+00
1.226563e+00, 1.549676e+00, 1.547634e+00
1.242188e+00, 1.549676e+00, 1.551689e+00
1.257813e+00, 1.557327e+00, 1.555515e+00
1.273438e+00, 1.557327e+00, 1.559110e+00
1.289063e+00, 1.564053e+00, 1.562474e+00
1.304688e+00, 1.564053e+00, 1.565603e+00
1.320313e+00, 1.569841e+00, 1.568498e+00
1.335938e+00, 1.569841e+00, 1.571155e+00
1.351563e+00, 1.574680e+00, 1.573576e+00
1.367188e+00, 1.574680e+00, 1.575757e+00
1.382813e+00, 1.578563e+00, 1.577698e+00
1.398438e+00, 1.578563e+00, 1.579399e+00
1.414063e+00, 1.581481e+00, 1.580858e+00
1.429688e+00, 1.581481e+00, 1.582076e+00
1.445313e+00, 1.583429e+00, 1.583050e+00
1.460938e+00, 1.583429e+00, 1.583781e+00
1.476563e+00, 1.584404e+00, 1.584269e+00
1.492188e+00, 1.584404e+00, 1.584513e+00
1.507813e+00, 1.584404e+00, 1.584513e+00
1.523438e+00, 1.584404e+00, 1.584269e+00
1.539063e+00, 1.583429e+00, 1.583781e+00
1.554688e+00, 1.583429e+00, 1.583050e+00
1.570313e+00, 1.581481e+00, 1.582076e+00
1.585938e+00, 1.581481e+00, 1.580858e+00
1.601563e+00, 1.578563e+00, 1.579399e+00
1.617188e+00, 1.578563e+00, 1.577698e+00
1.632813e+00, 1.574680e+00, 1.575757e+00
1.648438e+00, 1.574680e+00, 1.573576e+00
1.664063e+00, 1.569841e+00, 1.571155e+00
1.679688e+00, 1.569841e+00, 1.568498e+00
1.695313e+00, 1.564053e+00, 1.565603e+00
1.710938e+00, 1.564053e+00, 1.562474e+00
1.726563e+00, 1.557327e+00, 1.559110e+00
1.742188e+00, 1.557327e+00, 1.555515e+00
1.757813e+00, 1.549676e+00, 1.551689e+00
1.773438e+00, 1.549676e+00, 1.547634e+00
1.789063e+00, 1.541114e+00, 1.543352e+00
1.804688e+00, 1.541114e+00, 1.538845e+00
1.820313e+00, 1.531655e+00, 1.534115e+00
1.835938e+00, 1.531655e+00, 1.529164e+00
1.851563e+00, 1.521318e+00, 1.523994e+00
1.867188e+00, 1.521318e+00, 1.518608e+00
1.882813e+00, 1.510120e+00, 1.513009e+00
1.898438e+00, 1.510120e+00, 1.507198e+00
1.914063e+00, 1.498082e+00, 1.501178e+00
1.929688e+00, 1.498082e+00, 1.494952e+00
1.945313e+00, 1.485225e+00, 1.488522e+00
1.960938e+00, 1.485225e+00, 1.481892e+00
1.976563e+00, 1.471572e+00, 1.475065e+00
1.992188e+00, 1.471572e+00, 1.468043e+00
2.007813e+00, 1.457147e+00, 1.460829e+00
2.023438e+00, 1.457147e+00, 1.453427e+00
2.039063e+00, 1.441975e+00, 1.445840e+00
2.054688e+00, 1.441975e+00, 1.438071e+00
2.070313e+00, 1.426082e+00, 1.430124e+00
2.085938e+00, 1.426082e+00, 1.422001e+00
2.101563e+00, 1.409496e+00, 1.413707e+00
2.117188e+00, 1.409497e+00, 1.405245e+00
2.132813e+00, 1.392246e+00, 1.396619e+00
2.148438e+00, 1.392246e+00, 1.387832e+00
2.164063e+00, 1.374360e+00, 1.378887e+00
2.179688e+00, 1.374360e+00, 1.369790e+00
2.195313e+00, 1.355868e+00, 1.360542e+00
2.210938e+00, 1.355868e+00, 1.351150e+00
2.226563e+00, 1.336801e+00, 1.341615e+00
2.242188e+00, 1.336801e+00, 1.331943e+00
2.257813e+00, 1.317190e+00, 1.322136e+00
2.273438e+00, 1.317191e+00, 1.312200e+00
2.289063e+00, 1.297068e+00, 1.302138e+00
2.304688e+00, 1.297069e+00, 1.291953e+00
2.320313e+00, 1.276467e+00, 1.281652e+00
2.335938e+00, 1.276467e+00, 1.271236e+00
2.351563e+00, 1.255419e+00, 1.260711e+00
2.367188e+00, 1.255419e+00, 1.250080e+00
2.382813e+00, 1.233957e+00, 1.239348e+00
2.398438e+00, 1.233958e+00, 1.228519e+00
2.414063e+00, 1.212115e+00, 1.217597e+00
2.429688e+00, 1.212116e+00, 1.206586e+00
2.445313e+00, 1.189927e+00, 1.195491e+00
2.460938e+00, 1.189928e+00, 1.184315e+00
2.476563e+00, 1.167424e+00, 1.173062e+00
2.492188e+00, 1.167425e+00, 1.161738e+00
2.507813e+00, 1.144642e+00, 1.150346e+00
2.523438e+00, 1.144643e+00, 1.138890e+00
2.539063e+00, 1.121612e+00, 1.127374e+00
2.554688e+00, 1.121613e+00, 1.115802e+00
2.570313e+00, 1.098368e+00, 1.104180e+00
2.585938e+00, 1.098370e+00, 1.092509e+00
2.601563e+00, 1.074944e+00, 1.080796e+00
2.617188e+00, 1.074945e+00, 1.069043e+00
2.632813e+00, 1.051370e+00, 1.057256e+00
2.648438e+00, 1.051372e+00, 1.045437e+00
2.664063e+00, 1.027679e+00, 1.033591e+00
2.679688e+00, 1.027681e+00, 1.021721e+00
2.695313e+00, 1.003903e+00, 1.009832e+00
2.710938e+00, 1.003905e+00, 9.979277e-01
2.726563e+00, 9.800721e-01, 9.860116e-01
2.742188e+00, 9.800745e-01, 9.740875e-01
2.757813e+00, 9.562170e-01, 9.621593e-01
2.773438e+00, 9.562197e-01, 9.502306e-01
2.789063e+00, 9.323672e-01, 9.383051e-01
2.804688e+00, 9.323702e-01, 9.263864e-01
2.820313e+00, 9.085515e-01, 9.144780e-01
2.835938e+00, 9.085548e-01, 9.025834e-01
2.851563e+00, 8.847980e-01, 8.907062e-01
2.867188e+00, 8.848017e-01, 8.788497e-01
2.882813e+00, 8.611340e-01, 8.670173e-01
2.898438e+00, 8.611381e-01, 8.552122e-01
2.914063e+00, 8.375858e-01, 8.434378e-01
2.929688e+00, 8.375904e-01, 8.316971e-01
2.945313e+00, 8.141788e-01, 8.199933e-01
2.960938e+00, 8.141839e-01, 8.083295e-01
2.976563e+00, 7.909376e-01, 7.967087e-01
2.992188e+00, 7.909432e-01, 7.851337e-01
3.007813e+00, 7.678855e-01, 7.736075e-01
3.023438e+00, 7.678918e-01, 7.621330e-01
3.039063e+00, 7.450451e-01, 7.507127e-01
3.054688e+00, 7.450521e-01, 7.393494e-01
3.070313e+00, 7.224378e-01, 7.280458e-01
3.085938e+00, 7.224455e-01, 7.168043e-01
3.101563e+00, 7.000840e-01, 7.056274e-01
3.117188e+00, 7.000925e-01, 6.945176e-01
3.132813e+00, 6.780029e-01, 6.834772e-01
3.148438e+00, 6.780123e-01, 6.725085e-01
3.164063e+00, 6.562127e-01, 6.616136e-01
3.179688e+00, 6.562231e-01, 6.507947e-01
3.195313e+00, 6.347305e-01, 6.400539e-01
3.210938e+00, 6.347420e-01, 6.293931e-01
3.226563e+00, 6.135722e-01, 6.188144e-01
3.242188e+00, 6.135849e-01, 6.083194e-01
3.257813e+00, 5.927527e-01, 5.979101e-01
3.273438e+00, 5.927668e-01, 5.875882e-01
3.289063e+00, 5.722858e-01, 5.773552e-01
3.304688e+00, 5.723013e-01, 5.672128e-01
3.320313e+00, 5.521840e-01, 5.571625e-01
3.335938e+00, 5.522011e-01, 5.472058e-01
3.351563e+00, 5.324590e-01, 5.373439e-01
3.367188e+00, 5.324778e-01, 5.275782e-01
3.382813e+00, 5.131210e-01, 5.179100e-01
3.398438e+00, 5.131417e-01, 5.083403e-01
3.414063e+00, 4.941796e-01, 4.988704e-01
3.429688e+00, 4.942023e-01, 4.895013e-01
3.445313e+00, 4.756429e-01, 4.802338e-01
3.460938e+00, 4.756679e-01, 4.710690e-01
3.476563e+00, 4.575183e-01, 4.620076e-01
3.492188e+00, 4.575457e-01, 4.530505e-01
3.507813e+00, 4.398119e-01, 4.441984e-01
3.523438e+00, 4.398420e-01, 4.354519e-01
3.539063e+00, 4.225291e-01, 4.268116e-01
3.554688e+00, 4.225621e-01, 4.182781e-01
3.570313e+00, 4.056741e-01, 4.098518e-01
3.585938e+00, 4.057102e-01, 4.015331e-01
3.601563e+00, 3.892501e-01, 3.933224e-01
3.617188e+00, 3.892898e-01, 3.852200e-01
3.632813e+00, 3.732597e-01, 3.772262e-01
3.648438e+00, 3.733031e-01, 3.693411e-01
3.664063e+00, 3.577043e-01, 3.615649e-01
3.679688e+00, 3.577518e-01, 3.538976e-01
3.695313e+00, 3.425846e-01, 3.463394e-01
3.710938e+00, 3.426365e-01, 3.388901e-01
3.726563e+00, 3.279005e-01, 3.315497e-01
3.742188e+00, 3.279572e-01, 3.243181e-01
3.757813e+00, 3.136511e-01, 3.171951e-01
3.773438e+00, 3.137129e-01, 3.101806e-01
3.789063e+00, 2.998346e-01, 3.032742e-01
3.804688e+00, 2.999021e-01, 2.964757e-01
3.820313e+00, 2.864487e-01, 2.897847e-01
3.835938e+00, 2.865222e-01, 2.832009e-01
3.851563e+00, 2.734903e-01, 2.767238e-01
3.867188e+00, 2.735704e-01, 2.703529e-01
3.882813e+00, 2.609557e-01, 2.640879e-01
3.898438e+00, 2.610429e-01, 2.579280e-01
3.914063e+00, 2.488407e-01, 2.518728e-01
3.929688e+00, 2.489356e-01, 2.459217e-01
3.945313e+00, 2.371403e-01, 2.400740e-01
3.960938e+00, 2.372434e-01, 2.343290e-01
3.976563e+00, 2.258491e-01, 2.286861e-01
3.992188e+00, 2.259612e-01, 2.231445e-01
4.007813e+00, 2.149614e-01, 2.177034e-01
4.023438e+00, 2.150831e-01, 2.123620e-01
4.039063e+00, 2.044708e-01, 2.071197e-01
4.054688e+00, 2.046028e-01, 2.019754e-01
4.070313e+00, 1.943705e-01, 1.969283e-01
4.085938e+00, 1.945136e-01, 1.919777e-01
4.101563e+00, 1.846534e-01, 1.871224e-01
4.117188e+00, 1.848085e-01, 1.823617e-01
4.132813e+00, 1.753120e-01, 1.776945e-01
4.148438e+00, 1.754800e-01, 1.731199e-01
4.164063e+00, 1.663387e-01, 1.686370e-01
4.179688e+00, 1.665205e-01, 1.642446e-01
4.195313e+00, 1.577253e-01, 1.599419e-01
4.210938e+00, 1.579219e-01, 1.557277e-01
4.226563e+00, 1.494637e-01, 1.516010e-01
4.242188e+00, 1.496760e-01, 1.475608e-01
4.257813e+00, 1.415452e-01, 1.436059e-01
4.273438e+00, 1.417745e-01, 1.397354e-01
4.289063e+00, 1.339612e-01, 1.359481e-01
4.304688e+00, 1.342087e-01, 1.322429e-01
4.320313e+00, 1.267030e-01, 1.286187e-01
4.335938e+00, 1.269698e-01, 1.250744e-01
4.351563e+00, 1.197615e-01, 1.216090e-01
4.367188e+00, 1.200491e-01, 1.182211e-01
4.382813e+00, 1.131278e-01, 1.149099e-01
4.398438e+00, 1.134375e-01, 1.116740e-01
4.414063e+00, 1.067928e-01, 1.085124e-01
4.429688e+00, 1.071261e-01, 1.054239e-01
4.445313e+00, 1.007473e-01, 1.024074e-01
4.460938e+00, 1.011057e-01, 9.946178e-02
4.476563e+00, 9.498227e-02, 9.658588e-02
4.492188e+00, 9.536747e-02, 9.377857e-02
4.507813e+00, 8.948851e-02, 9.103870e-02
4.523438e+00, 8.990220e-02, 8.836515e-02
4.539063e+00, 8.425692e-02, 8.575678e-02
4.554688e+00, 8.470090e-02, 8.321248e-02
4.570313e+00, 7.927845e-02, 8.073111e-02
4.585938e+00, 7.975461e-02, 7.831157e-02
4.601563e+00, 7.454411e-02, 7.595272e-02
4.617188e+00, 7.505444e-02, 7.365348e-02
4.632813e+00, 7.004499e-02, 7.141274e-02
4.648438e+00, 7.059156e-02, 6.922940e-02
4.664063e+00, 6.577230e-02, 6.710238e-02
4.679688e+00, 6.635728e-02, 6.503059e-02
4.695313e+00, 6.171735e-02, 6.301297e-02
4.710938e+00, 6.234301e-02, 6.104845e-02
4.726563e+00, 5.787157e-02, 5.913597e-02
4.742188e+00, 5.854027e-02, 5.727450e-02
4.757813e+00, 5.422656e-02, 5.546299e-02
4.773438e+00, 5.494077e-02, 5.370042e-02
4.789063e+00, 5.077404e-02, 5.198577e-02
4.804688e+00, 5.153633e-02, 5.031804e-02
4.820313e+00, 4.750593e-02, 4.869623e-02
4.835938e+00, 4.831896e-02, 4.711936e-02
4.851563e+00, 4.441429e-02, 4.558645e-02
4.867188e+00, 4.528084e-02, 4.409655e-02
4.882813e+00, 4.149138e-02, 4.264870e-02
4.898438e+00, 4.241433e-02, 4.124196e-02
4.914063e+00, 3.872964e-02, 3.987542e-02
4.929688e+00, 3.971198e-02, 3.854815e-02
4.945313e+00, 3.612171e-02, 3.725925e-02
4.960938e+00, 3.716652e-02, 3.600785e-02
4.976563e+00, 3.366042e-02, 3.479305e-02
4.992188e+00, 3.477089e-02, 3.361400e-02
5.000000e+00, 3.303761e-02, 3.303761e-02


#At time: 1.000000e+02, nsteps= 8192


-2.000000e+00, 7.304280e-02, 7.304280e-02
-1.992188e+00, 7.594269e-02, 7.400764e-02
-1.976563e+00, 7.406467e-02, 7.596903e-02
-1.960938e+00, 7.991017e-02, 7.797321e-02
-1.945313e+00, 7.811323e-02, 8.002085e-02
-1.929688e+00, 8.405406e-02, 8.211260e-02
-1.914063e+00, 8.233564e-02, 8.424910e-02
-1.898438e+00, 8.837958e-02, 8.643102e-02
-1.882813e+00, 8.673715e-02, 8.865902e-02
-1.867188e+00, 9.289198e-02, 9.093375e-02
-1.851563e+00, 9.132303e-02, 9.325586e-02
-1.835938e+00, 9.759649e-02, 9.562602e-02
-1.820313e+00, 9.609856e-02, 9.804487e-02
-1.804688e+00, 1.024983e-01, 1.005131e-01
-1.789063e+00, 1.010690e-01, 1.030313e-01
-1.773438e+00, 1.076028e-01, 1.056002e-01
-1.757813e+00, 1.062396e-01, 1.082204e-01
-1.742188e+00, 1.129150e-01, 1.108926e-01
-1.726563e+00, 1.116156e-01, 1.136174e-01
-1.710938e+00, 1.184401e-01, 1.163954e-01
-1.695313e+00, 1.172022e-01, 1.192274e-01
-1.679688e+00, 1.241833e-01, 1.221138e-01
-1.664063e+00, 1.230046e-01, 1.250555e-01
-1.648438e+00, 1.301495e-01, 1.280530e-01
-1.632813e+00, 1.290278e-01, 1.311068e-01
-1.617188e+00, 1.363438e-01, 1.342178e-01
-1.601563e+00, 1.352769e-01, 1.373863e-01
-1.585938e+00, 1.427710e-01, 1.406132e-01
-1.570313e+00, 1.417568e-01, 1.438989e-01
-1.554688e+00, 1.494360e-01, 1.472441e-01
-1.539063e+00, 1.484724e-01, 1.506493e-01
-1.523438e+00, 1.563433e-01, 1.541152e-01
-1.507813e+00, 1.554283e-01, 1.576422e-01
-1.492188e+00, 1.634976e-01, 1.612310e-01
-1.476563e+00, 1.626291e-01, 1.648821e-01
-1.460938e+00, 1.709032e-01, 1.685961e-01
-1.445313e+00, 1.700794e-01, 1.723735e-01
-1.429688e+00, 1.785644e-01, 1.762148e-01
-1.414063e+00, 1.777834e-01, 1.801205e-01
-1.398438e+00, 1.864853e-01, 1.840912e-01
-1.382813e+00, 1.857452e-01, 1.881273e-01
-1.367188e+00, 1.946697e-01, 1.922292e-01
-1.351563e+00, 1.939687e-01, 1.963976e-01
-1.335938e+00, 2.031213e-01, 2.006327e-01
-1.320313e+00, 2.024578e-01, 2.049351e-01
-1.304688e+00, 2.118435e-01, 2.093051e-01
-1.289063e+00, 2.112158e-01, 2.137432e-01
-1.273438e+00, 2.208397e-01, 2.182497e-01
-1.257813e+00, 2.202461e-01, 2.228251e-01
-1.242188e+00, 2.301126e-01, 2.274697e-01
-1.226563e+00, 2.295516e-01, 2.321838e-01
-1.210938e+00, 2.396652e-01, 2.369678e-01
-1.195313e+00, 2.391352e-01, 2.418219e-01
-1.179688e+00, 2.494996e-01, 2.467465e-01
-1.164063e+00, 2.489993e-01, 2.517417e-01
-1.148438e+00, 2.596181e-01, 2.568080e-01
-1.132813e+00, 2.591461e-01, 2.619454e-01
-1.117188e+00, 2.700225e-01, 2.671542e-01
-1.101563e+00, 2.695773e-01, 2.724346e-01
-1.085938e+00, 2.807142e-01, 2.777867e-01
-1.070313e+00, 2.802945e-01, 2.832107e-01
-1.054688e+00, 2.916942e-01, 2.887067e-01
-1.039063e+00, 2.912988e-01, 2.942748e-01
-1.023438e+00, 3.029634e-01, 2.999151e-01
-1.007813e+00, 3.025911e-01, 3.056276e-01
-9.921875e-01, 3.145221e-01, 3.114123e-01
-9.765625e-01, 3.141717e-01, 3.172692e-01
-9.609375e-01, 3.263702e-01, 3.231984e-01
-9.453125e-01, 3.260405e-01, 3.291997e-01
-9.296875e-01, 3.385072e-01, 3.352730e-01
-9.140625e-01, 3.381973e-01, 3.414183e-01
-8.984375e-01, 3.509324e-01, 3.476355e-01
-8.828125e-01, 3.506412e-01, 3.539243e-01
-8.671875e-01, 3.636442e-01, 3.602846e-01
-8.515625e-01, 3.633708e-01, 3.667161e-01
-8.359375e-01, 3.766411e-01, 3.732186e-01
-8.203125e-01, 3.763844e-01, 3.797918e-01
-8.046875e-01, 3.899206e-01, 3.864355e-01
-7.890625e-01, 3.896797e-01, 3.931492e-01
-7.734375e-01, 4.034801e-01, 3.999326e-01
-7.578125e-01, 4.032542e-01, 4.067853e-01
-7.421875e-01, 4.173163e-01, 4.137069e-01
-7.265625e-01, 4.171046e-01, 4.206969e-01
-7.109375e-01, 4.314254e-01, 4.277547e-01
-6.953125e-01, 4.312271e-01, 4.348800e-01
-6.796875e-01, 4.458033e-01, 4.420720e-01
-6.640625e-01, 4.456176e-01, 4.493303e-01
-6.484375e-01, 4.604451e-01, 4.566541e-01
-6.328125e-01, 4.602713e-01, 4.640429e-01
-6.171875e-01, 4.753455e-01, 4.714959e-01
-6.015625e-01, 4.751830e-01, 4.790123e-01
-5.859375e-01, 4.904987e-01, 4.865916e-01
-5.703125e-01, 4.903467e-01, 4.942327e-01
-5.546875e-01, 5.058982e-01, 5.019350e-01
-5.390625e-01, 5.057562e-01, 5.096975e-01
-5.234375e-01, 5.215371e-01, 5.175193e-01
-5.078125e-01, 5.214045e-01, 5.253995e-01
-4.921875e-01, 5.374079e-01, 5.333372e-01
-4.765625e-01, 5.372842e-01, 5.413313e-01
-4.609375e-01, 5.535025e-01, 5.493807e-01
-4.453125e-01, 5.533871e-01, 5.574844e-01
-4.296875e-01, 5.698123e-01, 5.656414e-01
-4.140625e-01, 5.697047e-01, 5.738504e-01
-3.984375e-01, 5.863281e-01, 5.821102e-01
-3.828125e-01, 5.862278e-01, 5.904197e-01
-3.671875e-01, 6.030402e-01, 5.987775e-01
-3.515625e-01, 6.029467e-01, 6.071825e-01
-3.359375e-01, 6.199382e-01, 6.156333e-01
-3.203125e-01, 6.198512e-01, 6.241284e-01
-3.046875e-01, 6.370112e-01, 6.326666e-01
-2.890625e-01, 6.369303e-01, 6.412465e-01
-2.734375e-01, 6.542479e-01, 6.498664e-01
-2.578125e-01, 6.541726e-01, 6.585250e-01
-2.421875e-01, 6.716363e-01, 6.672208e-01
-2.265625e-01, 6.715663e-01, 6.759521e-01
-2.109375e-01, 6.891640e-01, 6.847174e-01
-1.953125e-01, 6.890989e-01, 6.935150e-01
-1.796875e-01, 7.068178e-01, 7.023434e-01
-1.640625e-01, 7.067574e-01, 7.112007e-01
-1.484375e-01, 7.245842e-01, 7.200853e-01
-1.328125e-01, 7.245282e-01, 7.289954e-01
-1.171875e-01, 7.424493e-01, 7.379293e-01
-1.015625e-01, 7.423973e-01, 7.468851e-01
-8.593750e-02, 7.603985e-01, 7.558610e-01
-7.031250e-02, 7.603503e-01, 7.648551e-01
-5.468750e-02, 7.784168e-01, 7.738655e-01
-3.906250e-02, 7.783721e-01, 7.828903e-01
-2.343750e-02, 7.964888e-01, 7.919275e-01
-7.812500e-03, 7.964474e-01, 8.009752e-01
7.812500e-03, 8.145985e-01, 8.100312e-01
2.343750e-02, 8.145602e-01, 8.190937e-01
3.906250e-02, 8.327298e-01, 8.281605e-01
5.468750e-02, 8.326943e-01, 8.372295e-01
7.031250e-02, 8.508658e-01, 8.462986e-01
8.593750e-02, 8.508330e-01, 8.553658e-01
1.015625e-01, 8.689895e-01, 8.644288e-01
1.171875e-01, 8.689592e-01, 8.734854e-01
1.328125e-01, 8.870835e-01, 8.825335e-01
1.484375e-01, 8.870555e-01, 8.915709e-01
1.640625e-01, 9.051301e-01, 9.005952e-01
1.796875e-01, 9.051042e-01, 9.096043e-01
1.953125e-01, 9.231111e-01, 9.185959e-01
2.109375e-01, 9.230873e-01, 9.275677e-01
2.265625e-01, 9.410084e-01, 9.365174e-01
2.421875e-01, 9.409864e-01, 9.454426e-01
2.578125e-01, 9.588033e-01, 9.543411e-01
2.734375e-01, 9.587830e-01, 9.632105e-01
2.890625e-01, 9.764771e-01, 9.720484e-01
3.046875e-01, 9.764584e-01, 9.808525e-01
3.203125e-01, 9.940109e-01, 9.896204e-01
3.359375e-01, 9.939936e-01, 9.983498e-01
3.515625e-01, 1.011386e+00, 1.007038e+00
3.671875e-01, 1.011370e+00, 1.015683e+00
3.828125e-01, 1.028582e+00, 1.024282e+00
3.984375e-01, 1.028567e+00, 1.032833e+00
4.140625e-01, 1.045581e+00, 1.041334e+00
4.296875e-01, 1.045567e+00, 1.049781e+00
4.453125e-01, 1.062363e+00, 1.058173e+00
4.609375e-01, 1.062350e+00, 1.066507e+00
4.765625e-01, 1.078908e+00, 1.074781e+00
4.921875e-01, 1.078897e+00, 1.082992e+00
5.078125e-01, 1.095198e+00, 1.091138e+00
5.234375e-01, 1.095188e+00, 1.099216e+00
5.390625e-01, 1.111214e+00, 1.107225e+00
5.546875e-01, 1.111204e+00, 1.115162e+00
5.703125e-01, 1.126936e+00, 1.123023e+00
5.859375e-01, 1.126927e+00, 1.130808e+00
6.015625e-01, 1.142345e+00, 1.138513e+00
6.171875e-01, 1.142337e+00, 1.146137e+00
6.328125e-01, 1.157422e+00, 1.153677e+00
6.484375e-01, 1.157415e+00, 1.161130e+00
6.640625e-01, 1.172149e+00, 1.168494e+00
6.796875e-01, 1.172142e+00, 1.175768e+00
6.953125e-01, 1.186508e+00, 1.182948e+00
7.109375e-01, 1.186502e+00, 1.190033e+00
7.265625e-01, 1.200480e+00, 1.197019e+00
7.421875e-01, 1.200474e+00, 1.203906e+00
7.578125e-01, 1.214048e+00, 1.210691e+00
7.734375e-01, 1.214043e+00, 1.217372e+00
7.890625e-01, 1.227194e+00, 1.223946e+00
8.046875e-01, 1.227189e+00, 1.230411e+00
8.203125e-01, 1.239902e+00, 1.236766e+00
8.359375e-01, 1.239898e+00, 1.243008e+00
8.515625e-01, 1.252155e+00, 1.249135e+00
8.671875e-01, 1.252151e+00, 1.255145e+00
8.828125e-01, 1.263937e+00, 1.261037e+00
8.984375e-01, 1.263933e+00, 1.266808e+00
9.140625e-01, 1.275232e+00, 1.272456e+00
9.296875e-01, 1.275229e+00, 1.277980e+00
9.453125e-01, 1.286026e+00, 1.283378e+00
9.609375e-01, 1.286023e+00, 1.288648e+00
9.765625e-01, 1.296304e+00, 1.293787e+00
9.921875e-01, 1.296302e+00, 1.298796e+00
1.007813e+00, 1.306053e+00, 1.303670e+00
1.023438e+00, 1.306050e+00, 1.308410e+00
1.039063e+00, 1.315258e+00, 1.313014e+00
1.054688e+00, 1.315256e+00, 1.317479e+00
1.070313e+00, 1.323909e+00, 1.321805e+00
1.085938e+00, 1.323907e+00, 1.325990e+00
1.101563e+00, 1.331992e+00, 1.330032e+00
1.117188e+00, 1.331991e+00, 1.333930e+00
1.132813e+00, 1.339498e+00, 1.337684e+00
1.148438e+00, 1.339496e+00, 1.341290e+00
1.164063e+00, 1.346415e+00, 1.344749e+00
1.179688e+00, 1.346414e+00, 1.348060e+00
1.195313e+00, 1.352734e+00, 1.351220e+00
1.210938e+00, 1.352733e+00, 1.354228e+00
1.226563e+00, 1.358447e+00, 1.357085e+00
1.242188e+00, 1.358446e+00, 1.359789e+00
1.257813e+00, 1.363545e+00, 1.362338e+00
1.273438e+00, 1.363544e+00, 1.364733e+00
1.289063e+00, 1.368022e+00, 1.366971e+00
1.304688e+00, 1.368021e+00, 1.369053e+00
1.320313e+00, 1.371870e+00, 1.370978e+00
1.335938e+00, 1.371870e+00, 1.372744e+00
1.351563e+00, 1.375086e+00, 1.374352e+00
1.367188e+00, 1.375085e+00, 1.375801e+00
1.382813e+00, 1.377664e+00, 1.377090e+00
1.398438e+00, 1.377663e+00, 1.378219e+00
1.414063e+00, 1.379600e+00, 1.379188e+00
1.429688e+00, 1.379600e+00, 1.379995e+00
1.445313e+00, 1.380893e+00, 1.380642e+00
1.460938e+00, 1.380893e+00, 1.381127e+00
1.476563e+00, 1.381539e+00, 1.381450e+00
1.492188e+00, 1.381539e+00, 1.381612e+00
1.507813e+00, 1.381539e+00, 1.381612e+00
1.523438e+00, 1.381539e+00, 1.381450e+00
1.539063e+00, 1.380893e+00, 1.381127e+00
1.554688e+00, 1.380893e+00, 1.380642e+00
1.570313e+00, 1.379600e+00, 1.379995e+00
1.585938e+00, 1.379600e+00, 1.379188e+00
1.601563e+00, 1.377663e+00, 1.378219e+00
1.617188e+00, 1.377664e+00, 1.377090e+00
1.632813e+00, 1.375085e+00, 1.375801e+00
1.648438e+00, 1.375086e+00, 1.374352e+00
1.664063e+00, 1.371870e+00, 1.372744e+00
1.679688e+00, 1.371870e+00, 1.370978e+00
1.695313e+00, 1.368021e+00, 1.369053e+00
1.710938e+00, 1.368022e+00, 1.366971e+00
1.726563e+00, 1.363544e+00, 1.364733e+00
1.742188e+00, 1.363545e+00, 1.362338e+00
1.757813e+00, 1.358446e+00, 1.359789e+00
1.773438e+00, 1.358447e+00, 1.357085e+00
1.789063e+00, 1.352733e+00, 1.354228e+00
1.804688e+00, 1.352734e+00, 1.351220e+00
1.820313e+00, 1.346414e+00, 1.348060e+00
1.835938e+00, 1.346415e+00, 1.344749e+00
1.851563e+00, 1.339496e+00, 1.341290e+00
1.867188e+00, 1.339498e+00, 1.337684e+00
1.882813e+00, 1.331991e+00, 1.333930e+00
1.898438e+00, 1.331992e+00, 1.330032e+00
1.914063e+00, 1.323907e+00, 1.325990e+00
1.929688e+00, 1.323909e+00, 1.321805e+00
1.945313e+00, 1.315256e+00, 1.317479e+00
1.960938e+00, 1.315258e+00, 1.313014e+00
1.976563e+00, 1.306050e+00, 1.308410e+00
1.992188e+00, 1.306053e+00, 1.303670e+00
2.007813e+00, 1.296302e+00, 1.298796e+00
2.023438e+00, 1.296304e+00, 1.293787e+00
2.039063e+00, 1.286023e+00, 1.288648e+00
2.054688e+00, 1.286026e+00, 1.283378e+00
2.070313e+00, 1.275229e+00, 1.277980e+00
2.085938e+00, 1.275232e+00, 1.272456e+00
2.101563e+00, 1.263933e+00, 1.266808e+00
2.117188e+00, 1.263937e+00, 1.261037e+00
2.132813e+00, 1.252151e+00, 1.255145e+00
2.148438e+00, 1.252155e+00, 1.249135e+00
2.164063e+00, 1.239898e+00, 1.243008e+00
2.179688e+00, 1.239902e+00, 1.236766e+00
2.195313e+00, 1.227189e+00, 1.230411e+00
2.210938e+00, 1.227194e+00, 1.223946e+00
2.226563e+00, 1.214043e+00, 1.217372e+00
2.242188e+00, 1.214048e+00, 1.210691e+00
2.257813e+00, 1.200474e+00, 1.203906e+00
2.273438e+00, 1.200480e+00, 1.197019e+00
2.289063e+00, 1.186502e+00, 1.190033e+00
2.304688e+00, 1.186508e+00, 1.182948e+00
2.320313e+00, 1.172142e+00, 1.175768e+00
2.335938e+00, 1.172149e+00, 1.168494e+00
2.351563e+00, 1.157415e+00, 1.161130e+00
2.367188e+00, 1.157422e+00, 1.153677e+00
2.382813e+00, 1.142337e+00, 1.146137e+00
2.398438e+00, 1.142345e+00, 1.138513e+00
2.414063e+00, 1.126927e+00, 1.130808e+00
2.429688e+00, 1.126936e+00, 1.123023e+00
2.445313e+00, 1.111204e+00, 1.115162e+00
2.460938e+00, 1.111214e+00, 1.107225e+00
2.476563e+00, 1.095188e+00, 1.099216e+00
2.492188e+00, 1.095198e+00, 1.091138e+00
2.507813e+00, 1.078897e+00, 1.082992e+00
2.523438e+00, 1.078908e+00, 1.074781e+00
2.539063e+00, 1.062350e+00, 1.066507e+00
2.554688e+00, 1.062363e+00, 1.058173e+00
2.570313e+00, 1.045567e+00, 1.049781e+00
2.585938e+00, 1.045581e+00, 1.041334e+00
2.601563e+00, 1.028567e+00, 1.032833e+00
2.617188e+00, 1.028582e+00, 1.024282e+00
2.632813e+00, 1.011370e+00, 1.015683e+00
2.648438e+00, 1.011386e+00, 1.007038e+00
2.664063e+00, 9.939936e-01, 9.983498e-01
2.679688e+00, 9.940109e-01, 9.896204e-01
2.695313e+00, 9.764584e-01, 9.808525e-01
2.710938e+00, 9.764771e-01, 9.720484e-01
2.726563e+00, 9.587830e-01, 9.632105e-01
2.742188e+00, 9.588033e-01, 9.543411e-01
2.757813e+00, 9.409864e-01, 9.454426e-01
2.773438e+00, 9.410084e-01, 9.365174e-01
2.789063e+00, 9.230873e-01, 9.275677e-01
2.804688e+00, 9.231111e-01, 9.185959e-01
2.820313e+00, 9.051042e-01, 9.096043e-01
2.835938e+00, 9.051301e-01, 9.005952e-01
2.851563e+00, 8.870555e-01, 8.915709e-01
2.867188e+00, 8.870835e-01, 8.825335e-01
2.882813e+00, 8.689592e-01, 8.734854e-01
2.898438e+00, 8.689895e-01, 8.644288e-01
2.914063e+00, 8.508330e-01, 8.553658e-01
2.929688e+00, 8.508658e-01, 8.462986e-01
2.945313e+00, 8.326943e-01, 8.372295e-01
2.960938e+00, 8.327298e-01, 8.281605e-01
2.976563e+00, 8.145602e-01, 8.190937e-01
2.992188e+00, 8.145985e-01, 8.100312e-01
3.007813e+00, 7.964474e-01, 8.009752e-01
3.023438e+00, 7.964888e-01, 7.919275e-01
3.039063e+00, 7.783721e-01, 7.828903e-01
3.054688e+00, 7.784168e-01, 7.738655e-01
3.070313e+00, 7.603503e-01, 7.648551e-01
3.085938e+00, 7.603985e-01, 7.558610e-01
3.101563e+00, 7.423973e-01, 7.468851e-01
3.117188e+00, 7.424493e-01, 7.379293e-01
3.132813e+00, 7.245282e-01, 7.289954e-01
3.148438e+00, 7.245842e-01, 7.200853e-01
3.164063e+00, 7.067574e-01, 7.112007e-01
3.179688e+00, 7.068178e-01, 7.023434e-01
3.195313e+00, 6.890989e-01, 6.935150e-01
3.210938e+00, 6.891640e-01, 6.847174e-01
3.226563e+00, 6.715663e-01, 6.759521e-01
3.242188e+00, 6.716363e-01, 6.672208e-01
3.257813e+00, 6.541726e-01, 6.585250e-01
3.273438e+00, 6.542479e-01, 6.498664e-01
3.289063e+00, 6.369303e-01, 6.412465e-01
3.304688e+00, 6.370112e-01, 6.326666e-01
3.320313e+00, 6.198512e-01, 6.241284e-01
3.335938e+00, 6.199382e-01, 6.156333e-01
3.351563e+00, 6.029467e-01, 6.071825e-01
3.367188e+00, 6.030402e-01, 5.987775e-01
3.382813e+00, 5.862278e-01, 5.904197e-01
3.398438e+00, 5.863281e-01, 5.821102e-01
3.414063e+00, 5.697047e-01, 5.738504e-01
3.429688e+00, 5.698123e-01, 5.656414e-01
3.445313e+00, 5.533871e-01, 5.574844e-01
3.460938e+00, 5.535025e-01, 5.493807e-01
3.476563e+00, 5.372842e-01, 5.413313e-01
3.492188e+00, 5.374079e-01, 5.333372e-01
3.507813e+00, 5.214045e-01, 5.253995e-01
3.523438e+00, 5.215371e-01, 5.175193e-01
3.539063e+00, 5.057562e-01, 5.096975e-01
3.554688e+00, 5.058982e-01, 5.019350e-01
3.570313e+00, 4.903467e-01, 4.942327e-01
3.585938e+00, 4.904987e-01, 4.865916e-01
3.601563e+00, 4.751830e-01, 4.790123e-01
3.617188e+00, 4.753455e-01, 4.714959e-01
3.632813e+00, 4.602713e-01, 4.640429e-01
3.648438e+00, 4.604451e-01, 4.566541e-01
3.664063e+00, 4.456176e-01, 4.493303e-01
3.679688e+00, 4.458033e-01, 4.420720e-01
3.695313e+00, 4.312271e-01, 4.348800e-01
3.710938e+00, 4.314254e-01, 4.277547e-01
3.726563e+00, 4.171046e-01, 4.206969e-01
3.742188e+00, 4.173163e-01, 4.137069e-01
3.757813e+00, 4.032542e-01, 4.067853e-01
3.773438e+00, 4.034801e-01, 3.999326e-01
3.789063e+00, 3.896797e-01, 3.931492e-01
3.804688e+00, 3.899206e-01, 3.864355e-01
3.820313e+00, 3.763844e-01, 3.797918e-01
3.835938e+00, 3.766411e-01, 3.732186e-01
3.851563e+00, 3.633708e-01, 3.667161e-01
3.867188e+00, 3.636442e-01, 3.602846e-01
3.882813e+00, 3.506412e-01, 3.539243e-01
3.898438e+00, 3.509324e-01, 3.476355e-01
3.914063e+00, 3.381973e-01, 3.414183e-01
3.929688e+00, 3.385072e-01, 3.352730e-01
3.945313e+00, 3.260405e-01, 3.291997e-01
3.960938e+00, 3.263702e-01, 3.231984e-01
3.976563e+00, 3.141717e-01, 3.172692e-01
3.992188e+00, 3.145221e-01, 3.114123e-01
4.007813e+00, 3.025911e-01, 3.056276e-01
4.023438e+00, 3.029634e-01, 2.999151e-01
4.039063e+00, 2.912988e-01, 2.942748e-01
4.054688e+00, 2.916942e-01, 2.887067e-01
4.070313e+00, 2.802945e-01, 2.832107e-01
4.085938e+00, 2.807142e-01, 2.777867e-01
4.101563e+00, 2.695773e-01, 2.724346e-01
4.117188e+00, 2.700225e-01, 2.671542e-01
4.132813e+00, 2.591461e-01, 2.619454e-01
4.148438e+00, 2.596181e-01, 2.568080e-01
4.164063e+00, 2.489993e-01, 2.517417e-01
4.179688e+00, 2.494996e-01, 2.467465e-01
4.195313e+00, 2.391352e-01, 2.418219e-01
4.210938e+00, 2.396652e-01, 2.369678e-01
4.226563e+00, 2.295516e-01, 2.321838e-01
4.242188e+00, 2.301126e-01, 2.274697e-01
4.257813e+00, 2.202461e-01, 2.228251e-01
4.273438e+00, 2.208397e-01, 2.182497e-01
4.289063e+00, 2.112158e-01, 2.137432e-01
4.304688e+00, 2.118435e-01, 2.093051e-01
4.320313e+00, 2.024578e-01, 2.049351e-01
4.335938e+00, 2.031213e-01, 2.006327e-01
4.351563e+00, 1.939687e-01, 1.963976e-01
4.367188e+00, 1.946697e-01, 1.922292e-01
4.382813e+00, 1.857452e-01, 1.881273e-01
4.398438e+00, 1.864853e-01, 1.840912e-01
4.414063e+00, 1.777834e-01, 1.801205e-01
4.429688e+00, 1.785644e-01, 1.762148e-01
4.445313e+00, 1.700794e-01, 1.723735e-01
4.460938e+00, 1.709032e-01, 1.685961e-01
4.476563e+00, 1.626291e-01, 1.648821e-01
4.492188e+00, 1.634976e-01, 1.612310e-01
4.507813e+00, 1.554283e-01, 1.576422e-01
4.523438e+00, 1.563433e-01, 1.541152e-01
4.539063e+00, 1.484724e-01, 1.506493e-01
4.554688e+00, 1.494360e-01, 1.472441e-01
4.570313e+00, 1.417568e-01, 1.438989e-01
4.585938e+00, 1.427710e-01, 1.406132e-01
4.601563e+00, 1.352769e-01, 1.373863e-01
4.617188e+00, 1.363438e-01, 1.342178e-01
4.632813e+00, 1.290278e-01, 1.311068e-01
4.648438e+00, 1.301495e-01, 1.280530e-01
4.664063e+00, 1.230046e-01, 1.250555e-01
4.679688e+00, 1.241833e-01, 1.221138e-01
4.695313e+00, 1.172022e-01, 1.192274e-01
4.710938e+00, 1.184401e-01, 1.163954e-01
4.726563e+00, 1.116156e-01, 1.136174e-01
4.742188e+00, 1.129150e-01, 1.108926e-01
4.757813e+00, 1.062396e-01, 1.082204e-01
4.773438e+00, 1.076028e-01, 1.056002e-01
4.789063e+00, 1.010690e-01, 1.030313e-01
4.804688e+00, 1.024983e-01, 1.005131e-01
4.820313e+00, 9.609856e-02, 9.804487e-02
4.835938e+00, 9.759649e-02, 9.562602e-02
4.851563e+00, 9.132303e-02, 9.325586e-02
4.867188e+00, 9.289198e-02, 9.093375e-02
4.882813e+00, 8.673715e-02, 8.865902e-02
4.898438e+00, 8.837958e-02, 8.643102e-02
4.914063e+00, 8.233564e-02, 8.424910e-02
4.929688e+00, 8.405406e-02, 8.211260e-02
4.945313e+00, 7.811323e-02, 8.002085e-02
4.960938e+00, 7.991017e-02, 7.797321e-02
4.976563e+00, 7.406467e-02, 7.596903e-02
4.992188e+00, 7.594269e-02, 7.400764e-02
5.000000e+00, 7.304280e-02, 7.304280e-02


