#At time: 0.000000e+00, nsteps= 0


0.000000e+00, 0.000000e+00, 0.000000e+00
7.812500e-03, 0.000000e+00, 0.000000e+00
2.343750e-02, 0.000000e+00, 0.000000e+00
3.906250e-02, 0.000000e+00, 0.000000e+00
5.468750e-02, 0.000000e+00, 0.000000e+00
7.031250e-02, 0.000000e+00, 0.000000e+00
8.593750e-02, 0.000000e+00, 0.000000e+00
1.015625e-01, 0.000000e+00, 0.000000e+00
1.171875e-01, 0.000000e+00, 0.000000e+00
1.328125e-01, 0.000000e+00, 0.000000e+00
1.484375e-01, 0.000000e+00, 0.000000e+00
1.640625e-01, 0.000000e+00, 0.000000e+00
1.796875e-01, 0.000000e+00, 0.000000e+00
1.953125e-01, 0.000000e+00, 0.000000e+00
2.109375e-01, 0.000000e+00, 0.000000e+00
2.265625e-01, 0.000000e+00, 0.000000e+00
2.421875e-01, 0.000000e+00, 0.000000e+00
2.578125e-01, 0.000000e+00, 0.000000e+00
2.734375e-01, 0.000000e+00, 0.000000e+00
2.890625e-01, 0.000000e+00, 0.000000e+00
3.046875e-01, 0.000000e+00, 0.000000e+00
3.203125e-01, 0.000000e+00, 0.000000e+00
3.359375e-01, 0.000000e+00, 0.000000e+00
3.515625e-01, 0.000000e+00, 0.000000e+00
3.671875e-01, 0.000000e+00, 0.000000e+00
3.828125e-01, 0.000000e+00, 0.000000e+00
3.984375e-01, 0.000000e+00, 0.000000e+00
4.140625e-01, 0.000000e+00, 0.000000e+00
4.296875e-01, 0.000000e+00, 0.000000e+00
4.453125e-01, 0.000000e+00, 0.000000e+00
4.609375e-01, 0.000000e+00, 0.000000e+00
4.765625e-01, 0.000000e+00, 0.000000e+00
4.921875e-01, 0.000000e+00, 0.000000e+00
5.078125e-01, 0.000000e+00, 0.000000e+00
5.234375e-01, 0.000000e+00, 0.000000e+00
5.390625e-01, 0.000000e+00, 0.000000e+00
5.546875e-01, 0.000000e+00, 0.000000e+00
5.703125e-01, 0.000000e+00, 0.000000e+00
5.859375e-01, 0.000000e+00, 0.000000e+00
6.015625e-01, 0.000000e+00, 0.000000e+00
6.171875e-01, 0.000000e+00, 0.000000e+00
6.328125e-01, 0.000000e+00, 0.000000e+00
6.484375e-01, 0.000000e+00, 0.000000e+00
6.640625e-01, 0.000000e+00, 0.000000e+00
6.796875e-01, 0.000000e+00, 0.000000e+00
6.953125e-01, 0.000000e+00, 0.000000e+00
7.109375e-01, 0.000000e+00, 0.000000e+00
7.265625e-01, 0.000000e+00, 0.000000e+00
7.421875e-01, 0.000000e+00, 0.000000e+00
7.578125e-01, 0.000000e+00, 0.000000e+00
7.734375e-01, 0.000000e+00, 0.000000e+00
7.890625e-01, 0.000000e+00, 0.000000e+00
8.046875e-01, 0.000000e+00, 0.000000e+00
8.203125e-01, 0.000000e+00, 0.000000e+00
8.359375e-01, 0.000000e+00, 0.000000e+00
8.515625e-01, 0.000000e+00, 0.000000e+00
8.671875e-01, 0.000000e+00, 0.000000e+00
8.828125e-01, 0.000000e+00, 0.000000e+00
8.984375e-01, 0.000000e+00, 0.000000e+00
9.140625e-01, 0.000000e+00, 0.000000e+00
9.296875e-01, 0.000000e+00, 0.000000e+00
9.453125e-01, 0.000000e+00, 0.000000e+00
9.609375e-01, 0.000000e+00, 0.000000e+00
9.765625e-01, 0.000000e+00, 0.000000e+00
9.921875e-01, 0.000000e+00, 0.000000e+00
1.007813e+00, 5.000000e+00, 5.000000e+00
1.023438e+00, 5.000000e+00, 5.000000e+00
1.039063e+00, 5.000000e+00, 5.000000e+00
1.054688e+00, 5.000000e+00, 5.000000e+00
1.070313e+00, 5.000000e+00, 5.000000e+00
1.085938e+00, 5.000000e+00, 5.000000e+00
1.101563e+00, 5.000000e+00, 5.000000e+00
1.117188e+00, 5.000000e+00, 5.000000e+00
1.132813e+00, 5.000000e+00, 5.000000e+00
1.148438e+00, 5.000000e+00, 5.000000e+00
1.164063e+00, 5.000000e+00, 5.000000e+00
1.179688e+00, 5.000000e+00, 5.000000e+00
1.195313e+00, 5.000000e+00, 5.000000e+00
1.210938e+00, 5.000000e+00, 5.000000e+00
1.226563e+00, 5.000000e+00, 5.000000e+00
1.242188e+00, 5.000000e+00, 5.000000e+00
1.257813e+00, 5.000000e+00, 5.000000e+00
1.273438e+00, 5.000000e+00, 5.000000e+00
1.289063e+00, 5.000000e+00, 5.000000e+00
1.304688e+00, 5.000000e+00, 5.000000e+00
1.320313e+00, 5.000000e+00, 5.000000e+00
1.335938e+00, 5.000000e+00, 5.000000e+00
1.351563e+00, 5.000000e+00, 5.000000e+00
1.367188e+00, 5.000000e+00, 5.000000e+00
1.382813e+00, 5.000000e+00, 5.000000e+00
1.398438e+00, 5.000000e+00, 5.000000e+00
1.414063e+00, 5.000000e+00, 5.000000e+00
1.429688e+00, 5.000000e+00, 5.000000e+00
1.445313e+00, 5.000000e+00, 5.000000e+00
1.460938e+00, 5.000000e+00, 5.000000e+00
1.476563e+00, 5.000000e+00, 5.000000e+00
1.492188e+00, 5.000000e+00, 5.000000e+00
1.507813e+00, 5.000000e+00, 5.000000e+00
1.523438e+00, 5.000000e+00, 5.000000e+00
1.539063e+00, 5.000000e+00, 5.000000e+00
1.554688e+00, 5.000000e+00, 5.000000e+00
1.570313e+00, 5.000000e+00, 5.000000e+00
1.585938e+00, 5.000000e+00, 5.000000e+00
1.601563e+00, 5.000000e+00, 5.000000e+00
1.617188e+00, 5.000000e+00, 5.000000e+00
1.632813e+00, 5.000000e+00, 5.000000e+00
1.648438e+00, 5.000000e+00, 5.000000e+00
1.664063e+00, 5.000000e+00, 5.000000e+00
1.679688e+00, 5.000000e+00, 5.000000e+00
1.695313e+00, 5.000000e+00, 5.000000e+00
1.710938e+00, 5.000000e+00, 5.000000e+00
1.726563e+00, 5.000000e+00, 5.000000e+00
1.742188e+00, 5.000000e+00, 5.000000e+00
1.757813e+00, 5.000000e+00, 5.000000e+00
1.773438e+00, 5.000000e+00, 5.000000e+00
1.789063e+00, 5.000000e+00, 5.000000e+00
1.804688e+00, 5.000000e+00, 5.000000e+00
1.820313e+00, 5.000000e+00, 5.000000e+00
1.835938e+00, 5.000000e+00, 5.000000e+00
1.851563e+00, 5.000000e+00, 5.000000e+00
1.867188e+00, 5.000000e+00, 5.000000e+00
1.882813e+00, 5.000000e+00, 5.000000e+00
1.898438e+00, 5.000000e+00, 5.000000e+00
1.914063e+00, 5.000000e+00, 5.000000e+00
1.929688e+00, 5.000000e+00, 5.000000e+00
1.945313e+00, 5.000000e+00, 5.000000e+00
1.960938e+00, 5.000000e+00, 5.000000e+00
1.976563e+00, 5.000000e+00, 5.000000e+00
1.992188e+00, 5.000000e+00, 5.000000e+00
2.007813e+00, 0.000000e+00, 0.000000e+00
2.023438e+00, 0.000000e+00, 0.000000e+00
2.039063e+00, 0.000000e+00, 0.000000e+00
2.054688e+00, 0.000000e+00, 0.000000e+00
2.070313e+00, 0.000000e+00, 0.000000e+00
2.085938e+00, 0.000000e+00, 0.000000e+00
2.101563e+00, 0.000000e+00, 0.000000e+00
2.117188e+00, 0.000000e+00, 0.000000e+00
2.132813e+00, 0.000000e+00, 0.000000e+00
2.148438e+00, 0.000000e+00, 0.000000e+00
2.164063e+00, 0.000000e+00, 0.000000e+00
2.179688e+00, 0.000000e+00, 0.000000e+00
2.195313e+00, 0.000000e+00, 0.000000e+00
2.210938e+00, 0.000000e+00, 0.000000e+00
2.226563e+00, 0.000000e+00, 0.000000e+00
2.242188e+00, 0.000000e+00, 0.000000e+00
2.257813e+00, 0.000000e+00, 0.000000e+00
2.273438e+00, 0.000000e+00, 0.000000e+00
2.289063e+00, 0.000000e+00, 0.000000e+00
2.304688e+00, 0.000000e+00, 0.000000e+00
2.320313e+00, 0.000000e+00, 0.000000e+00
2.335938e+00, 0.000000e+00, 0.000000e+00
2.351563e+00, 0.000000e+00, 0.000000e+00
2.367188e+00, 0.000000e+00, 0.000000e+00
2.382813e+00, 0.000000e+00, 0.000000e+00
2.398438e+00, 0.000000e+00, 0.000000e+00
2.414063e+00, 0.000000e+00, 0.000000e+00
2.429688e+00, 0.000000e+00, 0.000000e+00
2.445313e+00, 0.000000e+00, 0.000000e+00
2.460938e+00, 0.000000e+00, 0.000000e+00
2.476563e+00, 0.000000e+00, 0.000000e+00
2.492188e+00, 0.000000e+00, 0.000000e+00
2.507813e+00, 0.000000e+00, 0.000000e+00
2.523438e+00, 0.000000e+00, 0.000000e+00
2.539063e+00, 0.000000e+00, 0.000000e+00
2.554688e+00, 0.000000e+00, 0.000000e+00
2.570313e+00, 0.000000e+00, 0.000000e+00
2.585938e+00, 0.000000e+00, 0.000000e+00
2.601563e+00, 0.000000e+00, 0.000000e+00
2.617188e+00, 0.000000e+00, 0.000000e+00
2.632813e+00, 0.000000e+00, 0.000000e+00
2.648438e+00, 0.000000e+00, 0.000000e+00
2.664063e+00, 0.000000e+00, 0.000000e+00
2.679688e+00, 0.000000e+00, 0.000000e+00
2.695313e+00, 0.000000e+00, 0.000000e+00
2.710938e+00, 0.000000e+00, 0.000000e+00
2.726563e+00, 0.000000e+00, 0.000000e+00
2.742188e+00, 0.000000e+00, 0.000000e+00
2.757813e+00, 0.000000e+00, 0.000000e+00
2.773438e+00, 0.000000e+00, 0.000000e+00
2.789063e+00, 0.000000e+00, 0.000000e+00
2.804688e+00, 0.000000e+00, 0.000000e+00
2.820313e+00, 0.000000e+00, 0.000000e+00
2.835938e+00, 0.000000e+00, 0.000000e+00
2.851563e+00, 0.000000e+00, 0.000000e+00
2.867188e+00, 0.000000e+00, 0.000000e+00
2.882813e+00, 0.000000e+00, 0.000000e+00
2.898438e+00, 0.000000e+00, 0.000000e+00
2.914063e+00, 0.000000e+00, 0.000000e+00
2.929688e+00, 0.000000e+00, 0.000000e+00
2.945313e+00, 0.000000e+00, 0.000000e+00
2.960938e+00, 0.000000e+00, 0.000000e+00
2.976563e+00, 0.000000e+00, 0.000000e+00
2.992188e+00, 0.000000e+00, 0.000000e+00
3.007813e+00, 0.000000e+00, 0.000000e+00
3.023438e+00, 0.000000e+00, 0.000000e+00
3.039063e+00, 0.000000e+00, 0.000000e+00
3.054688e+00, 0.000000e+00, 0.000000e+00
3.070313e+00, 0.000000e+00, 0.000000e+00
3.085938e+00, 0.000000e+00, 0.000000e+00
3.101563e+00, 0.000000e+00, 0.000000e+00
3.117188e+00, 0.000000e+00, 0.000000e+00
3.132813e+00, 0.000000e+00, 0.000000e+00
3.148438e+00, 0.000000e+00, 0.000000e+00
3.164063e+00, 0.000000e+00, 0.000000e+00
3.179688e+00, 0.000000e+00, 0.000000e+00
3.195313e+00, 0.000000e+00, 0.000000e+00
3.210938e+00, 0.000000e+00, 0.000000e+00
3.226563e+00, 0.000000e+00, 0.000000e+00
3.242188e+00, 0.000000e+00, 0.000000e+00
3.257813e+00, 0.000000e+00, 0.000000e+00
3.273438e+00, 0.000000e+00, 0.000000e+00
3.289063e+00, 0.000000e+00, 0.000000e+00
3.304688e+00, 0.000000e+00, 0.000000e+00
3.320313e+00, 0.000000e+00, 0.000000e+00
3.335938e+00, 0.000000e+00, 0.000000e+00
3.351563e+00, 0.000000e+00, 0.000000e+00
3.367188e+00, 0.000000e+00, 0.000000e+00
3.382813e+00, 0.000000e+00, 0.000000e+00
3.398438e+00, 0.000000e+00, 0.000000e+00
3.414063e+00, 0.000000e+00, 0.000000e+00
3.429688e+00, 0.000000e+00, 0.000000e+00
3.445313e+00, 0.000000e+00, 0.000000e+00
3.460938e+00, 0.000000e+00, 0.000000e+00
3.476563e+00, 0.000000e+00, 0.000000e+00
3.492188e+00, 0.000000e+00, 0.000000e+00
3.507813e+00, 0.000000e+00, 0.000000e+00
3.523438e+00, 0.000000e+00, 0.000000e+00
3.539063e+00, 0.000000e+00, 0.000000e+00
3.554688e+00, 0.000000e+00, 0.000000e+00
3.570313e+00, 0.000000e+00, 0.000000e+00
3.585938e+00, 0.000000e+00, 0.000000e+00
3.601563e+00, 0.000000e+00, 0.000000e+00
3.617188e+00, 0.000000e+00, 0.000000e+00
3.632813e+00, 0.000000e+00, 0.000000e+00
3.648438e+00, 0.000000e+00, 0.000000e+00
3.664063e+00, 0.000000e+00, 0.000000e+00
3.679688e+00, 0.000000e+00, 0.000000e+00
3.695313e+00, 0.000000e+00, 0.000000e+00
3.710938e+00, 0.000000e+00, 0.000000e+00
3.726563e+00, 0.000000e+00, 0.000000e+00
3.742188e+00, 0.000000e+00, 0.000000e+00
3.757813e+00, 0.000000e+00, 0.000000e+00
3.773438e+00, 0.000000e+00, 0.000000e+00
3.789063e+00, 0.000000e+00, 0.000000e+00
3.804688e+00, 0.000000e+00, 0.000000e+00
3.820313e+00, 0.000000e+00, 0.000000e+00
3.835938e+00, 0.000000e+00, 0.000000e+00
3.851563e+00, 0.000000e+00, 0.000000e+00
3.867188e+00, 0.000000e+00, 0.000000e+00
3.882813e+00, 0.000000e+00, 0.000000e+00
3.898438e+00, 0.000000e+00, 0.000000e+00
3.914063e+00, 0.000000e+00, 0.000000e+00
3.929688e+00, 0.000000e+00, 0.000000e+00
3.945313e+00, 0.000000e+00, 0.000000e+00
3.960938e+00, 0.000000e+00, 0.000000e+00
3.976563e+00, 0.000000e+00, 0.000000e+00
3.992188e+00, 0.000000e+00, 0.000000e+00
4.007813e+00, 0.000000e+00, 0.000000e+00
4.023438e+00, 0.000000e+00, 0.000000e+00
4.039063e+00, 0.000000e+00, 0.000000e+00
4.054688e+00, 0.000000e+00, 0.000000e+00
4.070313e+00, 0.000000e+00, 0.000000e+00
4.085938e+00, 0.000000e+00, 0.000000e+00
4.101563e+00, 0.000000e+00, 0.000000e+00
4.117188e+00, 0.000000e+00, 0.000000e+00
4.132813e+00, 0.000000e+00, 0.000000e+00
4.148438e+00, 0.000000e+00, 0.000000e+00
4.164063e+00, 0.000000e+00, 0.000000e+00
4.179688e+00, 0.000000e+00, 0.000000e+00
4.195313e+00, 0.000000e+00, 0.000000e+00
4.210938e+00, 0.000000e+00, 0.000000e+00
4.226563e+00, 0.000000e+00, 0.000000e+00
4.242188e+00, 0.000000e+00, 0.000000e+00
4.257813e+00, 0.000000e+00, 0.000000e+00
4.273438e+00, 0.000000e+00, 0.000000e+00
4.289063e+00, 0.000000e+00, 0.000000e+00
4.304688e+00, 0.000000e+00, 0.000000e+00
4.320313e+00, 0.000000e+00, 0.000000e+00
4.335938e+00, 0.000000e+00, 0.000000e+00
4.351563e+00, 0.000000e+00, 0.000000e+00
4.367188e+00, 0.000000e+00, 0.000000e+00
4.382813e+00, 0.000000e+00, 0.000000e+00
4.398438e+00, 0.000000e+00, 0.000000e+00
4.414063e+00, 0.000000e+00, 0.000000e+00
4.429688e+00, 0.000000e+00, 0.000000e+00
4.445313e+00, 0.000000e+00, 0.000000e+00
4.460938e+00, 0.000000e+00, 0.000000e+00
4.476563e+00, 0.000000e+00, 0.000000e+00
4.492188e+00, 0.000000e+00, 0.000000e+00
4.507813e+00, 0.000000e+00, 0.000000e+00
4.523438e+00, 0.000000e+00, 0.000000e+00
4.539063e+00, 0.000000e+00, 0.000000e+00
4.554688e+00, 0.000000e+00, 0.000000e+00
4.570313e+00, 0.000000e+00, 0.000000e+00
4.585938e+00, 0.000000e+00, 0.000000e+00
4.601563e+00, 0.000000e+00, 0.000000e+00
4.617188e+00, 0.000000e+00, 0.000000e+00
4.632813e+00, 0.000000e+00, 0.000000e+00
4.648438e+00, 0.000000e+00, 0.000000e+00
4.664063e+00, 0.000000e+00, 0.000000e+00
4.679688e+00, 0.000000e+00, 0.000000e+00
4.695313e+00, 0.000000e+00, 0.000000e+00
4.710938e+00, 0.000000e+00, 0.000000e+00
4.726563e+00, 0.000000e+00, 0.000000e+00
4.742188e+00, 0.000000e+00, 0.000000e+00
4.757813e+00, 0.000000e+00, 0.000000e+00
4.773438e+00, 0.000000e+00, 0.000000e+00
4.789063e+00, 0.000000e+00, 0.000000e+00
4.804688e+00, 0.000000e+00, 0.000000e+00
4.820313e+00, 0.000000e+00, 0.000000e+00
4.835938e+00, 0.000000e+00, 0.000000e+00
4.851563e+00, 0.000000e+00, 0.000000e+00
4.867188e+00, 0.000000e+00, 0.000000e+00
4.882813e+00, 0.000000e+00, 0.000000e+00
4.898438e+00, 0.000000e+00, 0.000000e+00
4.914063e+00, 0.000000e+00, 0.000000e+00
4.929688e+00, 0.000000e+00, 0.000000e+00
4.945313e+00, 0.000000e+00, 0.000000e+00
4.960938e+00, 0.000000e+00, 0.000000e+00
4.976563e+00, 0.000000e+00, 0.000000e+00
4.992188e+00, 0.000000e+00, 0.000000e+00
5.000000e+00, 0.000000e+00, 0.000000e+00


#At time: 2.502264e+01, nsteps= 221


0.000000e+00, 5.720971e-08, 5.720971e-08
7.812500e-03, 7.085205e-08, 6.990957e-08
2.343750e-02, 1.030918e-07, 1.040220e-07
3.906250e-02, 1.510871e-07, 1.540474e-07
5.468750e-02, 2.218890e-07, 2.270520e-07
7.031250e-02, 3.255504e-07, 3.330733e-07
8.593750e-02, 4.763251e-07, 4.862941e-07
1.015625e-01, 6.943105e-07, 7.066499e-07
1.171875e-01, 1.007686e-06, 1.022015e-06
1.328125e-01, 1.455739e-06, 1.471158e-06
1.484375e-01, 2.092946e-06, 2.107716e-06
1.640625e-01, 2.994414e-06, 3.005504e-06
1.796875e-01, 4.263122e-06, 4.265564e-06
1.953125e-01, 6.039481e-06, 6.025478e-06
2.109375e-01, 8.513869e-06, 8.471575e-06
2.265625e-01, 1.194298e-05, 1.185486e-05
2.421875e-01, 1.667098e-05, 1.651162e-05
2.578125e-01, 2.315680e-05, 2.289005e-05
2.734375e-01, 3.200888e-05, 3.158414e-05
2.890625e-01, 4.402946e-05, 4.337696e-05
3.046875e-01, 6.027038e-05, 5.929511e-05
3.203125e-01, 8.210291e-05, 8.067722e-05
3.359375e-01, 1.113048e-04, 1.092591e-04
3.515625e-01, 1.501677e-04, 1.472791e-04
3.671875e-01, 2.016289e-04, 1.976078e-04
3.828125e-01, 2.694322e-04, 2.639062e-04
3.984375e-01, 3.583217e-04, 3.508165e-04
4.140625e-01, 4.742750e-04, 4.641927e-04
4.296875e-01, 6.247805e-04, 6.113748e-04
4.453125e-01, 8.191648e-04, 8.015133e-04
4.609375e-01, 1.068977e-03, 1.045951e-03
4.765625e-01, 1.388434e-03, 1.358664e-03
4.921875e-01, 1.794935e-03, 1.756779e-03
5.078125e-01, 2.309647e-03, 2.261153e-03
5.234375e-01, 2.958164e-03, 2.897039e-03
5.390625e-01, 3.771252e-03, 3.694826e-03
5.546875e-01, 4.785669e-03, 4.690868e-03
5.703125e-01, 6.045055e-03, 5.928383e-03
5.859375e-01, 7.600907e-03, 7.458432e-03
6.015625e-01, 9.513608e-03, 9.340965e-03
6.171875e-01, 1.185351e-02, 1.164592e-02
6.328125e-01, 1.470205e-02, 1.445435e-02
6.484375e-01, 1.815289e-02, 1.785958e-02
6.640625e-01, 2.231298e-02, 2.196836e-02
6.796875e-01, 2.730371e-02, 2.690193e-02
6.953125e-01, 3.326178e-02, 3.279704e-02
7.109375e-01, 4.034015e-02, 3.980682e-02
7.265625e-01, 4.870860e-02, 4.810148e-02
7.421875e-01, 5.855429e-02, 5.786881e-02
7.578125e-01, 7.008179e-02, 6.931432e-02
7.734375e-01, 8.351301e-02, 8.266110e-02
7.890625e-01, 9.908657e-02, 9.814926e-02
8.046875e-01, 1.170568e-01, 1.160349e-01
8.203125e-01, 1.376922e-01, 1.365888e-01
8.359375e-01, 1.612736e-01, 1.600940e-01
8.515625e-01, 1.880913e-01, 1.868435e-01
8.671875e-01, 2.184422e-01, 2.171371e-01
8.828125e-01, 2.526260e-01, 2.512774e-01
8.984375e-01, 2.909408e-01, 2.895658e-01
9.140625e-01, 3.336789e-01, 3.322972e-01
9.296875e-01, 3.811209e-01, 3.797554e-01
9.453125e-01, 4.335306e-01, 4.322067e-01
9.609375e-01, 4.911490e-01, 4.898945e-01
9.765625e-01, 5.541885e-01, 5.530330e-01
9.921875e-01, 6.228268e-01, 6.218010e-01
1.007813e+00, 6.972009e-01, 6.963360e-01
1.023438e+00, 7.774018e-01, 7.767288e-01
1.039063e+00, 8.634691e-01, 8.630179e-01
1.054688e+00, 9.553869e-01, 9.551852e-01
1.070313e+00, 1.053080e+00, 1.053152e+00
1.085938e+00, 1.156409e+00, 1.156777e+00
1.101563e+00, 1.265175e+00, 1.265854e+00
1.117188e+00, 1.379109e+00, 1.380111e+00
1.132813e+00, 1.497883e+00, 1.499211e+00
1.148438e+00, 1.621104e+00, 1.622757e+00
1.164063e+00, 1.748321e+00, 1.750290e+00
1.179688e+00, 1.879030e+00, 1.881298e+00
1.195313e+00, 2.012677e+00, 2.015222e+00
1.210938e+00, 2.148669e+00, 2.151461e+00
1.226563e+00, 2.286376e+00, 2.289379e+00
1.242188e+00, 2.425144e+00, 2.428319e+00
1.257813e+00, 2.564306e+00, 2.567606e+00
1.273438e+00, 2.703184e+00, 2.706561e+00
1.289063e+00, 2.841107e+00, 2.844510e+00
1.304688e+00, 2.977416e+00, 2.980793e+00
1.320313e+00, 3.111473e+00, 3.114773e+00
1.335938e+00, 3.242673e+00, 3.245847e+00
1.351563e+00, 3.370450e+00, 3.373451e+00
1.367188e+00, 3.494283e+00, 3.497069e+00
1.382813e+00, 3.613705e+00, 3.616239e+00
1.398438e+00, 3.728303e+00, 3.730554e+00
1.414063e+00, 3.837729e+00, 3.839672e+00
1.429688e+00, 3.941693e+00, 3.943311e+00
1.445313e+00, 4.039971e+00, 4.041255e+00
1.460938e+00, 4.132402e+00, 4.133347e+00
1.476563e+00, 4.218882e+00, 4.219494e+00
1.492188e+00, 4.299370e+00, 4.299660e+00
1.507813e+00, 4.373874e+00, 4.373859e+00
1.523438e+00, 4.442454e+00, 4.442157e+00
1.539063e+00, 4.505210e+00, 4.504658e+00
1.554688e+00, 4.562280e+00, 4.561505e+00
1.570313e+00, 4.613831e+00, 4.612867e+00
1.585938e+00, 4.660053e+00, 4.658937e+00
1.601563e+00, 4.701150e+00, 4.699919e+00
1.617188e+00, 4.737335e+00, 4.736027e+00
1.632813e+00, 4.768824e+00, 4.767475e+00
1.648438e+00, 4.795824e+00, 4.794470e+00
1.664063e+00, 4.818534e+00, 4.817209e+00
1.679688e+00, 4.837135e+00, 4.835871e+00
1.695313e+00, 4.851786e+00, 4.850611e+00
1.710938e+00, 4.862621e+00, 4.861561e+00
1.726563e+00, 4.869745e+00, 4.868820e+00
1.742188e+00, 4.873230e+00, 4.872458e+00
1.757813e+00, 4.873115e+00, 4.872510e+00
1.773438e+00, 4.869405e+00, 4.868976e+00
1.789063e+00, 4.862069e+00, 4.861822e+00
1.804688e+00, 4.851045e+00, 4.850981e+00
1.820313e+00, 4.836236e+00, 4.836353e+00
1.835938e+00, 4.817517e+00, 4.817807e+00
1.851563e+00, 4.794737e+00, 4.795188e+00
1.867188e+00, 4.767721e+00, 4.768319e+00
1.882813e+00, 4.736278e+00, 4.737003e+00
1.898438e+00, 4.700204e+00, 4.701033e+00
1.914063e+00, 4.659288e+00, 4.660195e+00
1.929688e+00, 4.613321e+00, 4.614276e+00
1.945313e+00, 4.562098e+00, 4.563070e+00
1.960938e+00, 4.505430e+00, 4.506385e+00
1.976563e+00, 4.443147e+00, 4.444049e+00
1.992188e+00, 4.375109e+00, 4.375921e+00
2.007813e+00, 4.301207e+00, 4.301894e+00
2.023438e+00, 4.221377e+00, 4.221902e+00
2.039063e+00, 4.135599e+00, 4.135928e+00
2.054688e+00, 4.043905e+00, 4.044007e+00
2.070313e+00, 3.946385e+00, 3.946231e+00
2.085938e+00, 3.843188e+00, 3.842754e+00
2.101563e+00, 3.734524e+00, 3.733792e+00
2.117188e+00, 3.620666e+00, 3.619622e+00
2.132813e+00, 3.501950e+00, 3.500588e+00
2.148438e+00, 3.378772e+00, 3.377093e+00
2.164063e+00, 3.251587e+00, 3.249597e+00
2.179688e+00, 3.120901e+00, 3.118616e+00
2.195313e+00, 2.987269e+00, 2.984712e+00
2.210938e+00, 2.851289e+00, 2.848487e+00
2.226563e+00, 2.713588e+00, 2.710577e+00
2.242188e+00, 2.574822e+00, 2.571641e+00
2.257813e+00, 2.435659e+00, 2.432355e+00
2.273438e+00, 2.296775e+00, 2.293396e+00
2.289063e+00, 2.158843e+00, 2.155438e+00
2.304688e+00, 2.022520e+00, 2.019142e+00
2.320313e+00, 1.888442e+00, 1.885142e+00
2.335938e+00, 1.757213e+00, 1.754041e+00
2.351563e+00, 1.629398e+00, 1.626399e+00
2.367188e+00, 1.505514e+00, 1.502732e+00
2.382813e+00, 1.386025e+00, 1.383497e+00
2.398438e+00, 1.271338e+00, 1.269094e+00
2.414063e+00, 1.161797e+00, 1.159863e+00
2.429688e+00, 1.057682e+00, 1.056077e+00
2.445313e+00, 9.592093e-01, 9.579437e-01
2.460938e+00, 8.665294e-01, 8.656069e-01
2.476563e+00, 7.797293e-01, 7.791469e-01
2.492188e+00, 6.988352e-01, 6.985835e-01
2.507813e+00, 6.238162e-01, 6.238797e-01
2.523438e+00, 5.545881e-01, 5.549463e-01
2.539063e+00, 4.910190e-01, 4.916469e-01
2.554688e+00, 4.329346e-01, 4.338040e-01
2.570313e+00, 3.801241e-01, 3.812042e-01
2.585938e+00, 3.323466e-01, 3.336049e-01
2.601563e+00, 2.893367e-01, 2.907404e-01
2.617188e+00, 2.508113e-01, 2.523274e-01
2.632813e+00, 2.164744e-01, 2.180711e-01
2.648438e+00, 1.860234e-01, 1.876703e-01
2.664063e+00, 1.591532e-01, 1.608223e-01
2.679688e+00, 1.355615e-01, 1.372272e-01
2.695313e+00, 1.149521e-01, 1.165918e-01
2.710938e+00, 9.703844e-02, 9.863267e-02
2.726563e+00, 8.154625e-02, 8.307869e-02
2.742188e+00, 6.821578e-02, 6.967331e-02
2.757813e+00, 5.680333e-02, 5.817592e-02
2.773438e+00, 4.708242e-02, 4.836292e-02
2.789063e+00, 3.884434e-02, 4.002830e-02
2.804688e+00, 3.189839e-02, 3.298376e-02
2.820313e+00, 2.607177e-02, 2.705858e-02
2.835938e+00, 2.120905e-02, 2.209914e-02
2.851563e+00, 1.717156e-02, 1.796823e-02
2.867188e+00, 1.383645e-02, 1.454417e-02
2.882813e+00, 1.109571e-02, 1.171982e-02
2.898438e+00, 8.855036e-03, 9.401467e-03
2.914063e+00, 7.032651e-03, 7.507726e-03
2.929688e+00, 5.558155e-03, 5.968349e-03
2.945313e+00, 4.371338e-03, 4.723113e-03
2.960938e+00, 3.421050e-03, 3.720716e-03
2.976563e+00, 2.664130e-03, 2.917724e-03
2.992188e+00, 2.064388e-03, 2.277600e-03
3.007813e+00, 1.591685e-03, 1.769793e-03
3.023438e+00, 1.221073e-03, 1.368911e-03
3.039063e+00, 9.320403e-04, 1.053979e-03
3.054688e+00, 7.078245e-04, 8.077735e-04
3.070313e+00, 5.348151e-04, 6.162324e-04
3.085938e+00, 4.020299e-04, 4.679436e-04
3.101563e+00, 3.006623e-04, 3.536987e-04
3.117188e+00, 2.236942e-04, 2.661101e-04
3.132813e+00, 1.655675e-04, 1.992849e-04
3.148438e+00, 1.219071e-04, 1.485490e-04
3.164063e+00, 8.929056e-05, 1.102161e-04
3.179688e+00, 6.505699e-05, 8.139486e-05
3.195313e+00, 4.715017e-05, 5.983065e-05
3.210938e+00, 3.399086e-05, 4.377465e-05
3.226563e+00, 2.437358e-05, 3.187804e-05
3.242188e+00, 1.738376e-05, 2.310618e-05
3.257813e+00, 1.233173e-05, 1.666979e-05
3.273438e+00, 8.700577e-06, 1.197004e-05
3.289063e+00, 6.105268e-06, 8.555055e-06
3.304688e+00, 4.260711e-06, 6.085683e-06
3.320313e+00, 2.957115e-06, 4.308772e-06
3.335938e+00, 2.041037e-06, 3.036362e-06
3.351563e+00, 1.400935e-06, 2.129648e-06
3.367188e+00, 9.562190e-07, 1.486669e-06
3.382813e+00, 6.490171e-07, 1.032932e-06
3.398438e+00, 4.380279e-07, 7.142959e-07
3.414063e+00, 2.939553e-07, 4.916232e-07
3.429688e+00, 1.961470e-07, 3.367695e-07
3.445313e+00, 1.301337e-07, 2.296032e-07
3.460938e+00, 8.584041e-08, 1.557996e-07
3.476563e+00, 5.629560e-08, 1.052197e-07
3.492188e+00, 3.670487e-08, 7.072422e-08
3.507813e+00, 2.379171e-08, 4.731282e-08
3.523438e+00, 1.533083e-08, 3.150125e-08
3.539063e+00, 9.820407e-09, 2.087438e-08
3.554688e+00, 6.253198e-09, 1.376688e-08
3.570313e+00, 3.957936e-09, 9.036326e-09
3.585938e+00, 2.490084e-09, 5.903126e-09
3.601563e+00, 1.557121e-09, 3.837999e-09
3.617188e+00, 9.677828e-10, 2.483471e-09
3.632813e+00, 5.978120e-10, 1.599352e-09
3.648438e+00, 3.670000e-10, 1.025082e-09
3.664063e+00, 2.239060e-10, 6.538856e-10
3.679688e+00, 1.357520e-10, 4.151191e-10
3.695313e+00, 8.178823e-11, 2.622833e-10
3.710938e+00, 4.896451e-11, 1.649278e-10
3.726563e+00, 2.912730e-11, 1.032149e-10
3.742188e+00, 1.721587e-11, 6.428608e-11
3.757813e+00, 1.010995e-11, 3.984868e-11
3.773438e+00, 5.898491e-12, 2.458284e-11
3.789063e+00, 3.418895e-12, 1.509293e-11
3.804688e+00, 1.968627e-12, 9.222345e-12
3.820313e+00, 1.126041e-12, 5.608292e-12
3.835938e+00, 6.397890e-13, 3.394229e-12
3.851563e+00, 3.610692e-13, 2.044198e-12
3.867188e+00, 2.023922e-13, 1.225409e-12
3.882813e+00, 1.126743e-13, 7.310819e-13
3.898438e+00, 6.229611e-14, 4.340972e-13
3.914063e+00, 3.420420e-14, 2.564615e-13
3.929688e+00, 1.864906e-14, 1.507128e-13
3.945313e+00, 1.009647e-14, 8.826273e-14
3.960938e+00, 5.427407e-15, 5.134781e-14
3.976563e+00, 2.896683e-15, 2.969847e-14
3.992188e+00, 1.534863e-15, 1.720846e-14
4.007813e+00, 8.073689e-16, 9.992007e-15
4.023438e+00, 4.215816e-16, 5.551115e-15
4.039063e+00, 2.185098e-16, 3.330669e-15
4.054688e+00, 1.124118e-16, 1.942890e-15
4.070313e+00, 5.739523e-17, 1.110223e-15
4.085938e+00, 2.908261e-17, 5.551115e-16
4.101563e+00, 1.462360e-17, 2.775558e-16
4.117188e+00, 7.296390e-18, 2.775558e-16
4.132813e+00, 3.612124e-18, 0.000000e+00
4.148438e+00, 1.774131e-18, 0.000000e+00
4.164063e+00, 8.644587e-19, 0.000000e+00
4.179688e+00, 4.178341e-19, 0.000000e+00
4.195313e+00, 2.003225e-19, 0.000000e+00
4.210938e+00, 9.525453e-20, 0.000000e+00
4.226563e+00, 4.491951e-20, 0.000000e+00
4.242188e+00, 2.100583e-20, 0.000000e+00
4.257813e+00, 9.740047e-21, 0.000000e+00
4.273438e+00, 4.477739e-21, 0.000000e+00
4.289063e+00, 2.040760e-21, 0.000000e+00
4.304688e+00, 9.219728e-22, 0.000000e+00
4.320313e+00, 4.128514e-22, 0.000000e+00
4.335938e+00, 1.832206e-22, 0.000000e+00
4.351563e+00, 8.057741e-23, 0.000000e+00
4.367188e+00, 3.511264e-23, 0.000000e+00
4.382813e+00, 1.515919e-23, 0.000000e+00
4.398438e+00, 6.483358e-24, 0.000000e+00
4.414063e+00, 2.746527e-24, 0.000000e+00
4.429688e+00, 1.152322e-24, 0.000000e+00
4.445313e+00, 4.787561e-25, 0.000000e+00
4.460938e+00, 1.969465e-25, 0.000000e+00
4.476563e+00, 8.020784e-26, 0.000000e+00
4.492188e+00, 3.233394e-26, 0.000000e+00
4.507813e+00, 1.290062e-26, 0.000000e+00
4.523438e+00, 5.093397e-27, 0.000000e+00
4.539063e+00, 1.989672e-27, 0.000000e+00
4.554688e+00, 7.688876e-28, 0.000000e+00
4.570313e+00, 2.938859e-28, 0.000000e+00
4.585938e+00, 1.110846e-28, 0.000000e+00
4.601563e+00, 4.151549e-29, 0.000000e+00
4.617188e+00, 1.533792e-29, 0.000000e+00
4.632813e+00, 5.600653e-30, 0.000000e+00
4.648438e+00, 2.020873e-30, 0.000000e+00
4.664063e+00, 7.204042e-31, 0.000000e+00
4.679688e+00, 2.536621e-31, 0.000000e+00
4.695313e+00, 8.820193e-32, 0.000000e+00
4.710938e+00, 3.027894e-32, 0.000000e+00
4.726563e+00, 1.025972e-32, 0.000000e+00
4.742188e+00, 3.430441e-33, 0.000000e+00
4.757813e+00, 1.131532e-33, 0.000000e+00
4.773438e+00, 3.680971e-34, 0.000000e+00
4.789063e+00, 1.180615e-34, 0.000000e+00
4.804688e+00, 3.732232e-35, 0.000000e+00
4.820313e+00, 1.162523e-35, 0.000000e+00
4.835938e+00, 3.566630e-36, 0.000000e+00
4.851563e+00, 1.077409e-36, 0.000000e+00
4.867188e+00, 3.203341e-37, 0.000000e+00
4.882813e+00, 9.370258e-38, 0.000000e+00
4.898438e+00, 2.695508e-38, 0.000000e+00
4.914063e+00, 7.622108e-39, 0.000000e+00
4.929688e+00, 2.117613e-39, 0.000000e+00
4.945313e+00, 5.777255e-40, 0.000000e+00
4.960938e+00, 1.546007e-40, 0.000000e+00
4.976563e+00, 4.011973e-41, 0.000000e+00
4.992188e+00, 8.017309e-42, 0.000000e+00
5.000000e+00, 0.000000e+00, 0.000000e+00


#At time: 5.004529e+01, nsteps= 442


0.000000e+00, 5.272180e-06, 5.272180e-06
7.812500e-03, 6.020915e-06, 5.954155e-06
2.343750e-02, 7.723227e-06, 7.580783e-06
3.906250e-02, 9.860575e-06, 9.629138e-06
5.468750e-02, 1.253934e-05, 1.220228e-05
7.031250e-02, 1.589010e-05, 1.542677e-05
8.593750e-02, 2.007268e-05, 1.945767e-05
1.015625e-01, 2.528214e-05, 2.448436e-05
1.171875e-01, 3.175597e-05, 3.073758e-05
1.328125e-01, 3.978244e-05, 3.849766e-05
1.484375e-01, 4.971057e-05, 4.810425e-05
1.640625e-01, 6.196172e-05, 5.996777e-05
1.796875e-01, 7.704322e-05, 7.458275e-05
1.953125e-01, 9.556418e-05, 9.254349e-05
2.109375e-01, 1.182539e-04, 1.145622e-04
2.265625e-01, 1.459833e-04, 1.414898e-04
2.421875e-01, 1.797892e-04, 1.743407e-04
2.578125e-01, 2.209027e-04, 2.143202e-04
2.734375e-01, 2.707817e-04, 2.628565e-04
2.890625e-01, 3.311471e-04, 3.216376e-04
3.046875e-01, 4.040255e-04, 3.926527e-04
3.203125e-01, 4.917958e-04, 4.782387e-04
3.359375e-01, 5.972430e-04, 5.811344e-04
3.515625e-01, 7.236183e-04, 7.045391e-04
3.671875e-01, 8.747058e-04, 8.521802e-04
3.828125e-01, 1.054897e-03, 1.028387e-03
3.984375e-01, 1.269275e-03, 1.238176e-03
4.140625e-01, 1.523704e-03, 1.487336e-03
4.296875e-01, 1.824931e-03, 1.782538e-03
4.453125e-01, 2.180695e-03, 2.131436e-03
4.609375e-01, 2.599848e-03, 2.542794e-03
4.765625e-01, 3.092481e-03, 3.026611e-03
4.921875e-01, 3.670068e-03, 3.594266e-03
5.078125e-01, 4.345614e-03, 4.258663e-03
5.234375e-01, 5.133810e-03, 5.034395e-03
5.390625e-01, 6.051207e-03, 5.937914e-03
5.546875e-01, 7.116390e-03, 6.987707e-03
5.703125e-01, 8.350162e-03, 8.204483e-03
5.859375e-01, 9.775738e-03, 9.611369e-03
6.015625e-01, 1.141894e-02, 1.123410e-02
6.171875e-01, 1.330838e-02, 1.310124e-02
6.328125e-01, 1.547571e-02, 1.524437e-02
6.484375e-01, 1.795576e-02, 1.769829e-02
6.640625e-01, 2.078678e-02, 2.050121e-02
6.796875e-01, 2.401058e-02, 2.369499e-02
6.953125e-01, 2.767279e-02, 2.732526e-02
7.109375e-01, 3.182293e-02, 3.144163e-02
7.265625e-01, 3.651462e-02, 3.609781e-02
7.421875e-01, 4.180568e-02, 4.135176e-02
7.578125e-01, 4.775824e-02, 4.726580e-02
7.734375e-01, 5.443878e-02, 5.390662e-02
7.890625e-01, 6.191819e-02, 6.134540e-02
8.046875e-01, 7.027171e-02, 6.965771e-02
8.203125e-01, 7.957894e-02, 7.892349e-02
8.359375e-01, 8.992366e-02, 8.922697e-02
8.515625e-01, 1.013937e-01, 1.006565e-01
8.671875e-01, 1.140807e-01, 1.133041e-01
8.828125e-01, 1.280799e-01, 1.272657e-01
8.984375e-01, 1.434896e-01, 1.426401e-01
9.140625e-01, 1.604108e-01, 1.595291e-01
9.296875e-01, 1.789470e-01, 1.780367e-01
9.453125e-01, 1.992030e-01, 1.982686e-01
9.609375e-01, 2.212851e-01, 2.203316e-01
9.765625e-01, 2.452995e-01, 2.443327e-01
9.921875e-01, 2.713522e-01, 2.703787e-01
1.007813e+00, 2.995478e-01, 2.985749e-01
1.023438e+00, 3.299888e-01, 3.290244e-01
1.039063e+00, 3.627745e-01, 3.618271e-01
1.054688e+00, 3.980001e-01, 3.970787e-01
1.070313e+00, 4.357554e-01, 4.348698e-01
1.085938e+00, 4.761244e-01, 4.752845e-01
1.101563e+00, 5.191835e-01, 5.183996e-01
1.117188e+00, 5.650006e-01, 5.642834e-01
1.132813e+00, 6.136345e-01, 6.129945e-01
1.148438e+00, 6.651331e-01, 6.645810e-01
1.164063e+00, 7.195332e-01, 7.190793e-01
1.179688e+00, 7.768588e-01, 7.765133e-01
1.195313e+00, 8.371207e-01, 8.368933e-01
1.210938e+00, 9.003156e-01, 9.002153e-01
1.226563e+00, 9.664254e-01, 9.664603e-01
1.242188e+00, 1.035416e+00, 1.035594e+00
1.257813e+00, 1.107239e+00, 1.107565e+00
1.273438e+00, 1.181827e+00, 1.182307e+00
1.289063e+00, 1.259099e+00, 1.259737e+00
1.304688e+00, 1.338955e+00, 1.339753e+00
1.320313e+00, 1.421281e+00, 1.422240e+00
1.335938e+00, 1.505945e+00, 1.507064e+00
1.351563e+00, 1.592799e+00, 1.594076e+00
1.367188e+00, 1.681682e+00, 1.683113e+00
1.382813e+00, 1.772416e+00, 1.773996e+00
1.398438e+00, 1.864810e+00, 1.866532e+00
1.414063e+00, 1.958663e+00, 1.960517e+00
1.429688e+00, 2.053759e+00, 2.055736e+00
1.445313e+00, 2.149873e+00, 2.151962e+00
1.460938e+00, 2.246772e+00, 2.248960e+00
1.476563e+00, 2.344215e+00, 2.346488e+00
1.492188e+00, 2.441954e+00, 2.444299e+00
1.507813e+00, 2.539740e+00, 2.542139e+00
1.523438e+00, 2.637316e+00, 2.639756e+00
1.539063e+00, 2.734428e+00, 2.736892e+00
1.554688e+00, 2.830821e+00, 2.833293e+00
1.570313e+00, 2.926241e+00, 2.928705e+00
1.585938e+00, 3.020439e+00, 3.022880e+00
1.601563e+00, 3.113170e+00, 3.115572e+00
1.617188e+00, 3.204193e+00, 3.206542e+00
1.632813e+00, 3.293278e+00, 3.295561e+00
1.648438e+00, 3.380200e+00, 3.382405e+00
1.664063e+00, 3.464745e+00, 3.466861e+00
1.679688e+00, 3.546709e+00, 3.548726e+00
1.695313e+00, 3.625899e+00, 3.627809e+00
1.710938e+00, 3.702131e+00, 3.703927e+00
1.726563e+00, 3.775235e+00, 3.776913e+00
1.742188e+00, 3.845054e+00, 3.846608e+00
1.757813e+00, 3.911439e+00, 3.912869e+00
1.773438e+00, 3.974256e+00, 3.975560e+00
1.789063e+00, 4.033382e+00, 4.034562e+00
1.804688e+00, 4.088707e+00, 4.089764e+00
1.820313e+00, 4.140129e+00, 4.141068e+00
1.835938e+00, 4.187560e+00, 4.188383e+00
1.851563e+00, 4.230920e+00, 4.231634e+00
1.867188e+00, 4.270141e+00, 4.270750e+00
1.882813e+00, 4.305162e+00, 4.305673e+00
1.898438e+00, 4.335931e+00, 4.336351e+00
1.914063e+00, 4.362405e+00, 4.362740e+00
1.929688e+00, 4.384548e+00, 4.384806e+00
1.945313e+00, 4.402332e+00, 4.402518e+00
1.960938e+00, 4.415733e+00, 4.415853e+00
1.976563e+00, 4.424736e+00, 4.424795e+00
1.992188e+00, 4.429330e+00, 4.429333e+00
2.007813e+00, 4.429510e+00, 4.429461e+00
2.023438e+00, 4.425277e+00, 4.425179e+00
2.039063e+00, 4.416637e+00, 4.416491e+00
2.054688e+00, 4.403602e+00, 4.403410e+00
2.070313e+00, 4.386190e+00, 4.385952e+00
2.085938e+00, 4.364425e+00, 4.364138e+00
2.101563e+00, 4.338335e+00, 4.337998e+00
2.117188e+00, 4.307958e+00, 4.307568e+00
2.132813e+00, 4.273338e+00, 4.272890e+00
2.148438e+00, 4.234525e+00, 4.234015e+00
2.164063e+00, 4.191580e+00, 4.191002e+00
2.179688e+00, 4.144570e+00, 4.143920e+00
2.195313e+00, 4.093575e+00, 4.092846e+00
2.210938e+00, 4.038681e+00, 4.037867e+00
2.226563e+00, 3.979987e+00, 3.979083e+00
2.242188e+00, 3.917602e+00, 3.916601e+00
2.257813e+00, 3.851647e+00, 3.850544e+00
2.273438e+00, 3.782252e+00, 3.781044e+00
2.289063e+00, 3.709562e+00, 3.708245e+00
2.304688e+00, 3.633733e+00, 3.632304e+00
2.320313e+00, 3.554930e+00, 3.553389e+00
2.335938e+00, 3.473335e+00, 3.471680e+00
2.351563e+00, 3.389135e+00, 3.387368e+00
2.367188e+00, 3.302533e+00, 3.300657e+00
2.382813e+00, 3.213740e+00, 3.211758e+00
2.398438e+00, 3.122975e+00, 3.120895e+00
2.414063e+00, 3.030469e+00, 3.028296e+00
2.429688e+00, 2.936457e+00, 2.934201e+00
2.445313e+00, 2.841183e+00, 2.838853e+00
2.460938e+00, 2.744894e+00, 2.742503e+00
2.476563e+00, 2.647843e+00, 2.645402e+00
2.492188e+00, 2.550284e+00, 2.547807e+00
2.507813e+00, 2.452471e+00, 2.449972e+00
2.523438e+00, 2.354659e+00, 2.352153e+00
2.539063e+00, 2.257098e+00, 2.254602e+00
2.554688e+00, 2.160038e+00, 2.157566e+00
2.570313e+00, 2.063721e+00, 2.061289e+00
2.585938e+00, 1.968381e+00, 1.966006e+00
2.601563e+00, 1.874247e+00, 1.871943e+00
2.617188e+00, 1.781535e+00, 1.779317e+00
2.632813e+00, 1.690451e+00, 1.688333e+00
2.648438e+00, 1.601189e+00, 1.599184e+00
2.664063e+00, 1.513929e+00, 1.512050e+00
2.679688e+00, 1.428839e+00, 1.427095e+00
2.695313e+00, 1.346068e+00, 1.344469e+00
2.710938e+00, 1.265752e+00, 1.264306e+00
2.726563e+00, 1.188010e+00, 1.186724e+00
2.742188e+00, 1.112946e+00, 1.111823e+00
2.757813e+00, 1.040646e+00, 1.039689e+00
2.773438e+00, 9.711782e-01, 9.703896e-01
2.789063e+00, 9.045969e-01, 9.039760e-01
2.804688e+00, 8.409390e-01, 8.404839e-01
2.820313e+00, 7.802257e-01, 7.799331e-01
2.835938e+00, 7.224632e-01, 7.223285e-01
2.851563e+00, 6.676434e-01, 6.676605e-01
2.867188e+00, 6.157443e-01, 6.159061e-01
2.882813e+00, 5.667312e-01, 5.670295e-01
2.898438e+00, 5.205576e-01, 5.209833e-01
2.914063e+00, 4.771662e-01, 4.777095e-01
2.929688e+00, 4.364898e-01, 4.371403e-01
2.945313e+00, 3.984524e-01, 3.991993e-01
2.960938e+00, 3.629707e-01, 3.638029e-01
2.976563e+00, 3.299545e-01, 3.308608e-01
2.992188e+00, 2.993084e-01, 3.002776e-01
3.007813e+00, 2.709326e-01, 2.719536e-01
3.023438e+00, 2.447238e-01, 2.457858e-01
3.039063e+00, 2.205763e-01, 2.216690e-01
3.054688e+00, 1.983832e-01, 1.994966e-01
3.070313e+00, 1.780368e-01, 1.791614e-01
3.085938e+00, 1.594296e-01, 1.605568e-01
3.101563e+00, 1.424552e-01, 1.435768e-01
3.117188e+00, 1.270088e-01, 1.281174e-01
3.132813e+00, 1.129876e-01, 1.140767e-01
3.148438e+00, 1.002919e-01, 1.013555e-01
3.164063e+00, 8.882497e-02, 8.985794e-02
3.179688e+00, 7.849361e-02, 7.949163e-02
3.195313e+00, 6.920859e-02, 7.016803e-02
3.210938e+00, 6.088474e-02, 6.180267e-02
3.226563e+00, 5.344118e-02, 5.431536e-02
3.242188e+00, 4.680145e-02, 4.763026e-02
3.257813e+00, 4.089355e-02, 4.167596e-02
3.273438e+00, 3.564996e-02, 3.638548e-02
3.289063e+00, 3.100765e-02, 3.169627e-02
3.304688e+00, 2.690797e-02, 2.755012e-02
3.320313e+00, 2.329657e-02, 2.389306e-02
3.335938e+00, 2.012329e-02, 2.067526e-02
3.351563e+00, 1.734198e-02, 1.785086e-02
3.367188e+00, 1.491036e-02, 1.537779e-02
3.382813e+00, 1.278981e-02, 1.321763e-02
3.398438e+00, 1.094521e-02, 1.133538e-02
3.414063e+00, 9.344689e-03, 9.699285e-03
3.429688e+00, 7.959458e-03, 8.280616e-03
3.445313e+00, 6.763590e-03, 7.053474e-03
3.460938e+00, 5.733811e-03, 5.994589e-03
3.476563e+00, 4.849300e-03, 5.083116e-03
3.492188e+00, 4.091490e-03, 4.300443e-03
3.507813e+00, 3.443880e-03, 3.630007e-03
3.523438e+00, 2.891852e-03, 3.057113e-03
3.539063e+00, 2.422494e-03, 2.568760e-03
3.554688e+00, 2.024444e-03, 2.153487e-03
3.570313e+00, 1.687727e-03, 1.801219e-03
3.585938e+00, 1.403620e-03, 1.503124e-03
3.601563e+00, 1.164516e-03, 1.251485e-03
3.617188e+00, 9.638009e-04, 1.039580e-03
3.632813e+00, 7.957425e-04, 8.615702e-04
3.648438e+00, 6.553883e-04, 7.123975e-04
3.664063e+00, 5.384722e-04, 5.876950e-04
3.679688e+00, 4.413304e-04, 4.837025e-04
3.695313e+00, 3.608261e-04, 3.971919e-04
3.710938e+00, 2.942816e-04, 3.253996e-04
3.726563e+00, 2.394181e-04, 2.659667e-04
3.742188e+00, 1.943019e-04, 2.168852e-04
3.757813e+00, 1.572972e-04, 1.764511e-04
3.773438e+00, 1.270242e-04, 1.432218e-04
3.789063e+00, 1.023225e-04, 1.159802e-04
3.804688e+00, 8.221907e-05, 9.370163e-05
3.820313e+00, 6.590044e-05, 7.552633e-05
3.835938e+00, 5.268853e-05, 6.073466e-05
3.851563e+00, 4.201976e-05, 4.872602e-05
3.867188e+00, 3.342707e-05, 3.900055e-05
3.882813e+00, 2.652455e-05, 3.114332e-05
3.898438e+00, 2.099425e-05, 2.481093e-05
3.914063e+00, 1.657498e-05, 1.971987e-05
3.929688e+00, 1.305280e-05, 1.563678e-05
3.945313e+00, 1.025297e-05, 1.237007e-05
3.960938e+00, 8.033215e-06, 9.762876e-06
3.976563e+00, 6.277979e-06, 7.687118e-06
3.992188e+00, 4.893717e-06, 6.038496e-06
4.007813e+00, 3.804908e-06, 4.732306e-06
4.023438e+00, 2.950757e-06, 3.699943e-06
4.039063e+00, 2.282465e-06, 2.885990e-06
4.054688e+00, 1.760979e-06, 2.245802e-06
4.070313e+00, 1.355130e-06, 1.743510e-06
4.085938e+00, 1.040117e-06, 1.350372e-06
4.101563e+00, 7.962615e-07, 1.043415e-06
4.117188e+00, 6.079934e-07, 8.043328e-07
4.132813e+00, 4.630303e-07, 6.185693e-07
4.148438e+00, 3.517102e-07, 4.745856e-07
4.164063e+00, 2.664545e-07, 3.632568e-07
4.179688e+00, 2.013360e-07, 2.773866e-07
4.195313e+00, 1.517321e-07, 2.113145e-07
4.210938e+00, 1.140483e-07, 1.605996e-07
4.226563e+00, 8.549749e-08, 1.217673e-07
4.242188e+00, 6.392463e-08, 9.210595e-08
4.257813e+00, 4.766846e-08, 6.950479e-08
4.273438e+00, 3.545191e-08, 5.232527e-08
4.289063e+00, 2.629609e-08, 3.929864e-08
4.304688e+00, 1.945286e-08, 2.944505e-08
4.320313e+00, 1.435204e-08, 2.200977e-08
4.335938e+00, 1.056038e-08, 1.641296e-08
4.351563e+00, 7.749588e-09, 1.221028e-08
4.367188e+00, 5.671634e-09, 9.062159e-09
4.382813e+00, 4.139670e-09, 6.709723e-09
4.398438e+00, 3.013344e-09, 4.956144e-09
4.414063e+00, 2.187533e-09, 3.652156e-09
4.429688e+00, 1.583729e-09, 2.684853e-09
4.445313e+00, 1.143469e-09, 1.969052e-09
4.460938e+00, 8.233480e-10, 1.440650e-09
4.476563e+00, 5.912275e-10, 1.051538e-09
4.492188e+00, 4.233852e-10, 7.656945e-10
4.507813e+00, 3.023595e-10, 5.562245e-10
4.523438e+00, 2.153357e-10, 4.030959e-10
4.539063e+00, 1.529361e-10, 2.914274e-10
4.554688e+00, 1.083186e-10, 2.101916e-10
4.570313e+00, 7.650543e-11, 1.512387e-10
4.585938e+00, 5.388586e-11, 1.085607e-10
4.601563e+00, 3.784844e-11, 7.774004e-11
4.617188e+00, 2.650996e-11, 5.553669e-11
4.632813e+00, 1.851634e-11, 3.958001e-11
4.648438e+00, 1.289684e-11, 2.814055e-11
4.664063e+00, 8.957581e-12, 1.995959e-11
4.679688e+00, 6.204040e-12, 1.412315e-11
4.695313e+00, 4.284814e-12, 9.969525e-12
4.710938e+00, 2.950937e-12, 7.020495e-12
4.726563e+00, 2.026541e-12, 4.932166e-12
4.742188e+00, 1.387764e-12, 3.456679e-12
4.757813e+00, 9.476272e-13, 2.416678e-12
4.773438e+00, 6.452356e-13, 1.685596e-12
4.789063e+00, 4.380822e-13, 1.172951e-12
4.804688e+00, 2.965840e-13, 8.140710e-13
4.820313e+00, 2.002146e-13, 5.637157e-13
4.835938e+00, 1.347748e-13, 3.894107e-13
4.851563e+00, 9.047169e-14, 2.683964e-13
4.867188e+00, 6.057457e-14, 1.845746e-13
4.882813e+00, 4.047167e-14, 1.265654e-13
4.898438e+00, 2.702117e-14, 8.659740e-14
4.914063e+00, 1.808812e-14, 5.911938e-14
4.929688e+00, 1.226307e-14, 4.024558e-14
4.945313e+00, 8.575537e-15, 2.747802e-14
4.960938e+00, 6.550523e-15, 1.859624e-14
4.976563e+00, 5.846749e-15, 1.249001e-14
4.992188e+00, 6.498698e-15, 8.326673e-15
5.000000e+00, 6.938894e-15, 6.938894e-15


#At time: 7.506793e+01, nsteps= 663


0.000000e+00, 1.559271e-05, 1.559271e-05
7.812500e-03, 1.723921e-05, 1.714681e-05
2.343750e-02, 2.095565e-05, 2.071085e-05
3.906250e-02, 2.539662e-05, 2.497664e-05
5.468750e-02, 3.069552e-05, 3.007406e-05
7.031250e-02, 3.700860e-05, 3.615535e-05
8.593750e-02, 4.451853e-05, 4.339862e-05
1.015625e-01, 5.343854e-05, 5.201189e-05
1.171875e-01, 6.401700e-05, 6.223762e-05
1.328125e-01, 7.654269e-05, 7.435797e-05
1.484375e-01, 9.135079e-05, 8.870063e-05
1.640625e-01, 1.088296e-04, 1.056455e-04
1.796875e-01, 1.294281e-04, 1.256322e-04
1.953125e-01, 1.536646e-04, 1.491684e-04
2.109375e-01, 1.821360e-04, 1.768395e-04
2.265625e-01, 2.155288e-04, 2.093191e-04
2.421875e-01, 2.546310e-04, 2.473807e-04
2.578125e-01, 3.003451e-04, 2.919115e-04
2.734375e-01, 3.537034e-04, 3.439261e-04
2.890625e-01, 4.158836e-04, 4.045836e-04
3.046875e-01, 4.882276e-04, 4.752052e-04
3.203125e-01, 5.722608e-04, 5.572942e-04
3.359375e-01, 6.697146e-04, 6.525575e-04
3.515625e-01, 7.825495e-04, 7.629299e-04
3.671875e-01, 9.129823e-04, 8.906001e-04
3.828125e-01, 1.063514e-03, 1.038039e-03
3.984375e-01, 1.236960e-03, 1.208031e-03
4.140625e-01, 1.436486e-03, 1.403707e-03
4.296875e-01, 1.665642e-03, 1.628583e-03
4.453125e-01, 1.928404e-03, 1.886595e-03
4.609375e-01, 2.229210e-03, 2.182146e-03
4.765625e-01, 2.573014e-03, 2.520147e-03
4.921875e-01, 2.965326e-03, 2.906067e-03
5.078125e-01, 3.412266e-03, 3.345984e-03
5.234375e-01, 3.920618e-03, 3.846638e-03
5.390625e-01, 4.497884e-03, 4.415490e-03
5.546875e-01, 5.152348e-03, 5.060778e-03
5.703125e-01, 5.893134e-03, 5.791584e-03
5.859375e-01, 6.730271e-03, 6.617897e-03
6.015625e-01, 7.674763e-03, 7.550681e-03
6.171875e-01, 8.738655e-03, 8.601943e-03
6.328125e-01, 9.935105e-03, 9.784808e-03
6.484375e-01, 1.127845e-02, 1.111359e-02
6.640625e-01, 1.278430e-02, 1.260385e-02
6.796875e-01, 1.446957e-02, 1.427252e-02
6.953125e-01, 1.635261e-02, 1.613790e-02
7.109375e-01, 1.845321e-02, 1.821980e-02
7.265625e-01, 2.079273e-02, 2.053959e-02
7.421875e-01, 2.339414e-02, 2.312022e-02
7.578125e-01, 2.628208e-02, 2.598639e-02
7.734375e-01, 2.948293e-02, 2.916449e-02
7.890625e-01, 3.302486e-02, 3.268276e-02
8.046875e-01, 3.693790e-02, 3.657128e-02
8.203125e-01, 4.125393e-02, 4.086202e-02
8.359375e-01, 4.600679e-02, 4.558889e-02
8.515625e-01, 5.123222e-02, 5.078777e-02
8.671875e-01, 5.696794e-02, 5.649648e-02
8.828125e-01, 6.325361e-02, 6.275483e-02
8.984375e-01, 7.013084e-02, 6.960460e-02
9.140625e-01, 7.764314e-02, 7.708948e-02
9.296875e-01, 8.583590e-02, 8.525506e-02
9.453125e-01, 9.475634e-02, 9.414876e-02
9.609375e-01, 1.044534e-01, 1.038197e-01
9.765625e-01, 1.149776e-01, 1.143189e-01
9.921875e-01, 1.263811e-01, 1.256985e-01
1.007813e+00, 1.387175e-01, 1.380123e-01
1.023438e+00, 1.520413e-01, 1.513155e-01
1.039063e+00, 1.664085e-01, 1.656640e-01
1.054688e+00, 1.818756e-01, 1.811148e-01
1.070313e+00, 1.984999e-01, 1.977256e-01
1.085938e+00, 2.163391e-01, 2.155543e-01
1.101563e+00, 2.354511e-01, 2.346590e-01
1.117188e+00, 2.558935e-01, 2.550978e-01
1.132813e+00, 2.777234e-01, 2.769281e-01
1.148438e+00, 3.009973e-01, 3.002066e-01
1.164063e+00, 3.257705e-01, 3.249890e-01
1.179688e+00, 3.520968e-01, 3.513292e-01
1.195313e+00, 3.800282e-01, 3.792797e-01
1.210938e+00, 4.096145e-01, 4.088902e-01
1.226563e+00, 4.409027e-01, 4.402082e-01
1.242188e+00, 4.739371e-01, 4.732780e-01
1.257813e+00, 5.087582e-01, 5.081402e-01
1.273438e+00, 5.454029e-01, 5.448319e-01
1.289063e+00, 5.839040e-01, 5.833858e-01
1.304688e+00, 6.242893e-01, 6.238299e-01
1.320313e+00, 6.665819e-01, 6.661870e-01
1.335938e+00, 7.107993e-01, 7.104747e-01
1.351563e+00, 7.569535e-01, 7.567047e-01
1.367188e+00, 8.050502e-01, 8.048825e-01
1.382813e+00, 8.550886e-01, 8.550072e-01
1.398438e+00, 9.070613e-01, 9.070711e-01
1.414063e+00, 9.609541e-01, 9.610593e-01
1.429688e+00, 1.016745e+00, 1.016950e+00
1.445313e+00, 1.074406e+00, 1.074713e+00
1.460938e+00, 1.133899e+00, 1.134313e+00
1.476563e+00, 1.195180e+00, 1.195703e+00
1.492188e+00, 1.258198e+00, 1.258831e+00
1.507813e+00, 1.322892e+00, 1.323637e+00
1.523438e+00, 1.389195e+00, 1.390052e+00
1.539063e+00, 1.457030e+00, 1.458000e+00
1.554688e+00, 1.526315e+00, 1.527397e+00
1.570313e+00, 1.596960e+00, 1.598152e+00
1.585938e+00, 1.668865e+00, 1.670166e+00
1.601563e+00, 1.741926e+00, 1.743332e+00
1.617188e+00, 1.816030e+00, 1.817539e+00
1.632813e+00, 1.891060e+00, 1.892667e+00
1.648438e+00, 1.966890e+00, 1.968591e+00
1.664063e+00, 2.043390e+00, 2.045179e+00
1.679688e+00, 2.120425e+00, 2.122296e+00
1.695313e+00, 2.197853e+00, 2.199801e+00
1.710938e+00, 2.275531e+00, 2.277547e+00
1.726563e+00, 2.353309e+00, 2.355387e+00
1.742188e+00, 2.431034e+00, 2.433167e+00
1.757813e+00, 2.508554e+00, 2.510732e+00
1.773438e+00, 2.585710e+00, 2.587926e+00
1.789063e+00, 2.662344e+00, 2.664590e+00
1.804688e+00, 2.738296e+00, 2.740563e+00
1.820313e+00, 2.813408e+00, 2.815687e+00
1.835938e+00, 2.887518e+00, 2.889801e+00
1.851563e+00, 2.960469e+00, 2.962747e+00
1.867188e+00, 3.032102e+00, 3.034367e+00
1.882813e+00, 3.102262e+00, 3.104505e+00
1.898438e+00, 3.170795e+00, 3.173008e+00
1.914063e+00, 3.237551e+00, 3.239727e+00
1.929688e+00, 3.302383e+00, 3.304513e+00
1.945313e+00, 3.365147e+00, 3.367225e+00
1.960938e+00, 3.425704e+00, 3.427724e+00
1.976563e+00, 3.483921e+00, 3.485875e+00
1.992188e+00, 3.539668e+00, 3.541551e+00
2.007813e+00, 3.592821e+00, 3.594628e+00
2.023438e+00, 3.643264e+00, 3.644988e+00
2.039063e+00, 3.690883e+00, 3.692521e+00
2.054688e+00, 3.735573e+00, 3.737121e+00
2.070313e+00, 3.777237e+00, 3.778690e+00
2.085938e+00, 3.815781e+00, 3.817136e+00
2.101563e+00, 3.851121e+00, 3.852375e+00
2.117188e+00, 3.883179e+00, 3.884330e+00
2.132813e+00, 3.911885e+00, 3.912931e+00
2.148438e+00, 3.937177e+00, 3.938115e+00
2.164063e+00, 3.958997e+00, 3.959826e+00
2.179688e+00, 3.977300e+00, 3.978019e+00
2.195313e+00, 3.992045e+00, 3.992652e+00
2.210938e+00, 4.003200e+00, 4.003695e+00
2.226563e+00, 4.010741e+00, 4.011124e+00
2.242188e+00, 4.014651e+00, 4.014921e+00
2.257813e+00, 4.014923e+00, 4.015079e+00
2.273438e+00, 4.011555e+00, 4.011598e+00
2.289063e+00, 4.004556e+00, 4.004485e+00
2.304688e+00, 3.993939e+00, 3.993756e+00
2.320313e+00, 3.979730e+00, 3.979433e+00
2.335938e+00, 3.961958e+00, 3.961549e+00
2.351563e+00, 3.940662e+00, 3.940141e+00
2.367188e+00, 3.915889e+00, 3.915257e+00
2.382813e+00, 3.887693e+00, 3.886952e+00
2.398438e+00, 3.856136e+00, 3.855286e+00
2.414063e+00, 3.821286e+00, 3.820329e+00
2.429688e+00, 3.783221e+00, 3.782158e+00
2.445313e+00, 3.742024e+00, 3.740857e+00
2.460938e+00, 3.697786e+00, 3.696517e+00
2.476563e+00, 3.650604e+00, 3.649235e+00
2.492188e+00, 3.600582e+00, 3.599116e+00
2.507813e+00, 3.547831e+00, 3.546271e+00
2.523438e+00, 3.492467e+00, 3.490817e+00
2.539063e+00, 3.434613e+00, 3.432876e+00
2.554688e+00, 3.374396e+00, 3.372576e+00
2.570313e+00, 3.311949e+00, 3.310051e+00
2.585938e+00, 3.247411e+00, 3.245439e+00
2.601563e+00, 3.180923e+00, 3.178883e+00
2.617188e+00, 3.112631e+00, 3.110529e+00
2.632813e+00, 3.042685e+00, 3.040527e+00
2.648438e+00, 2.971237e+00, 2.969030e+00
2.664063e+00, 2.898443e+00, 2.896193e+00
2.679688e+00, 2.824460e+00, 2.822174e+00
2.695313e+00, 2.749445e+00, 2.747132e+00
2.710938e+00, 2.673559e+00, 2.671226e+00
2.726563e+00, 2.596961e+00, 2.594616e+00
2.742188e+00, 2.519810e+00, 2.517462e+00
2.757813e+00, 2.442265e+00, 2.439922e+00
2.773438e+00, 2.364484e+00, 2.362155e+00
2.789063e+00, 2.286622e+00, 2.284314e+00
2.804688e+00, 2.208831e+00, 2.206554e+00
2.820313e+00, 2.131260e+00, 2.129022e+00
2.835938e+00, 2.054057e+00, 2.051866e+00
2.851563e+00, 1.977361e+00, 1.975226e+00
2.867188e+00, 1.901311e+00, 1.899239e+00
2.882813e+00, 1.826038e+00, 1.824037e+00
2.898438e+00, 1.751669e+00, 1.749745e+00
2.914063e+00, 1.678323e+00, 1.676484e+00
2.929688e+00, 1.606114e+00, 1.604365e+00
2.945313e+00, 1.535150e+00, 1.533497e+00
2.960938e+00, 1.465530e+00, 1.463978e+00
2.976563e+00, 1.397347e+00, 1.395901e+00
2.992188e+00, 1.330686e+00, 1.329349e+00
3.007813e+00, 1.265626e+00, 1.264401e+00
3.023438e+00, 1.202234e+00, 1.201124e+00
3.039063e+00, 1.140575e+00, 1.139580e+00
3.054688e+00, 1.080701e+00, 1.079824e+00
3.070313e+00, 1.022658e+00, 1.021899e+00
3.085938e+00, 9.664865e-01, 9.658442e-01
3.101563e+00, 9.122159e-01, 9.116896e-01
3.117188e+00, 8.598698e-01, 8.594577e-01
3.132813e+00, 8.094641e-01, 8.091640e-01
3.148438e+00, 7.610078e-01, 7.608168e-01
3.164063e+00, 7.145029e-01, 7.144175e-01
3.179688e+00, 6.699450e-01, 6.699613e-01
3.195313e+00, 6.273234e-01, 6.274369e-01
3.210938e+00, 5.866213e-01, 5.868273e-01
3.226563e+00, 5.478169e-01, 5.481101e-01
3.242188e+00, 5.108826e-01, 5.112577e-01
3.257813e+00, 4.757866e-01, 4.762377e-01
3.273438e+00, 4.424924e-01, 4.430137e-01
3.289063e+00, 4.109596e-01, 4.115451e-01
3.304688e+00, 3.811444e-01, 3.817879e-01
3.320313e+00, 3.529997e-01, 3.536951e-01
3.335938e+00, 3.264758e-01, 3.272168e-01
3.351563e+00, 3.015206e-01, 3.023011e-01
3.367188e+00, 2.780799e-01, 2.788940e-01
3.382813e+00, 2.560982e-01, 2.569400e-01
3.398438e+00, 2.355187e-01, 2.363825e-01
3.414063e+00, 2.162838e-01, 2.171641e-01
3.429688e+00, 1.983351e-01, 1.992267e-01
3.445313e+00, 1.816144e-01, 1.825124e-01
3.460938e+00, 1.660634e-01, 1.669630e-01
3.476563e+00, 1.516240e-01, 1.525208e-01
3.492188e+00, 1.382390e-01, 1.391290e-01
3.507813e+00, 1.258518e-01, 1.267314e-01
3.523438e+00, 1.144071e-01, 1.152727e-01
3.539063e+00, 1.038505e-01, 1.046991e-01
3.554688e+00, 9.412922e-02, 9.495814e-02
3.570313e+00, 8.519201e-02, 8.599883e-02
3.585938e+00, 7.698920e-02, 7.777184e-02
3.601563e+00, 6.947289e-02, 7.022961e-02
3.617188e+00, 6.259704e-02, 6.332637e-02
3.632813e+00, 5.631748e-02, 5.701828e-02
3.648438e+00, 5.059200e-02, 5.126338e-02
3.664063e+00, 4.538038e-02, 4.602170e-02
3.679688e+00, 4.064434e-02, 4.125524e-02
3.695313e+00, 3.634764e-02, 3.692795e-02
3.710938e+00, 3.245599e-02, 3.300575e-02
3.726563e+00, 2.893706e-02, 2.945650e-02
3.742188e+00, 2.576044e-02, 2.624997e-02
3.757813e+00, 2.289759e-02, 2.335775e-02
3.773438e+00, 2.032181e-02, 2.075329e-02
3.789063e+00, 1.800818e-02, 1.841176e-02
3.804688e+00, 1.593346e-02, 1.631004e-02
3.820313e+00, 1.407610e-02, 1.442664e-02
3.835938e+00, 1.241609e-02, 1.274162e-02
3.851563e+00, 1.093493e-02, 1.123653e-02
3.867188e+00, 9.615558e-03, 9.894346e-03
3.882813e+00, 8.442267e-03, 8.699380e-03
3.898438e+00, 7.400623e-03, 7.637211e-03
3.914063e+00, 6.477401e-03, 6.694617e-03
3.929688e+00, 5.660506e-03, 5.859495e-03
3.945313e+00, 4.938901e-03, 5.120794e-03
3.960938e+00, 4.302538e-03, 4.468443e-03
3.976563e+00, 3.742288e-03, 3.893283e-03
3.992188e+00, 3.249873e-03, 3.387006e-03
4.007813e+00, 2.817807e-03, 2.942085e-03
4.023438e+00, 2.439328e-03, 2.551720e-03
4.039063e+00, 2.108348e-03, 2.209778e-03
4.054688e+00, 1.819392e-03, 1.910738e-03
4.070313e+00, 1.567548e-03, 1.649643e-03
4.085938e+00, 1.348420e-03, 1.422049e-03
4.101563e+00, 1.158077e-03, 1.223979e-03
4.117188e+00, 9.930177e-04, 1.051883e-03
4.132813e+00, 8.501245e-04, 9.025983e-04
4.148438e+00, 7.266292e-04, 7.733115e-04
4.164063e+00, 6.200789e-04, 6.615257e-04
4.179688e+00, 5.283036e-04, 5.650288e-04
4.195313e+00, 4.493883e-04, 4.818651e-04
4.210938e+00, 3.816456e-04, 4.103087e-04
4.226563e+00, 3.235922e-04, 3.488397e-04
4.242188e+00, 2.739265e-04, 2.961218e-04
4.257813e+00, 2.315086e-04, 2.509825e-04
4.273438e+00, 1.953423e-04, 2.123952e-04
4.289063e+00, 1.645586e-04, 1.794625e-04
4.304688e+00, 1.384008e-04, 1.514014e-04
4.320313e+00, 1.162116e-04, 1.275300e-04
4.335938e+00, 9.742095e-05, 1.072559e-04
4.351563e+00, 8.153536e-05, 9.006491e-05
4.367188e+00, 6.812859e-05, 7.551186e-05
4.382813e+00, 5.683313e-05, 6.321197e-05
4.398438e+00, 4.733272e-05, 5.283330e-05
4.414063e+00, 3.935574e-05, 4.408998e-05
4.429688e+00, 3.266934e-05, 3.673630e-05
4.445313e+00, 2.707431e-05, 3.056144e-05
4.460938e+00, 2.240052e-05, 2.538485e-05
4.476563e+00, 1.850298e-05, 2.105220e-05
4.492188e+00, 1.525832e-05, 1.743179e-05
4.507813e+00, 1.256182e-05, 1.441145e-05
4.523438e+00, 1.032472e-05, 1.189582e-05
4.539063e+00, 8.471936e-06, 9.803959e-06
4.554688e+00, 6.940085e-06, 8.067309e-06
4.570313e+00, 5.675756e-06, 6.627895e-06
4.585938e+00, 4.634026e-06, 5.436782e-06
4.601563e+00, 3.777184e-06, 4.452739e-06
4.617188e+00, 3.073630e-06, 3.641088e-06
4.632813e+00, 2.496939e-06, 2.972716e-06
4.648438e+00, 2.025053e-06, 2.423225e-06
4.664063e+00, 1.639592e-06, 1.972204e-06
4.679688e+00, 1.325273e-06, 1.602607e-06
4.695313e+00, 1.069409e-06, 1.300228e-06
4.710938e+00, 8.614915e-07, 1.053243e-06
4.726563e+00, 6.928288e-07, 8.518323e-07
4.742188e+00, 5.562476e-07, 6.878532e-07
4.757813e+00, 4.458388e-07, 5.545660e-07
4.773438e+00, 3.567436e-07, 4.464022e-07
4.789063e+00, 2.849744e-07, 3.587688e-07
4.804688e+00, 2.272653e-07, 2.878843e-07
4.820313e+00, 1.809466e-07, 2.306407e-07
4.835938e+00, 1.438409e-07, 1.844881e-07
4.851563e+00, 1.141760e-07, 1.473381e-07
4.867188e+00, 9.051422e-08, 1.174832e-07
4.882813e+00, 7.169251e-08, 9.352982e-08
4.898438e+00, 5.677501e-08, 7.434262e-08
4.914063e+00, 4.501386e-08, 5.899820e-08
4.929688e+00, 3.581854e-08, 4.674689e-08
4.945313e+00, 2.873234e-08, 3.698106e-08
4.960938e+00, 2.341573e-08, 2.920912e-08
4.976563e+00, 1.963644e-08, 2.303403e-08
4.992188e+00, 1.726675e-08, 1.813566e-08
5.000000e+00, 1.608263e-08, 1.608263e-08


#At time: 1.000906e+02, nsteps= 884


0.000000e+00, 1.936045e-05, 1.936045e-05
7.812500e-03, 2.106386e-05, 2.100503e-05
2.343750e-02, 2.489842e-05, 2.470345e-05
3.906250e-02, 2.936976e-05, 2.901907e-05
5.468750e-02, 3.457719e-05, 3.404874e-05
7.031250e-02, 4.063441e-05, 3.990346e-05
8.593750e-02, 4.767148e-05, 4.671028e-05
1.015625e-01, 5.583694e-05, 5.461437e-05
1.171875e-01, 6.530020e-05, 6.378143e-05
1.328125e-01, 7.625422e-05, 7.440031e-05
1.484375e-01, 8.891848e-05, 8.668595e-05
1.640625e-01, 1.035423e-04, 1.008826e-04
1.796875e-01, 1.204084e-04, 1.172677e-04
1.953125e-01, 1.398371e-04, 1.361553e-04
2.109375e-01, 1.621908e-04, 1.579011e-04
2.265625e-01, 1.878786e-04, 1.829074e-04
2.421875e-01, 2.173622e-04, 2.116277e-04
2.578125e-01, 2.511616e-04, 2.445735e-04
2.734375e-01, 2.898616e-04, 2.823206e-04
2.890625e-01, 3.341193e-04, 3.255157e-04
3.046875e-01, 3.846716e-04, 3.748850e-04
3.203125e-01, 4.423438e-04, 4.312424e-04
3.359375e-01, 5.080592e-04, 4.954984e-04
3.515625e-01, 5.828488e-04, 5.686707e-04
3.671875e-01, 6.678626e-04, 6.518952e-04
3.828125e-01, 7.643813e-04, 7.464374e-04
3.984375e-01, 8.738292e-04, 8.537053e-04
4.140625e-01, 9.977880e-04, 9.752637e-04
4.296875e-01, 1.138011e-03, 1.112848e-03
4.453125e-01, 1.296441e-03, 1.268382e-03
4.609375e-01, 1.475225e-03, 1.443993e-03
4.765625e-01, 1.676733e-03, 1.642031e-03
4.921875e-01, 1.903578e-03, 1.865087e-03
5.078125e-01, 2.158638e-03, 2.116016e-03
5.234375e-01, 2.445072e-03, 2.397956e-03
5.390625e-01, 2.766351e-03, 2.714355e-03
5.546875e-01, 3.126278e-03, 3.068991e-03
5.703125e-01, 3.529012e-03, 3.465999e-03
5.859375e-01, 3.979099e-03, 3.909902e-03
6.015625e-01, 4.481497e-03, 4.405633e-03
6.171875e-01, 5.041606e-03, 4.958568e-03
6.328125e-01, 5.665298e-03, 5.574557e-03
6.484375e-01, 6.358950e-03, 6.259953e-03
6.640625e-01, 7.129474e-03, 7.021646e-03
6.796875e-01, 7.984351e-03, 7.867099e-03
6.953125e-01, 8.931668e-03, 8.804376e-03
7.109375e-01, 9.980146e-03, 9.842185e-03
7.265625e-01, 1.113918e-02, 1.098991e-02
7.421875e-01, 1.241888e-02, 1.225763e-02
7.578125e-01, 1.383009e-02, 1.365621e-02
7.734375e-01, 1.538445e-02, 1.519725e-02
7.890625e-01, 1.709439e-02, 1.689320e-02
8.046875e-01, 1.897320e-02, 1.875735e-02
8.203125e-01, 2.103507e-02, 2.080390e-02
8.359375e-01, 2.329509e-02, 2.304793e-02
8.515625e-01, 2.576928e-02, 2.550552e-02
8.671875e-01, 2.847468e-02, 2.819368e-02
8.828125e-01, 3.142929e-02, 3.113048e-02
8.984375e-01, 3.465215e-02, 3.433499e-02
9.140625e-01, 3.816337e-02, 3.782735e-02
9.296875e-01, 4.198408e-02, 4.162876e-02
9.453125e-01, 4.613655e-02, 4.576152e-02
9.609375e-01, 5.064408e-02, 5.024904e-02
9.765625e-01, 5.553111e-02, 5.511580e-02
9.921875e-01, 6.082316e-02, 6.038742e-02
1.007813e+00, 6.654683e-02, 6.609058e-02
1.023438e+00, 7.272980e-02, 7.225309e-02
1.039063e+00, 7.940083e-02, 7.890380e-02
1.054688e+00, 8.658969e-02, 8.607261e-02
1.070313e+00, 9.432717e-02, 9.379042e-02
1.085938e+00, 1.026450e-01, 1.020891e-01
1.101563e+00, 1.115759e-01, 1.110015e-01
1.117188e+00, 1.211532e-01, 1.205612e-01
1.132813e+00, 1.314114e-01, 1.308028e-01
1.148438e+00, 1.423855e-01, 1.417614e-01
1.164063e+00, 1.541111e-01, 1.534728e-01
1.179688e+00, 1.666244e-01, 1.659734e-01
1.195313e+00, 1.799620e-01, 1.793000e-01
1.210938e+00, 1.941610e-01, 1.934897e-01
1.226563e+00, 2.092584e-01, 2.085800e-01
1.242188e+00, 2.252915e-01, 2.246083e-01
1.257813e+00, 2.422976e-01, 2.416118e-01
1.273438e+00, 2.603135e-01, 2.596278e-01
1.289063e+00, 2.793759e-01, 2.786930e-01
1.304688e+00, 2.995209e-01, 2.988437e-01
1.320313e+00, 3.207837e-01, 3.201154e-01
1.335938e+00, 3.431990e-01, 3.425427e-01
1.351563e+00, 3.668000e-01, 3.661592e-01
1.367188e+00, 3.916190e-01, 3.909972e-01
1.382813e+00, 4.176866e-01, 4.170874e-01
1.398438e+00, 4.450319e-01, 4.444590e-01
1.414063e+00, 4.736820e-01, 4.731393e-01
1.429688e+00, 5.036620e-01, 5.031533e-01
1.445313e+00, 5.349948e-01, 5.345240e-01
1.460938e+00, 5.677006e-01, 5.672718e-01
1.476563e+00, 6.017972e-01, 6.014142e-01
1.492188e+00, 6.372992e-01, 6.369661e-01
1.507813e+00, 6.742185e-01, 6.739391e-01
1.523438e+00, 7.125634e-01, 7.123415e-01
1.539063e+00, 7.523389e-01, 7.521782e-01
1.554688e+00, 7.935462e-01, 7.934504e-01
1.570313e+00, 8.361829e-01, 8.361555e-01
1.585938e+00, 8.802425e-01, 8.802868e-01
1.601563e+00, 9.257145e-01, 9.258335e-01
1.617188e+00, 9.725840e-01, 9.727806e-01
1.632813e+00, 1.020832e+00, 1.021109e+00
1.648438e+00, 1.070434e+00, 1.070794e+00
1.664063e+00, 1.121363e+00, 1.121808e+00
1.679688e+00, 1.173586e+00, 1.174117e+00
1.695313e+00, 1.227065e+00, 1.227683e+00
1.710938e+00, 1.281758e+00, 1.282465e+00
1.726563e+00, 1.337617e+00, 1.338415e+00
1.742188e+00, 1.394593e+00, 1.395480e+00
1.757813e+00, 1.452627e+00, 1.453604e+00
1.773438e+00, 1.511659e+00, 1.512726e+00
1.789063e+00, 1.571624e+00, 1.572779e+00
1.804688e+00, 1.632451e+00, 1.633693e+00
1.820313e+00, 1.694066e+00, 1.695394e+00
1.835938e+00, 1.756390e+00, 1.757802e+00
1.851563e+00, 1.819342e+00, 1.820834e+00
1.867188e+00, 1.882833e+00, 1.884404e+00
1.882813e+00, 1.946774e+00, 1.948420e+00
1.898438e+00, 2.011070e+00, 2.012787e+00
1.914063e+00, 2.075625e+00, 2.077410e+00
1.929688e+00, 2.140339e+00, 2.142186e+00
1.945313e+00, 2.205107e+00, 2.207013e+00
1.960938e+00, 2.269826e+00, 2.271785e+00
1.976563e+00, 2.334387e+00, 2.336393e+00
1.992188e+00, 2.398680e+00, 2.400728e+00
2.007813e+00, 2.462594e+00, 2.464679e+00
2.023438e+00, 2.526017e+00, 2.528133e+00
2.039063e+00, 2.588835e+00, 2.590975e+00
2.054688e+00, 2.650933e+00, 2.653092e+00
2.070313e+00, 2.712199e+00, 2.714368e+00
2.085938e+00, 2.772516e+00, 2.774690e+00
2.101563e+00, 2.831770e+00, 2.833944e+00
2.117188e+00, 2.889850e+00, 2.892015e+00
2.132813e+00, 2.946641e+00, 2.948792e+00
2.148438e+00, 3.002035e+00, 3.004164e+00
2.164063e+00, 3.055920e+00, 3.058021e+00
2.179688e+00, 3.108191e+00, 3.110258e+00
2.195313e+00, 3.158742e+00, 3.160768e+00
2.210938e+00, 3.207472e+00, 3.209451e+00
2.226563e+00, 3.254281e+00, 3.256208e+00
2.242188e+00, 3.299075e+00, 3.300943e+00
2.257813e+00, 3.341761e+00, 3.343564e+00
2.273438e+00, 3.382251e+00, 3.383984e+00
2.289063e+00, 3.420461e+00, 3.422118e+00
2.304688e+00, 3.456311e+00, 3.457888e+00
2.320313e+00, 3.489727e+00, 3.491218e+00
2.335938e+00, 3.520638e+00, 3.522039e+00
2.351563e+00, 3.548979e+00, 3.550286e+00
2.367188e+00, 3.574690e+00, 3.575900e+00
2.382813e+00, 3.597717e+00, 3.598826e+00
2.398438e+00, 3.618011e+00, 3.619015e+00
2.414063e+00, 3.635529e+00, 3.636425e+00
2.429688e+00, 3.650234e+00, 3.651019e+00
2.445313e+00, 3.662093e+00, 3.662766e+00
2.460938e+00, 3.671083e+00, 3.671641e+00
2.476563e+00, 3.677182e+00, 3.677624e+00
2.492188e+00, 3.680380e+00, 3.680703e+00
2.507813e+00, 3.680667e+00, 3.680872e+00
2.523438e+00, 3.678044e+00, 3.678130e+00
2.539063e+00, 3.672517e+00, 3.672483e+00
2.554688e+00, 3.664097e+00, 3.663943e+00
2.570313e+00, 3.652801e+00, 3.652528e+00
2.585938e+00, 3.638654e+00, 3.638262e+00
2.601563e+00, 3.621686e+00, 3.621177e+00
2.617188e+00, 3.601933e+00, 3.601308e+00
2.632813e+00, 3.579437e+00, 3.578697e+00
2.648438e+00, 3.554245e+00, 3.553392e+00
2.664063e+00, 3.526411e+00, 3.525448e+00
2.679688e+00, 3.495992e+00, 3.494922e+00
2.695313e+00, 3.463054e+00, 3.461879e+00
2.710938e+00, 3.427665e+00, 3.426388e+00
2.726563e+00, 3.389898e+00, 3.388524e+00
2.742188e+00, 3.349833e+00, 3.348365e+00
2.757813e+00, 3.307552e+00, 3.305994e+00
2.773438e+00, 3.263143e+00, 3.261500e+00
2.789063e+00, 3.216697e+00, 3.214973e+00
2.804688e+00, 3.168307e+00, 3.166508e+00
2.820313e+00, 3.118074e+00, 3.116204e+00
2.835938e+00, 3.066097e+00, 3.064163e+00
2.851563e+00, 3.012481e+00, 3.010488e+00
2.867188e+00, 2.957332e+00, 2.955286e+00
2.882813e+00, 2.900760e+00, 2.898666e+00
2.898438e+00, 2.842874e+00, 2.840740e+00
2.914063e+00, 2.783786e+00, 2.781617e+00
2.929688e+00, 2.723610e+00, 2.721413e+00
2.945313e+00, 2.662460e+00, 2.660241e+00
2.960938e+00, 2.600450e+00, 2.598216e+00
2.976563e+00, 2.537694e+00, 2.535452e+00
2.992188e+00, 2.474307e+00, 2.472064e+00
3.007813e+00, 2.410403e+00, 2.408165e+00
3.023438e+00, 2.346095e+00, 2.343868e+00
3.039063e+00, 2.281494e+00, 2.279286e+00
3.054688e+00, 2.216711e+00, 2.214527e+00
3.070313e+00, 2.151854e+00, 2.149701e+00
3.085938e+00, 2.087030e+00, 2.084914e+00
3.101563e+00, 2.022342e+00, 2.020269e+00
3.117188e+00, 1.957891e+00, 1.955866e+00
3.132813e+00, 1.893775e+00, 1.891805e+00
3.148438e+00, 1.830090e+00, 1.828179e+00
3.164063e+00, 1.766927e+00, 1.765080e+00
3.179688e+00, 1.704374e+00, 1.702595e+00
3.195313e+00, 1.642514e+00, 1.640808e+00
3.210938e+00, 1.581428e+00, 1.579799e+00
3.226563e+00, 1.521191e+00, 1.519642e+00
3.242188e+00, 1.461874e+00, 1.460409e+00
3.257813e+00, 1.403545e+00, 1.402166e+00
3.273438e+00, 1.346266e+00, 1.344975e+00
3.289063e+00, 1.290094e+00, 1.288893e+00
3.304688e+00, 1.235082e+00, 1.233974e+00
3.320313e+00, 1.181279e+00, 1.180264e+00
3.335938e+00, 1.128729e+00, 1.127807e+00
3.351563e+00, 1.077469e+00, 1.076641e+00
3.367188e+00, 1.027535e+00, 1.026800e+00
3.382813e+00, 9.789549e-01, 9.783135e-01
3.398438e+00, 9.317544e-01, 9.312052e-01
3.414063e+00, 8.859536e-01, 8.854953e-01
3.429688e+00, 8.415684e-01, 8.411992e-01
3.445313e+00, 7.986103e-01, 7.983284e-01
3.460938e+00, 7.570868e-01, 7.568899e-01
3.476563e+00, 7.170012e-01, 7.168867e-01
3.492188e+00, 6.783532e-01, 6.783182e-01
3.507813e+00, 6.411384e-01, 6.411798e-01
3.523438e+00, 6.053492e-01, 6.054637e-01
3.539063e+00, 5.709745e-01, 5.711585e-01
3.554688e+00, 5.380000e-01, 5.382499e-01
3.570313e+00, 5.064086e-01, 5.067205e-01
3.585938e+00, 4.761803e-01, 4.765503e-01
3.601563e+00, 4.472926e-01, 4.477167e-01
3.617188e+00, 4.197207e-01, 4.201947e-01
3.632813e+00, 3.934376e-01, 3.939574e-01
3.648438e+00, 3.684143e-01, 3.689758e-01
3.664063e+00, 3.446203e-01, 3.452193e-01
3.679688e+00, 3.220234e-01, 3.226558e-01
3.695313e+00, 3.005901e-01, 3.012519e-01
3.710938e+00, 2.802858e-01, 2.809730e-01
3.726563e+00, 2.610750e-01, 2.617838e-01
3.742188e+00, 2.429215e-01, 2.436480e-01
3.757813e+00, 2.257884e-01, 2.265290e-01
3.773438e+00, 2.096384e-01, 2.103896e-01
3.789063e+00, 1.944341e-01, 1.951925e-01
3.804688e+00, 1.801377e-01, 1.809002e-01
3.820313e+00, 1.667119e-01, 1.674754e-01
3.835938e+00, 1.541193e-01, 1.548810e-01
3.851563e+00, 1.423227e-01, 1.430799e-01
3.867188e+00, 1.312856e-01, 1.320359e-01
3.882813e+00, 1.209720e-01, 1.217131e-01
3.898438e+00, 1.113463e-01, 1.120761e-01
3.914063e+00, 1.023737e-01, 1.030904e-01
3.929688e+00, 9.402047e-02, 9.472220e-02
3.945313e+00, 8.625336e-02, 8.693869e-02
3.960938e+00, 7.904024e-02, 7.970784e-02
3.976563e+00, 7.234991e-02, 7.299861e-02
3.992188e+00, 6.615216e-02, 6.678100e-02
4.007813e+00, 6.041787e-02, 6.102602e-02
4.023438e+00, 5.511895e-02, 5.570575e-02
4.039063e+00, 5.022844e-02, 5.079339e-02
4.054688e+00, 4.572045e-02, 4.626318e-02
4.070313e+00, 4.157022e-02, 4.209050e-02
4.085938e+00, 3.775411e-02, 3.825184e-02
4.101563e+00, 3.424957e-02, 3.472475e-02
4.117188e+00, 3.103517e-02, 3.148792e-02
4.132813e+00, 2.809055e-02, 2.852108e-02
4.148438e+00, 2.539642e-02, 2.580503e-02
4.164063e+00, 2.293453e-02, 2.332161e-02
4.179688e+00, 2.068767e-02, 2.105366e-02
4.195313e+00, 1.863960e-02, 1.898501e-02
4.210938e+00, 1.677506e-02, 1.710045e-02
4.226563e+00, 1.507971e-02, 1.538569e-02
4.242188e+00, 1.354013e-02, 1.382735e-02
4.257813e+00, 1.214374e-02, 1.241287e-02
4.273438e+00, 1.087879e-02, 1.113054e-02
4.289063e+00, 9.734356e-03, 9.969436e-03
4.304688e+00, 8.700236e-03, 8.919377e-03
4.320313e+00, 7.766963e-03, 7.970903e-03
4.335938e+00, 6.925754e-03, 7.115229e-03
4.351563e+00, 6.168474e-03, 6.344218e-03
4.367188e+00, 5.487600e-03, 5.650340e-03
4.382813e+00, 4.876188e-03, 5.026639e-03
4.398438e+00, 4.327836e-03, 4.466703e-03
4.414063e+00, 3.836657e-03, 3.964624e-03
4.429688e+00, 3.397239e-03, 3.514973e-03
4.445313e+00, 3.004619e-03, 3.112766e-03
4.460938e+00, 2.654252e-03, 2.753437e-03
4.476563e+00, 2.341982e-03, 2.432805e-03
4.492188e+00, 2.064016e-03, 2.147052e-03
4.507813e+00, 1.816896e-03, 1.892694e-03
4.523438e+00, 1.597472e-03, 1.666558e-03
4.539063e+00, 1.402887e-03, 1.465758e-03
4.554688e+00, 1.230544e-03, 1.287671e-03
4.570313e+00, 1.078093e-03, 1.129923e-03
4.585938e+00, 9.434073e-04, 9.903593e-04
4.601563e+00, 8.245660e-04, 8.670352e-04
4.617188e+00, 7.198370e-04, 7.581937e-04
4.632813e+00, 6.276606e-04, 6.622511e-04
4.648438e+00, 5.466344e-04, 5.777819e-04
4.664063e+00, 4.754994e-04, 5.035046e-04
4.679688e+00, 4.131269e-04, 4.382691e-04
4.695313e+00, 3.585065e-04, 3.810446e-04
4.710938e+00, 3.107354e-04, 3.309086e-04
4.726563e+00, 2.690076e-04, 2.870364e-04
4.742188e+00, 2.326052e-04, 2.486923e-04
4.757813e+00, 2.008893e-04, 2.152206e-04
4.773438e+00, 1.732924e-04, 1.860377e-04
4.789063e+00, 1.493111e-04, 1.606252e-04
4.804688e+00, 1.285001e-04, 1.385228e-04
4.820313e+00, 1.104653e-04, 1.193229e-04
4.835938e+00, 9.485971e-05, 1.026646e-04
4.851563e+00, 8.137770e-05, 8.822903e-05
4.867188e+00, 6.975135e-05, 7.573493e-05
4.882813e+00, 5.974644e-05, 6.493435e-05
4.898438e+00, 5.115936e-05, 5.560911e-05
4.914063e+00, 4.381427e-05, 4.756750e-05
4.929688e+00, 3.756091e-05, 4.064127e-05
4.945313e+00, 3.227287e-05, 3.468299e-05
4.960938e+00, 2.784651e-05, 2.956364e-05
4.976563e+00, 2.420042e-05, 2.517046e-05
4.992188e+00, 2.127577e-05, 2.140503e-05
5.000000e+00, 1.973046e-05, 1.973046e-05


