#At time: 0.000000e+00, nsteps= 0


-1.000000e+00, 0.000000e+00, 0.000000e+00
-9.921875e-01, 0.000000e+00, 0.000000e+00
-9.765625e-01, 0.000000e+00, 0.000000e+00
-9.609375e-01, 0.000000e+00, 0.000000e+00
-9.453125e-01, 0.000000e+00, 0.000000e+00
-9.296875e-01, 0.000000e+00, 0.000000e+00
-9.140625e-01, 0.000000e+00, 0.000000e+00
-8.984375e-01, 0.000000e+00, 0.000000e+00
-8.828125e-01, 0.000000e+00, 0.000000e+00
-8.671875e-01, 0.000000e+00, 0.000000e+00
-8.515625e-01, 0.000000e+00, 0.000000e+00
-8.359375e-01, 0.000000e+00, 0.000000e+00
-8.203125e-01, 0.000000e+00, 0.000000e+00
-8.046875e-01, 0.000000e+00, 0.000000e+00
-7.890625e-01, 0.000000e+00, 0.000000e+00
-7.734375e-01, 0.000000e+00, 0.000000e+00
-7.578125e-01, 0.000000e+00, 0.000000e+00
-7.421875e-01, 0.000000e+00, 0.000000e+00
-7.265625e-01, 0.000000e+00, 0.000000e+00
-7.109375e-01, 0.000000e+00, 0.000000e+00
-6.953125e-01, 0.000000e+00, 0.000000e+00
-6.796875e-01, 0.000000e+00, 0.000000e+00
-6.640625e-01, 0.000000e+00, 0.000000e+00
-6.484375e-01, 0.000000e+00, 0.000000e+00
-6.328125e-01, 0.000000e+00, 0.000000e+00
-6.171875e-01, 0.000000e+00, 0.000000e+00
-6.015625e-01, 0.000000e+00, 0.000000e+00
-5.859375e-01, 0.000000e+00, 0.000000e+00
-5.703125e-01, 0.000000e+00, 0.000000e+00
-5.546875e-01, 0.000000e+00, 0.000000e+00
-5.390625e-01, 0.000000e+00, 0.000000e+00
-5.234375e-01, 0.000000e+00, 0.000000e+00
-5.078125e-01, 0.000000e+00, 0.000000e+00
-4.921875e-01, 0.000000e+00, 0.000000e+00
-4.765625e-01, 0.000000e+00, 0.000000e+00
-4.609375e-01, 0.000000e+00, 0.000000e+00
-4.453125e-01, 0.000000e+00, 0.000000e+00
-4.296875e-01, 0.000000e+00, 0.000000e+00
-4.140625e-01, 0.000000e+00, 0.000000e+00
-3.984375e-01, 0.000000e+00, 0.000000e+00
-3.828125e-01, 0.000000e+00, 0.000000e+00
-3.671875e-01, 0.000000e+00, 0.000000e+00
-3.515625e-01, 0.000000e+00, 0.000000e+00
-3.359375e-01, 0.000000e+00, 0.000000e+00
-3.203125e-01, 0.000000e+00, 0.000000e+00
-3.046875e-01, 0.000000e+00, 0.000000e+00
-2.890625e-01, 0.000000e+00, 0.000000e+00
-2.734375e-01, 0.000000e+00, 0.000000e+00
-2.578125e-01, 0.000000e+00, 0.000000e+00
-2.421875e-01, 0.000000e+00, 0.000000e+00
-2.265625e-01, 0.000000e+00, 0.000000e+00
-2.109375e-01, 0.000000e+00, 0.000000e+00
-1.953125e-01, 0.000000e+00, 0.000000e+00
-1.796875e-01, 0.000000e+00, 0.000000e+00
-1.640625e-01, 0.000000e+00, 0.000000e+00
-1.484375e-01, 0.000000e+00, 0.000000e+00
-1.328125e-01, 0.000000e+00, 0.000000e+00
-1.171875e-01, 0.000000e+00, 0.000000e+00
-1.015625e-01, 0.000000e+00, 0.000000e+00
-8.593750e-02, 0.000000e+00, 0.000000e+00
-7.031250e-02, 0.000000e+00, 0.000000e+00
-5.468750e-02, 0.000000e+00, 0.000000e+00
-3.906250e-02, 0.000000e+00, 0.000000e+00
-2.343750e-02, 0.000000e+00, 0.000000e+00
-7.812500e-03, 0.000000e+00, 0.000000e+00
7.812500e-03, 0.000000e+00, 0.000000e+00
2.343750e-02, 0.000000e+00, 0.000000e+00
3.906250e-02, 0.000000e+00, 0.000000e+00
5.468750e-02, 0.000000e+00, 0.000000e+00
7.031250e-02, 0.000000e+00, 0.000000e+00
8.593750e-02, 0.000000e+00, 0.000000e+00
1.015625e-01, 0.000000e+00, 0.000000e+00
1.171875e-01, 0.000000e+00, 0.000000e+00
1.328125e-01, 0.000000e+00, 0.000000e+00
1.484375e-01, 0.000000e+00, 0.000000e+00
1.640625e-01, 0.000000e+00, 0.000000e+00
1.796875e-01, 0.000000e+00, 0.000000e+00
1.953125e-01, 0.000000e+00, 0.000000e+00
2.109375e-01, 0.000000e+00, 0.000000e+00
2.265625e-01, 0.000000e+00, 0.000000e+00
2.421875e-01, 0.000000e+00, 0.000000e+00
2.578125e-01, 0.000000e+00, 0.000000e+00
2.734375e-01, 0.000000e+00, 0.000000e+00
2.890625e-01, 0.000000e+00, 0.000000e+00
3.046875e-01, 0.000000e+00, 0.000000e+00
3.203125e-01, 0.000000e+00, 0.000000e+00
3.359375e-01, 0.000000e+00, 0.000000e+00
3.515625e-01, 0.000000e+00, 0.000000e+00
3.671875e-01, 0.000000e+00, 0.000000e+00
3.828125e-01, 0.000000e+00, 0.000000e+00
3.984375e-01, 0.000000e+00, 0.000000e+00
4.140625e-01, 0.000000e+00, 0.000000e+00
4.296875e-01, 0.000000e+00, 0.000000e+00
4.453125e-01, 0.000000e+00, 0.000000e+00
4.609375e-01, 0.000000e+00, 0.000000e+00
4.765625e-01, 0.000000e+00, 0.000000e+00
4.921875e-01, 0.000000e+00, 0.000000e+00
5.078125e-01, 0.000000e+00, 0.000000e+00
5.234375e-01, 0.000000e+00, 0.000000e+00
5.390625e-01, 0.000000e+00, 0.000000e+00
5.546875e-01, 0.000000e+00, 0.000000e+00
5.703125e-01, 0.000000e+00, 0.000000e+00
5.859375e-01, 0.000000e+00, 0.000000e+00
6.015625e-01, 0.000000e+00, 0.000000e+00
6.171875e-01, 0.000000e+00, 0.000000e+00
6.328125e-01, 0.000000e+00, 0.000000e+00
6.484375e-01, 0.000000e+00, 0.000000e+00
6.640625e-01, 0.000000e+00, 0.000000e+00
6.796875e-01, 0.000000e+00, 0.000000e+00
6.953125e-01, 0.000000e+00, 0.000000e+00
7.109375e-01, 0.000000e+00, 0.000000e+00
7.265625e-01, 0.000000e+00, 0.000000e+00
7.421875e-01, 0.000000e+00, 0.000000e+00
7.578125e-01, 0.000000e+00, 0.000000e+00
7.734375e-01, 0.000000e+00, 0.000000e+00
7.890625e-01, 0.000000e+00, 0.000000e+00
8.046875e-01, 0.000000e+00, 0.000000e+00
8.203125e-01, 0.000000e+00, 0.000000e+00
8.359375e-01, 0.000000e+00, 0.000000e+00
8.515625e-01, 0.000000e+00, 0.000000e+00
8.671875e-01, 0.000000e+00, 0.000000e+00
8.828125e-01, 0.000000e+00, 0.000000e+00
8.984375e-01, 0.000000e+00, 0.000000e+00
9.140625e-01, 0.000000e+00, 0.000000e+00
9.296875e-01, 0.000000e+00, 0.000000e+00
9.453125e-01, 0.000000e+00, 0.000000e+00
9.609375e-01, 0.000000e+00, 0.000000e+00
9.765625e-01, 0.000000e+00, 0.000000e+00
9.921875e-01, 0.000000e+00, 0.000000e+00
1.007813e+00, 5.000000e+00, 5.000000e+00
1.023438e+00, 5.000000e+00, 5.000000e+00
1.039063e+00, 5.000000e+00, 5.000000e+00
1.054688e+00, 5.000000e+00, 5.000000e+00
1.070313e+00, 5.000000e+00, 5.000000e+00
1.085938e+00, 5.000000e+00, 5.000000e+00
1.101563e+00, 5.000000e+00, 5.000000e+00
1.117188e+00, 5.000000e+00, 5.000000e+00
1.132813e+00, 5.000000e+00, 5.000000e+00
1.148438e+00, 5.000000e+00, 5.000000e+00
1.164063e+00, 5.000000e+00, 5.000000e+00
1.179688e+00, 5.000000e+00, 5.000000e+00
1.195313e+00, 5.000000e+00, 5.000000e+00
1.210938e+00, 5.000000e+00, 5.000000e+00
1.226563e+00, 5.000000e+00, 5.000000e+00
1.242188e+00, 5.000000e+00, 5.000000e+00
1.257813e+00, 5.000000e+00, 5.000000e+00
1.273438e+00, 5.000000e+00, 5.000000e+00
1.289063e+00, 5.000000e+00, 5.000000e+00
1.304688e+00, 5.000000e+00, 5.000000e+00
1.320313e+00, 5.000000e+00, 5.000000e+00
1.335938e+00, 5.000000e+00, 5.000000e+00
1.351563e+00, 5.000000e+00, 5.000000e+00
1.367188e+00, 5.000000e+00, 5.000000e+00
1.382813e+00, 5.000000e+00, 5.000000e+00
1.398438e+00, 5.000000e+00, 5.000000e+00
1.414063e+00, 5.000000e+00, 5.000000e+00
1.429688e+00, 5.000000e+00, 5.000000e+00
1.445313e+00, 5.000000e+00, 5.000000e+00
1.460938e+00, 5.000000e+00, 5.000000e+00
1.476563e+00, 5.000000e+00, 5.000000e+00
1.492188e+00, 5.000000e+00, 5.000000e+00
1.507813e+00, 5.000000e+00, 5.000000e+00
1.523438e+00, 5.000000e+00, 5.000000e+00
1.539063e+00, 5.000000e+00, 5.000000e+00
1.554688e+00, 5.000000e+00, 5.000000e+00
1.570313e+00, 5.000000e+00, 5.000000e+00
1.585938e+00, 5.000000e+00, 5.000000e+00
1.601563e+00, 5.000000e+00, 5.000000e+00
1.617188e+00, 5.000000e+00, 5.000000e+00
1.632813e+00, 5.000000e+00, 5.000000e+00
1.648438e+00, 5.000000e+00, 5.000000e+00
1.664063e+00, 5.000000e+00, 5.000000e+00
1.679688e+00, 5.000000e+00, 5.000000e+00
1.695313e+00, 5.000000e+00, 5.000000e+00
1.710938e+00, 5.000000e+00, 5.000000e+00
1.726563e+00, 5.000000e+00, 5.000000e+00
1.742188e+00, 5.000000e+00, 5.000000e+00
1.757813e+00, 5.000000e+00, 5.000000e+00
1.773438e+00, 5.000000e+00, 5.000000e+00
1.789063e+00, 5.000000e+00, 5.000000e+00
1.804688e+00, 5.000000e+00, 5.000000e+00
1.820313e+00, 5.000000e+00, 5.000000e+00
1.835938e+00, 5.000000e+00, 5.000000e+00
1.851563e+00, 5.000000e+00, 5.000000e+00
1.867188e+00, 5.000000e+00, 5.000000e+00
1.882813e+00, 5.000000e+00, 5.000000e+00
1.898438e+00, 5.000000e+00, 5.000000e+00
1.914063e+00, 5.000000e+00, 5.000000e+00
1.929688e+00, 5.000000e+00, 5.000000e+00
1.945313e+00, 5.000000e+00, 5.000000e+00
1.960938e+00, 5.000000e+00, 5.000000e+00
1.976563e+00, 5.000000e+00, 5.000000e+00
1.992188e+00, 5.000000e+00, 5.000000e+00
2.007813e+00, 0.000000e+00, 0.000000e+00
2.023438e+00, 0.000000e+00, 0.000000e+00
2.039063e+00, 0.000000e+00, 0.000000e+00
2.054688e+00, 0.000000e+00, 0.000000e+00
2.070313e+00, 0.000000e+00, 0.000000e+00
2.085938e+00, 0.000000e+00, 0.000000e+00
2.101563e+00, 0.000000e+00, 0.000000e+00
2.117188e+00, 0.000000e+00, 0.000000e+00
2.132813e+00, 0.000000e+00, 0.000000e+00
2.148438e+00, 0.000000e+00, 0.000000e+00
2.164063e+00, 0.000000e+00, 0.000000e+00
2.179688e+00, 0.000000e+00, 0.000000e+00
2.195313e+00, 0.000000e+00, 0.000000e+00
2.210938e+00, 0.000000e+00, 0.000000e+00
2.226563e+00, 0.000000e+00, 0.000000e+00
2.242188e+00, 0.000000e+00, 0.000000e+00
2.257813e+00, 0.000000e+00, 0.000000e+00
2.273438e+00, 0.000000e+00, 0.000000e+00
2.289063e+00, 0.000000e+00, 0.000000e+00
2.304688e+00, 0.000000e+00, 0.000000e+00
2.320313e+00, 0.000000e+00, 0.000000e+00
2.335938e+00, 0.000000e+00, 0.000000e+00
2.351563e+00, 0.000000e+00, 0.000000e+00
2.367188e+00, 0.000000e+00, 0.000000e+00
2.382813e+00, 0.000000e+00, 0.000000e+00
2.398438e+00, 0.000000e+00, 0.000000e+00
2.414063e+00, 0.000000e+00, 0.000000e+00
2.429688e+00, 0.000000e+00, 0.000000e+00
2.445313e+00, 0.000000e+00, 0.000000e+00
2.460938e+00, 0.000000e+00, 0.000000e+00
2.476563e+00, 0.000000e+00, 0.000000e+00
2.492188e+00, 0.000000e+00, 0.000000e+00
2.507813e+00, 0.000000e+00, 0.000000e+00
2.523438e+00, 0.000000e+00, 0.000000e+00
2.539063e+00, 0.000000e+00, 0.000000e+00
2.554688e+00, 0.000000e+00, 0.000000e+00
2.570313e+00, 0.000000e+00, 0.000000e+00
2.585938e+00, 0.000000e+00, 0.000000e+00
2.601563e+00, 0.000000e+00, 0.000000e+00
2.617188e+00, 0.000000e+00, 0.000000e+00
2.632813e+00, 0.000000e+00, 0.000000e+00
2.648438e+00, 0.000000e+00, 0.000000e+00
2.664063e+00, 0.000000e+00, 0.000000e+00
2.679688e+00, 0.000000e+00, 0.000000e+00
2.695313e+00, 0.000000e+00, 0.000000e+00
2.710938e+00, 0.000000e+00, 0.000000e+00
2.726563e+00, 0.000000e+00, 0.000000e+00
2.742188e+00, 0.000000e+00, 0.000000e+00
2.757813e+00, 0.000000e+00, 0.000000e+00
2.773438e+00, 0.000000e+00, 0.000000e+00
2.789063e+00, 0.000000e+00, 0.000000e+00
2.804688e+00, 0.000000e+00, 0.000000e+00
2.820313e+00, 0.000000e+00, 0.000000e+00
2.835938e+00, 0.000000e+00, 0.000000e+00
2.851563e+00, 0.000000e+00, 0.000000e+00
2.867188e+00, 0.000000e+00, 0.000000e+00
2.882813e+00, 0.000000e+00, 0.000000e+00
2.898438e+00, 0.000000e+00, 0.000000e+00
2.914063e+00, 0.000000e+00, 0.000000e+00
2.929688e+00, 0.000000e+00, 0.000000e+00
2.945313e+00, 0.000000e+00, 0.000000e+00
2.960938e+00, 0.000000e+00, 0.000000e+00
2.976563e+00, 0.000000e+00, 0.000000e+00
2.992188e+00, 0.000000e+00, 0.000000e+00
3.007813e+00, 0.000000e+00, 0.000000e+00
3.023438e+00, 0.000000e+00, 0.000000e+00
3.039063e+00, 0.000000e+00, 0.000000e+00
3.054688e+00, 0.000000e+00, 0.000000e+00
3.070313e+00, 0.000000e+00, 0.000000e+00
3.085938e+00, 0.000000e+00, 0.000000e+00
3.101563e+00, 0.000000e+00, 0.000000e+00
3.117188e+00, 0.000000e+00, 0.000000e+00
3.132813e+00, 0.000000e+00, 0.000000e+00
3.148438e+00, 0.000000e+00, 0.000000e+00
3.164063e+00, 0.000000e+00, 0.000000e+00
3.179688e+00, 0.000000e+00, 0.000000e+00
3.195313e+00, 0.000000e+00, 0.000000e+00
3.210938e+00, 0.000000e+00, 0.000000e+00
3.226563e+00, 0.000000e+00, 0.000000e+00
3.242188e+00, 0.000000e+00, 0.000000e+00
3.257813e+00, 0.000000e+00, 0.000000e+00
3.273438e+00, 0.000000e+00, 0.000000e+00
3.289063e+00, 0.000000e+00, 0.000000e+00
3.304688e+00, 0.000000e+00, 0.000000e+00
3.320313e+00, 0.000000e+00, 0.000000e+00
3.335938e+00, 0.000000e+00, 0.000000e+00
3.351563e+00, 0.000000e+00, 0.000000e+00
3.367188e+00, 0.000000e+00, 0.000000e+00
3.382813e+00, 0.000000e+00, 0.000000e+00
3.398438e+00, 0.000000e+00, 0.000000e+00
3.414063e+00, 0.000000e+00, 0.000000e+00
3.429688e+00, 0.000000e+00, 0.000000e+00
3.445313e+00, 0.000000e+00, 0.000000e+00
3.460938e+00, 0.000000e+00, 0.000000e+00
3.476563e+00, 0.000000e+00, 0.000000e+00
3.492188e+00, 0.000000e+00, 0.000000e+00
3.507813e+00, 0.000000e+00, 0.000000e+00
3.523438e+00, 0.000000e+00, 0.000000e+00
3.539063e+00, 0.000000e+00, 0.000000e+00
3.554688e+00, 0.000000e+00, 0.000000e+00
3.570313e+00, 0.000000e+00, 0.000000e+00
3.585938e+00, 0.000000e+00, 0.000000e+00
3.601563e+00, 0.000000e+00, 0.000000e+00
3.617188e+00, 0.000000e+00, 0.000000e+00
3.632813e+00, 0.000000e+00, 0.000000e+00
3.648438e+00, 0.000000e+00, 0.000000e+00
3.664063e+00, 0.000000e+00, 0.000000e+00
3.679688e+00, 0.000000e+00, 0.000000e+00
3.695313e+00, 0.000000e+00, 0.000000e+00
3.710938e+00, 0.000000e+00, 0.000000e+00
3.726563e+00, 0.000000e+00, 0.000000e+00
3.742188e+00, 0.000000e+00, 0.000000e+00
3.757813e+00, 0.000000e+00, 0.000000e+00
3.773438e+00, 0.000000e+00, 0.000000e+00
3.789063e+00, 0.000000e+00, 0.000000e+00
3.804688e+00, 0.000000e+00, 0.000000e+00
3.820313e+00, 0.000000e+00, 0.000000e+00
3.835938e+00, 0.000000e+00, 0.000000e+00
3.851563e+00, 0.000000e+00, 0.000000e+00
3.867188e+00, 0.000000e+00, 0.000000e+00
3.882813e+00, 0.000000e+00, 0.000000e+00
3.898438e+00, 0.000000e+00, 0.000000e+00
3.914063e+00, 0.000000e+00, 0.000000e+00
3.929688e+00, 0.000000e+00, 0.000000e+00
3.945313e+00, 0.000000e+00, 0.000000e+00
3.960938e+00, 0.000000e+00, 0.000000e+00
3.976563e+00, 0.000000e+00, 0.000000e+00
3.992188e+00, 0.000000e+00, 0.000000e+00
4.000000e+00, 0.000000e+00, 0.000000e+00


#At time: 2.500488e+01, nsteps= 205


-1.000000e+00, 0.000000e+00, 0.000000e+00
-9.921875e-01, 6.746393e-21, 0.000000e+00
-9.765625e-01, 1.447801e-19, 0.000000e+00
-9.609375e-01, 1.751907e-19, 0.000000e+00
-9.453125e-01, 6.464223e-19, 0.000000e+00
-9.296875e-01, 7.660839e-19, 0.000000e+00
-9.140625e-01, 2.643217e-18, 0.000000e+00
-8.984375e-01, 3.121356e-18, 0.000000e+00
-8.828125e-01, 1.045887e-17, 0.000000e+00
-8.671875e-01, 1.231723e-17, 2.775558e-16
-8.515625e-01, 4.017807e-17, 2.775558e-16
-8.359375e-01, 4.719057e-17, 5.551115e-16
-8.203125e-01, 1.499440e-16, 8.326673e-16
-8.046875e-01, 1.756447e-16, 1.665335e-15
-7.890625e-01, 5.439004e-16, 2.775558e-15
-7.734375e-01, 6.354278e-16, 4.996004e-15
-7.578125e-01, 1.918497e-15, 8.881784e-15
-7.421875e-01, 2.235373e-15, 1.526557e-14
-7.265625e-01, 6.583347e-15, 2.636780e-14
-7.109375e-01, 7.650303e-15, 4.579670e-14
-6.953125e-01, 2.198667e-14, 7.854828e-14
-6.796875e-01, 2.548212e-14, 1.346145e-13
-6.640625e-01, 7.149487e-14, 2.292611e-13
-6.484375e-01, 8.264112e-14, 3.883005e-13
-6.328125e-01, 2.264439e-13, 6.550316e-13
-6.171875e-01, 2.610527e-13, 1.099121e-12
-6.015625e-01, 6.988388e-13, 1.835754e-12
-5.859375e-01, 8.035118e-13, 3.051448e-12
-5.703125e-01, 2.102220e-12, 5.048184e-12
-5.546875e-01, 2.410694e-12, 8.311130e-12
-5.390625e-01, 6.166112e-12, 1.361800e-11
-5.234375e-01, 7.052213e-12, 2.220668e-11
-5.078125e-01, 1.764081e-11, 3.603895e-11
-4.921875e-01, 2.012258e-11, 5.820788e-11
-4.765625e-01, 4.924192e-11, 9.356516e-11
-4.609375e-01, 5.602123e-11, 1.496819e-10
-4.453125e-01, 1.341503e-10, 2.383130e-10
-4.296875e-01, 1.522170e-10, 3.776163e-10
-4.140625e-01, 3.567914e-10, 5.954959e-10
-3.984375e-01, 4.037765e-10, 9.346157e-10
-3.828125e-01, 9.266670e-10, 1.459871e-09
-3.671875e-01, 1.045941e-09, 2.269465e-09
-3.515625e-01, 2.350912e-09, 3.511249e-09
-3.359375e-01, 2.646535e-09, 5.406668e-09
-3.203125e-01, 5.827262e-09, 8.285689e-09
-3.046875e-01, 6.542826e-09, 1.263745e-08
-2.890625e-01, 1.411616e-08, 1.918331e-08
-2.734375e-01, 1.580806e-08, 2.898155e-08
-2.578125e-01, 3.342700e-08, 4.357677e-08
-2.421875e-01, 3.733552e-08, 6.521161e-08
-2.265625e-01, 7.739412e-08, 9.712535e-08
-2.109375e-01, 8.621786e-08, 1.439724e-07
-1.953125e-01, 1.752453e-07, 2.124057e-07
-1.796875e-01, 1.947161e-07, 3.118851e-07
-1.640625e-01, 3.881569e-07, 4.557915e-07
-1.484375e-01, 4.301608e-07, 6.629522e-07
-1.328125e-01, 8.411682e-07, 9.597190e-07
-1.171875e-01, 9.297720e-07, 1.382781e-06
-1.015625e-01, 1.783867e-06, 1.982950e-06
-8.593750e-02, 1.966655e-06, 2.830223e-06
-7.031250e-02, 3.702822e-06, 4.020518e-06
-5.468750e-02, 4.071672e-06, 5.684566e-06
-3.906250e-02, 7.524519e-06, 7.999603e-06
-2.343750e-02, 8.252685e-06, 1.120462e-05
-7.812500e-03, 1.497210e-05, 1.562017e-05
7.812500e-03, 1.637865e-05, 2.167384e-05
2.343750e-02, 2.917597e-05, 2.993296e-05
3.906250e-02, 3.183482e-05, 4.114615e-05
5.468750e-02, 5.569108e-05, 5.629590e-05
7.031250e-02, 6.061036e-05, 7.666457e-05
8.593750e-02, 1.041456e-04, 1.039167e-04
1.015625e-01, 1.130549e-04, 1.402010e-04
1.171875e-01, 1.908393e-04, 1.882758e-04
1.328125e-01, 2.066361e-04, 2.516625e-04
1.484375e-01, 3.427212e-04, 3.348308e-04
1.640625e-01, 3.701458e-04, 4.434232e-04
1.796875e-01, 6.033022e-04, 5.845213e-04
1.953125e-01, 6.499256e-04, 7.669629e-04
2.109375e-01, 1.041174e-03, 1.001714e-03
2.265625e-01, 1.118800e-03, 1.302301e-03
2.421875e-01, 1.761891e-03, 1.685316e-03
2.578125e-01, 1.888483e-03, 2.170986e-03
2.734375e-01, 2.923990e-03, 2.783826e-03
2.890625e-01, 3.126216e-03, 3.553371e-03
3.046875e-01, 4.759780e-03, 4.514986e-03
3.203125e-01, 5.076258e-03, 5.710761e-03
3.359375e-01, 7.601267e-03, 7.190476e-03
3.515625e-01, 8.086517e-03, 9.012642e-03
3.671875e-01, 1.191099e-02, 1.124559e-02
3.828125e-01, 1.264001e-02, 1.396859e-02
3.984375e-01, 1.831674e-02, 1.727306e-02
4.140625e-01, 1.939001e-02, 2.126361e-02
4.296875e-01, 2.764806e-02, 2.605924e-02
4.453125e-01, 2.919652e-02, 3.179432e-02
4.609375e-01, 4.097098e-02, 3.861950e-02
4.765625e-01, 4.316050e-02, 4.670243e-02
4.921875e-01, 5.961634e-02, 5.622831e-02
5.078125e-01, 6.265081e-02, 6.740007e-02
5.234375e-01, 8.519544e-02, 8.043829e-02
5.390625e-01, 8.931764e-02, 9.558076e-02
5.546875e-01, 1.195963e-01, 1.130814e-01
5.703125e-01, 1.250856e-01, 1.332091e-01
5.859375e-01, 1.649537e-01, 1.562455e-01
6.015625e-01, 1.721196e-01, 1.824826e-01
6.171875e-01, 2.235872e-01, 2.122195e-01
6.328125e-01, 2.327579e-01, 2.457592e-01
6.484375e-01, 2.979030e-01, 2.834036e-01
6.640625e-01, 3.094097e-01, 3.254496e-01
6.796875e-01, 3.902613e-01, 3.721832e-01
6.953125e-01, 4.044167e-01, 4.238740e-01
7.109375e-01, 5.028117e-01, 4.807697e-01
7.265625e-01, 5.198860e-01, 5.430894e-01
7.421875e-01, 6.373084e-01, 6.110180e-01
7.578125e-01, 6.575022e-01, 6.846997e-01
7.734375e-01, 7.949183e-01, 7.642329e-01
7.890625e-01, 8.183373e-01, 8.496642e-01
8.046875e-01, 9.760421e-01, 9.409844e-01
8.203125e-01, 1.002674e+00, 1.038124e+00
8.359375e-01, 1.180168e+00, 1.140951e+00
8.515625e-01, 1.209867e+00, 1.249269e+00
8.671875e-01, 1.405781e+00, 1.362815e+00
8.828125e-01, 1.438258e+00, 1.481262e+00
8.984375e-01, 1.650336e+00, 1.604221e+00
9.140625e-01, 1.685163e+00, 1.731241e+00
9.296875e-01, 1.910318e+00, 1.861818e+00
9.453125e-01, 1.946944e+00, 1.995397e+00
9.609375e-01, 2.181382e+00, 2.131384e+00
9.765625e-01, 2.219155e+00, 2.269146e+00
9.921875e-01, 2.458560e+00, 2.408028e+00
1.007813e+00, 2.496762e+00, 2.547356e+00
1.023438e+00, 2.736536e+00, 2.686451e+00
1.039063e+00, 2.774425e+00, 2.824636e+00
1.054688e+00, 3.009944e+00, 2.961248e+00
1.070313e+00, 3.046795e+00, 3.095646e+00
1.085938e+00, 3.273674e+00, 3.227221e+00
1.101563e+00, 3.308821e+00, 3.355401e+00
1.117188e+00, 3.523155e+00, 3.479664e+00
1.132813e+00, 3.556024e+00, 3.599537e+00
1.148438e+00, 3.754577e+00, 3.714608e+00
1.164063e+00, 3.784716e+00, 3.824522e+00
1.179688e+00, 3.965054e+00, 3.928991e+00
1.195313e+00, 3.992144e+00, 4.027786e+00
1.210938e+00, 4.152693e+00, 4.120744e+00
1.226563e+00, 4.176553e+00, 4.207764e+00
1.242188e+00, 4.316584e+00, 4.288799e+00
1.257813e+00, 4.337163e+00, 4.363860e+00
1.273438e+00, 4.456711e+00, 4.433003e+00
1.289063e+00, 4.474070e+00, 4.496331e+00
1.304688e+00, 4.573796e+00, 4.553978e+00
1.320313e+00, 4.588084e+00, 4.606114e+00
1.335938e+00, 4.669108e+00, 4.652926e+00
1.351563e+00, 4.680532e+00, 4.694619e+00
1.367188e+00, 4.744236e+00, 4.731408e+00
1.382813e+00, 4.753028e+00, 4.763505e+00
1.398438e+00, 4.800869e+00, 4.791122e+00
1.414063e+00, 4.807259e+00, 4.814456e+00
1.429688e+00, 4.840587e+00, 4.833689e+00
1.445313e+00, 4.844773e+00, 4.848981e+00
1.460938e+00, 4.864681e+00, 4.860468e+00
1.476563e+00, 4.866812e+00, 4.868254e+00
1.492188e+00, 4.874019e+00, 4.872413e+00
1.507813e+00, 4.874175e+00, 4.872985e+00
1.523438e+00, 4.868957e+00, 4.869977e+00
1.539063e+00, 4.867144e+00, 4.863358e+00
1.554688e+00, 4.849301e+00, 4.853066e+00
1.570313e+00, 4.845450e+00, 4.839005e+00
1.585938e+00, 4.814331e+00, 4.821050e+00
1.601563e+00, 4.808305e+00, 4.799047e+00
1.617188e+00, 4.762870e+00, 4.772822e+00
1.632813e+00, 4.754476e+00, 4.742181e+00
1.648438e+00, 4.693408e+00, 4.706917e+00
1.664063e+00, 4.682420e+00, 4.666817e+00
1.679688e+00, 4.604268e+00, 4.621666e+00
1.695313e+00, 4.590452e+00, 4.571256e+00
1.710938e+00, 4.493810e+00, 4.515392e+00
1.726563e+00, 4.476953e+00, 4.453899e+00
1.742188e+00, 4.360645e+00, 4.386630e+00
1.757813e+00, 4.340587e+00, 4.313472e+00
1.773438e+00, 4.203865e+00, 4.234352e+00
1.789063e+00, 4.180530e+00, 4.149246e+00
1.804688e+00, 4.023249e+00, 4.058180e+00
1.820313e+00, 3.996668e+00, 3.961238e+00
1.835938e+00, 3.819427e+00, 3.858563e+00
1.851563e+00, 3.789758e+00, 3.750364e+00
1.867188e+00, 3.593992e+00, 3.636908e+00
1.882813e+00, 3.561532e+00, 3.518529e+00
1.898438e+00, 3.349538e+00, 3.395623e+00
1.914063e+00, 3.314720e+00, 3.268642e+00
1.929688e+00, 3.089611e+00, 3.138094e+00
1.945313e+00, 3.052990e+00, 3.004535e+00
1.960938e+00, 2.818575e+00, 2.868563e+00
1.976563e+00, 2.780805e+00, 2.730810e+00
1.992188e+00, 2.541406e+00, 2.591933e+00
2.007813e+00, 2.503205e+00, 2.452605e+00
2.023438e+00, 2.263425e+00, 2.313507e+00
2.039063e+00, 2.225535e+00, 2.175314e+00
2.054688e+00, 1.989996e+00, 2.038689e+00
2.070313e+00, 1.953140e+00, 1.904273e+00
2.085938e+00, 1.726219e+00, 1.772672e+00
2.101563e+00, 1.691064e+00, 1.644456e+00
2.117188e+00, 1.476653e+00, 1.520146e+00
2.132813e+00, 1.443768e+00, 1.400210e+00
2.148438e+00, 1.245080e+00, 1.285057e+00
2.164063e+00, 1.214914e+00, 1.175034e+00
2.179688e+00, 1.034342e+00, 1.070425e+00
2.195313e+00, 1.007206e+00, 9.714470e-01
2.210938e+00, 8.462653e-01, 8.782537e-01
2.226563e+00, 8.223284e-01, 7.909337e-01
2.242188e+00, 6.816536e-01, 7.095153e-01
2.257813e+00, 6.609486e-01, 6.339690e-01
2.273438e+00, 5.403653e-01, 5.642127e-01
2.289063e+00, 5.228040e-01, 5.001161e-01
2.304688e+00, 4.214441e-01, 4.415067e-01
2.320313e+00, 4.068393e-01, 3.881757e-01
2.335938e+00, 3.232908e-01, 3.398839e-01
2.351563e+00, 3.113816e-01, 2.963681e-01
2.367188e+00, 2.438529e-01, 2.573467e-01
2.382813e+00, 2.343317e-01, 2.225260e-01
2.398438e+00, 1.808139e-01, 1.916050e-01
2.414063e+00, 1.733509e-01, 1.642805e-01
2.429688e+00, 1.317649e-01, 1.402519e-01
2.445313e+00, 1.260301e-01, 1.192245e-01
2.460938e+00, 9.434785e-02, 1.009129e-01
2.476563e+00, 9.002783e-02, 8.504402e-02
2.492188e+00, 6.636431e-02, 7.135897e-02
2.507813e+00, 6.317426e-02, 5.961467e-02
2.523438e+00, 4.584766e-02, 4.958494e-02
2.539063e+00, 4.353868e-02, 4.106117e-02
2.554688e+00, 3.110237e-02, 3.385251e-02
2.570313e+00, 2.946431e-02, 2.778572e-02
2.585938e+00, 2.071478e-02, 2.270479e-02
2.601563e+00, 1.957585e-02, 1.847023e-02
2.617188e+00, 1.354244e-02, 1.495823e-02
2.632813e+00, 1.276639e-02, 1.205967e-02
2.648438e+00, 8.688901e-03, 9.679061e-03
2.664063e+00, 8.170738e-03, 7.733357e-03
2.679688e+00, 5.470251e-03, 6.150850e-03
2.695313e+00, 5.131250e-03, 4.870010e-03
2.710938e+00, 3.378692e-03, 3.838377e-03
2.726563e+00, 3.161395e-03, 3.011509e-03
2.742188e+00, 2.046982e-03, 2.351989e-03
2.757813e+00, 1.910530e-03, 1.828510e-03
2.773438e+00, 1.216269e-03, 1.415031e-03
2.789063e+00, 1.132334e-03, 1.090029e-03
2.804688e+00, 7.086329e-04, 8.358141e-04
2.820313e+00, 6.580632e-04, 6.379369e-04
2.835938e+00, 4.047765e-04, 4.846618e-04
2.851563e+00, 3.749376e-04, 3.665133e-04
2.867188e+00, 2.266404e-04, 2.758848e-04
2.882813e+00, 2.093991e-04, 2.067044e-04
2.898438e+00, 1.243692e-04, 1.541533e-04
2.914063e+00, 1.146148e-04, 1.144286e-04
2.929688e+00, 6.687532e-05, 8.454587e-05
2.945313e+00, 6.147255e-05, 6.217612e-05
2.960938e+00, 3.523060e-05, 4.551200e-05
2.976563e+00, 3.230129e-05, 3.315866e-05
2.992188e+00, 1.818015e-05, 2.404554e-05
3.007813e+00, 1.662566e-05, 1.735547e-05
3.023438e+00, 9.187951e-06, 1.246811e-05
3.039063e+00, 8.380684e-06, 8.915074e-06
3.054688e+00, 4.546769e-06, 6.344650e-06
3.070313e+00, 4.136571e-06, 4.494142e-06
3.085938e+00, 2.202760e-06, 3.168404e-06
3.101563e+00, 1.998845e-06, 2.223244e-06
3.117188e+00, 1.044544e-06, 1.552691e-06
3.132813e+00, 9.453900e-07, 1.079275e-06
3.148438e+00, 4.847238e-07, 7.466679e-07
3.164063e+00, 4.375713e-07, 5.141255e-07
3.179688e+00, 2.200800e-07, 3.523349e-07
3.195313e+00, 1.981541e-07, 2.403176e-07
3.210938e+00, 9.774462e-08, 1.631389e-07
3.226563e+00, 8.777722e-08, 1.102225e-07
3.242188e+00, 4.245574e-08, 7.411780e-08
3.257813e+00, 3.802681e-08, 4.960355e-08
3.273438e+00, 1.803072e-08, 3.303999e-08
3.289063e+00, 1.610755e-08, 2.190296e-08
3.304688e+00, 7.485513e-09, 1.445108e-08
3.320313e+00, 6.669589e-09, 9.489229e-09
3.335938e+00, 3.037085e-09, 6.201461e-09
3.351563e+00, 2.698945e-09, 4.033558e-09
3.367188e+00, 1.203956e-09, 2.611036e-09
3.382813e+00, 1.067102e-09, 1.682158e-09
3.398438e+00, 4.661980e-10, 1.078571e-09
3.414063e+00, 4.121185e-10, 6.882686e-10
3.429688e+00, 1.762867e-10, 4.371131e-10
3.445313e+00, 1.554270e-10, 2.762834e-10
3.460938e+00, 6.507841e-11, 1.737963e-10
3.476563e+00, 5.722654e-11, 1.088055e-10
3.492188e+00, 2.344752e-11, 6.779272e-11
3.507813e+00, 2.056411e-11, 4.203748e-11
3.523438e+00, 8.242686e-12, 2.594258e-11
3.539063e+00, 7.209962e-12, 1.593337e-11
3.554688e+00, 2.826288e-12, 9.739154e-12
3.570313e+00, 2.465645e-12, 5.924705e-12
3.585938e+00, 9.449275e-13, 3.586853e-12
3.601563e+00, 8.221693e-13, 2.161049e-12
3.617188e+00, 3.079408e-13, 1.295908e-12
3.632813e+00, 2.672252e-13, 7.732703e-13
3.648438e+00, 9.778420e-14, 4.593548e-13
3.664063e+00, 8.463018e-14, 2.714495e-13
3.679688e+00, 3.024422e-14, 1.595946e-13
3.695313e+00, 2.610623e-14, 9.353629e-14
3.710938e+00, 9.107948e-15, 5.440093e-14
3.726563e+00, 7.840907e-15, 3.164136e-14
3.742188e+00, 2.669486e-15, 1.831868e-14
3.757813e+00, 2.292009e-15, 1.054712e-14
3.773438e+00, 7.611677e-16, 6.106227e-15
3.789063e+00, 6.517948e-16, 3.330669e-15
3.804688e+00, 2.110505e-16, 1.942890e-15
3.820313e+00, 1.802427e-16, 1.110223e-15
3.835938e+00, 5.687797e-17, 5.551115e-16
3.851563e+00, 4.844568e-17, 2.775558e-16
3.867188e+00, 1.489156e-17, 2.775558e-16
3.882813e+00, 1.264995e-17, 0.000000e+00
3.898438e+00, 3.785379e-18, 0.000000e+00
3.914063e+00, 3.206827e-18, 0.000000e+00
3.929688e+00, 9.319292e-19, 0.000000e+00
3.945313e+00, 7.866776e-19, 0.000000e+00
3.960938e+00, 2.137866e-19, 0.000000e+00
3.976563e+00, 1.767257e-19, 0.000000e+00
3.992188e+00, 8.308060e-21, 0.000000e+00
4.000000e+00, 0.000000e+00, 0.000000e+00


#At time: 5.000976e+01, nsteps= 410


-1.000000e+00, 5.753412e-10, 5.753412e-10
-9.921875e-01, 7.218147e-10, 6.751927e-10
-9.765625e-01, 7.135721e-10, 9.282280e-10
-9.609375e-01, 1.127956e-09, 1.273049e-09
-9.453125e-01, 1.241746e-09, 1.741804e-09
-9.296875e-01, 2.006509e-09, 2.377484e-09
-9.140625e-01, 2.287603e-09, 3.237430e-09
-8.984375e-01, 3.702500e-09, 4.397928e-09
-8.828125e-01, 4.258263e-09, 5.960203e-09
-8.671875e-01, 6.856147e-09, 8.058228e-09
-8.515625e-01, 7.891947e-09, 1.086886e-08
-8.359375e-01, 1.261459e-08, 1.462496e-08
-8.203125e-01, 1.450001e-08, 1.963235e-08
-8.046875e-01, 2.299574e-08, 2.629159e-08
-7.890625e-01, 2.637920e-08, 3.512602e-08
-7.734375e-01, 4.150201e-08, 4.681759e-08
-7.578125e-01, 4.750369e-08, 6.225259e-08
-7.421875e-01, 7.414066e-08, 8.257996e-08
-7.265625e-01, 8.467177e-08, 1.092851e-07
-7.109375e-01, 1.310987e-07, 1.442837e-07
-6.953125e-01, 1.493826e-07, 1.900393e-07
-6.796875e-01, 2.294584e-07, 2.497125e-07
-6.640625e-01, 2.608701e-07, 3.273470e-07
-6.484375e-01, 3.975457e-07, 4.281026e-07
-6.328125e-01, 4.509489e-07, 5.585468e-07
-6.171875e-01, 6.818104e-07, 7.270157e-07
-6.015625e-01, 7.716579e-07, 9.440635e-07
-5.859375e-01, 1.157576e-06, 1.223017e-06
-5.703125e-01, 1.307173e-06, 1.580657e-06
-5.546875e-01, 1.945633e-06, 2.038064e-06
-5.390625e-01, 2.192139e-06, 2.621641e-06
-5.234375e-01, 3.237530e-06, 3.364378e-06
-5.078125e-01, 3.639535e-06, 4.307376e-06
-4.921875e-01, 5.333645e-06, 5.501714e-06
-4.765625e-01, 5.982499e-06, 7.010695e-06
-4.609375e-01, 8.699765e-06, 8.912564e-06
-4.453125e-01, 9.736305e-06, 1.130377e-05
-4.296875e-01, 1.405012e-05, 1.430289e-05
-4.140625e-01, 1.568904e-05, 1.805531e-05
-3.984375e-01, 2.246766e-05, 2.273879e-05
-3.828125e-01, 2.503256e-05, 2.857009e-05
-3.671875e-01, 3.557593e-05, 3.581284e-05
-3.515625e-01, 3.954911e-05, 4.478673e-05
-3.359375e-01, 5.578166e-05, 5.587844e-05
-3.203125e-01, 6.187380e-05, 6.955435e-05
-3.046875e-01, 8.661227e-05, 8.637544e-05
-2.890625e-01, 9.585866e-05, 1.070146e-04
-2.734375e-01, 1.331791e-04, 1.322768e-04
-2.578125e-01, 1.470709e-04, 1.631221e-04
-2.421875e-01, 2.028046e-04, 2.006926e-04
-2.265625e-01, 2.234647e-04, 2.463432e-04
-2.109375e-01, 3.058587e-04, 3.016763e-04
-1.953125e-01, 3.362749e-04, 3.685821e-04
-1.796875e-01, 4.568581e-04, 4.492838e-04
-1.640625e-01, 5.011870e-04, 5.463889e-04
-1.484375e-01, 6.758902e-04, 6.629467e-04
-1.328125e-01, 7.398467e-04, 8.025131e-04
-1.171875e-01, 9.904262e-04, 9.692226e-04
-1.015625e-01, 1.081776e-03, 1.167869e-03
-8.593750e-02, 1.437594e-03, 1.403993e-03
-7.031250e-02, 1.566763e-03, 1.683981e-03
-5.468750e-02, 2.066980e-03, 2.015173e-03
-3.906250e-02, 2.247802e-03, 2.405978e-03
-2.343750e-02, 2.944011e-03, 2.866002e-03
-7.812500e-03, 3.194617e-03, 3.406185e-03
7.812500e-03, 4.153979e-03, 4.038949e-03
2.343750e-02, 4.497839e-03, 4.778354e-03
3.906250e-02, 5.806698e-03, 5.640266e-03
5.468750e-02, 6.273824e-03, 6.642535e-03
7.031250e-02, 8.041800e-03, 7.805176e-03
8.593750e-02, 8.670080e-03, 9.150561e-03
1.015625e-01, 1.103459e-02, 1.070362e-02
1.171875e-01, 1.187124e-02, 1.249204e-02
1.328125e-01, 1.500229e-02, 1.454647e-02
1.484375e-01, 1.610539e-02, 1.690072e-02
1.640625e-01, 2.021058e-02, 1.959198e-02
1.796875e-01, 2.165061e-02, 2.266098e-02
1.953125e-01, 2.697996e-02, 2.615221e-02
2.109375e-01, 2.884126e-02, 3.011409e-02
2.265625e-01, 3.569169e-02, 3.459910e-02
2.421875e-01, 3.807379e-02, 3.966394e-02
2.578125e-01, 4.679286e-02, 4.536963e-02
2.734375e-01, 4.981145e-02, 5.178160e-02
2.890625e-01, 6.079990e-02, 5.896969e-02
3.046875e-01, 6.458741e-02, 6.700822e-02
3.203125e-01, 7.830005e-02, 7.597589e-02
3.359375e-01, 8.300564e-02, 8.595570e-02
3.515625e-01, 9.995014e-02, 9.703483e-02
3.671875e-01, 1.057389e-01, 1.093044e-01
3.828125e-01, 1.264720e-01, 1.228591e-01
3.984375e-01, 1.335236e-01, 1.377972e-01
4.140625e-01, 1.586442e-01, 1.542196e-01
4.296875e-01, 1.671497e-01, 1.722299e-01
4.453125e-01, 1.972889e-01, 1.919334e-01
4.609375e-01, 2.074478e-01, 2.134368e-01
4.765625e-01, 2.432551e-01, 2.368472e-01
4.921875e-01, 2.552701e-01, 2.622716e-01
5.078125e-01, 2.973964e-01, 2.898160e-01
5.234375e-01, 3.114676e-01, 3.195844e-01
5.390625e-01, 3.605448e-01, 3.516779e-01
5.546875e-01, 3.768632e-01, 3.861937e-01
5.703125e-01, 4.334811e-01, 4.232240e-01
5.859375e-01, 4.522208e-01, 4.628553e-01
6.015625e-01, 5.169017e-01, 5.051666e-01
6.171875e-01, 5.382118e-01, 5.502290e-01
6.328125e-01, 6.113847e-01, 5.981042e-01
6.484375e-01, 6.353814e-01, 6.488436e-01
6.640625e-01, 7.173551e-01, 7.024873e-01
6.796875e-01, 7.441135e-01, 7.590630e-01
6.953125e-01, 8.350527e-01, 8.185852e-01
7.109375e-01, 8.645993e-01, 8.810542e-01
7.265625e-01, 9.645021e-01, 9.464556e-01
7.421875e-01, 9.968091e-01, 1.014760e+00
7.578125e-01, 1.105490e+00, 1.085920e+00
7.734375e-01, 1.140470e+00, 1.159875e+00
7.890625e-01, 1.257546e+00, 1.236546e+00
8.046875e-01, 1.295050e+00, 1.315837e+00
8.203125e-01, 1.419940e+00, 1.397636e+00
8.359375e-01, 1.459755e+00, 1.481816e+00
8.515625e-01, 1.591674e+00, 1.568230e+00
8.671875e-01, 1.633529e+00, 1.656721e+00
8.828125e-01, 1.771503e+00, 1.747113e+00
8.984375e-01, 1.815067e+00, 1.839218e+00
9.140625e-01, 1.957951e+00, 1.932834e+00
9.296875e-01, 2.002845e+00, 2.027749e+00
9.453125e-01, 2.149343e+00, 2.123740e+00
9.609375e-01, 2.195144e+00, 2.220573e+00
9.765625e-01, 2.343841e+00, 2.318008e+00
9.921875e-01, 2.390096e+00, 2.415799e+00
1.007813e+00, 2.539494e+00, 2.513694e+00
1.023438e+00, 2.585728e+00, 2.611439e+00
1.039063e+00, 2.734280e+00, 2.708779e+00
1.054688e+00, 2.780011e+00, 2.805457e+00
1.070313e+00, 2.926163e+00, 2.901219e+00
1.085938e+00, 2.970910e+00, 2.995816e+00
1.101563e+00, 3.113135e+00, 3.088999e+00
1.117188e+00, 3.156434e+00, 3.180529e+00
1.132813e+00, 3.293267e+00, 3.270172e+00
1.148438e+00, 3.334676e+00, 3.357703e+00
1.164063e+00, 3.464744e+00, 3.442905e+00
1.179688e+00, 3.503855e+00, 3.525573e+00
1.195313e+00, 3.625902e+00, 3.605512e+00
1.210938e+00, 3.662345e+00, 3.682536e+00
1.226563e+00, 3.775245e+00, 3.756473e+00
1.242188e+00, 3.808693e+00, 3.827164e+00
1.257813e+00, 3.911463e+00, 3.894458e+00
1.273438e+00, 3.941636e+00, 3.958220e+00
1.289063e+00, 4.033438e+00, 4.018325e+00
1.304688e+00, 4.060097e+00, 4.074658e+00
1.320313e+00, 4.140236e+00, 4.127119e+00
1.335938e+00, 4.163187e+00, 4.175616e+00
1.351563e+00, 4.231100e+00, 4.220067e+00
1.367188e+00, 4.250190e+00, 4.260403e+00
1.382813e+00, 4.305436e+00, 4.296560e+00
1.398438e+00, 4.320547e+00, 4.328484e+00
1.414063e+00, 4.362795e+00, 4.356132e+00
1.429688e+00, 4.373838e+00, 4.379464e+00
1.445313e+00, 4.402853e+00, 4.398449e+00
1.460938e+00, 4.409770e+00, 4.413063e+00
1.476563e+00, 4.425397e+00, 4.423287e+00
1.492188e+00, 4.428152e+00, 4.429109e+00
1.507813e+00, 4.430312e+00, 4.430521e+00
1.523438e+00, 4.428891e+00, 4.427521e+00
1.539063e+00, 4.417573e+00, 4.420114e+00
1.554688e+00, 4.411984e+00, 4.408308e+00
1.570313e+00, 4.387245e+00, 4.392119e+00
1.585938e+00, 4.377516e+00, 4.371566e+00
1.601563e+00, 4.339486e+00, 4.346677e+00
1.617188e+00, 4.325668e+00, 4.317486e+00
1.632813e+00, 4.274555e+00, 4.284032e+00
1.648438e+00, 4.256726e+00, 4.246365e+00
1.664063e+00, 4.192830e+00, 4.204541e+00
1.679688e+00, 4.171099e+00, 4.158625e+00
1.695313e+00, 4.094823e+00, 4.108692e+00
1.710938e+00, 4.069331e+00, 4.054826e+00
1.726563e+00, 3.981198e+00, 3.997123e+00
1.742188e+00, 3.952126e+00, 3.935689e+00
1.757813e+00, 3.852788e+00, 3.870641e+00
1.773438e+00, 3.820358e+00, 3.802108e+00
1.789063e+00, 3.710606e+00, 3.730231e+00
1.804688e+00, 3.675088e+00, 3.655163e+00
1.820313e+00, 3.555859e+00, 3.577070e+00
1.835938e+00, 3.517563e+00, 3.496128e+00
1.851563e+00, 3.389936e+00, 3.412524e+00
1.867188e+00, 3.349219e+00, 3.326460e+00
1.882813e+00, 3.214412e+00, 3.238143e+00
1.898438e+00, 3.171671e+00, 3.147795e+00
1.914063e+00, 3.031020e+00, 3.055643e+00
1.929688e+00, 2.986686e+00, 2.961923e+00
1.945313e+00, 2.841630e+00, 2.866878e+00
1.960938e+00, 2.796162e+00, 2.770757e+00
1.976563e+00, 2.648210e+00, 2.673811e+00
1.992188e+00, 2.602084e+00, 2.576296e+00
2.007813e+00, 2.452787e+00, 2.478468e+00
2.023438e+00, 2.406487e+00, 2.380581e+00
2.039063e+00, 2.257397e+00, 2.282889e+00
2.054688e+00, 2.211400e+00, 2.185643e+00
2.070313e+00, 2.064037e+00, 2.089086e+00
2.085938e+00, 2.018805e+00, 1.993456e+00
2.101563e+00, 1.874613e+00, 1.898983e+00
2.117188e+00, 1.830579e+00, 1.805887e+00
2.132813e+00, 1.690896e+00, 1.714376e+00
2.148438e+00, 1.648455e+00, 1.624647e+00
2.164063e+00, 1.514478e+00, 1.536884e+00
2.179688e+00, 1.473976e+00, 1.451256e+00
2.195313e+00, 1.346736e+00, 1.367918e+00
2.210938e+00, 1.308466e+00, 1.287007e+00
2.226563e+00, 1.188809e+00, 1.208647e+00
2.242188e+00, 1.153002e+00, 1.132943e+00
2.257813e+00, 1.041576e+00, 1.059986e+00
2.273438e+00, 1.008401e+00, 9.898469e-01
2.289063e+00, 9.056522e-01, 9.225830e-01
2.304688e+00, 8.752163e-01, 8.582343e-01
2.320313e+00, 7.813930e-01, 7.968249e-01
2.335938e+00, 7.537428e-01, 7.383639e-01
2.351563e+00, 6.689040e-01, 6.828457e-01
2.367188e+00, 6.440296e-01, 6.302511e-01
2.382813e+00, 5.680619e-01, 5.805476e-01
2.398438e+00, 5.459031e-01, 5.336912e-01
2.414063e+00, 4.785412e-01, 4.896265e-01
2.429688e+00, 4.589942e-01, 4.482883e-01
2.445313e+00, 3.998448e-01, 4.096025e-01
2.460938e+00, 3.827700e-01, 3.734874e-01
2.476563e+00, 3.313379e-01, 3.398542e-01
2.492188e+00, 3.165683e-01, 3.086089e-01
2.507813e+00, 2.722824e-01, 2.796527e-01
2.523438e+00, 2.596317e-01, 2.528833e-01
2.539063e+00, 2.218708e-01, 2.281959e-01
2.554688e+00, 2.111409e-01, 2.054842e-01
2.570313e+00, 1.792578e-01, 1.846409e-01
2.585938e+00, 1.702461e-01, 1.655590e-01
2.601563e+00, 1.435888e-01, 1.481322e-01
2.617188e+00, 1.360942e-01, 1.322557e-01
2.632813e+00, 1.140240e-01, 1.178270e-01
2.648438e+00, 1.078522e-01, 1.047459e-01
2.664063e+00, 8.975846e-02, 9.291545e-02
2.679688e+00, 8.472585e-02, 8.224223e-02
2.695313e+00, 7.003732e-02, 7.263649e-02
2.710938e+00, 6.597392e-02, 6.401254e-02
2.726563e+00, 5.416660e-02, 5.628890e-02
2.742188e+00, 5.091800e-02, 4.938844e-02
2.757813e+00, 4.151985e-02, 4.323846e-02
2.773438e+00, 3.894821e-02, 3.777069e-02
2.789063e+00, 3.154113e-02, 3.292132e-02
2.804688e+00, 2.952543e-02, 2.863088e-02
2.820313e+00, 2.374500e-02, 2.484420e-02
2.835938e+00, 2.218064e-02, 2.151029e-02
2.851563e+00, 1.771405e-02, 1.858216e-02
2.867188e+00, 1.651196e-02, 1.601668e-02
2.882813e+00, 1.309459e-02, 1.377443e-02
2.898438e+00, 1.218001e-02, 1.181946e-02
2.914063e+00, 9.591207e-03, 1.011911e-02
2.929688e+00, 8.902254e-03, 8.643828e-03
2.945313e+00, 6.960512e-03, 7.366942e-03
2.960938e+00, 6.446672e-03, 6.264465e-03
2.976563e+00, 5.004673e-03, 5.314895e-03
2.992188e+00, 4.625242e-03, 4.499019e-03
3.007813e+00, 3.564982e-03, 3.799721e-03
3.023438e+00, 3.287588e-03, 3.201805e-03
3.039063e+00, 2.515749e-03, 2.691819e-03
3.054688e+00, 2.314971e-03, 2.257893e-03
3.070313e+00, 1.758680e-03, 1.889582e-03
3.085938e+00, 1.614807e-03, 1.577727e-03
3.101563e+00, 1.217862e-03, 1.314318e-03
3.117188e+00, 1.115795e-03, 1.092371e-03
3.132813e+00, 8.353787e-04, 9.058148e-04
3.148438e+00, 7.636949e-04, 7.493894e-04
3.164063e+00, 5.675774e-04, 6.185476e-04
3.179688e+00, 5.177372e-04, 5.093720e-04
3.195313e+00, 3.819498e-04, 4.184969e-04
3.210938e+00, 3.476449e-04, 3.430391e-04
3.226563e+00, 2.545716e-04, 2.805357e-04
3.242188e+00, 2.311972e-04, 2.288888e-04
3.257813e+00, 1.680426e-04, 1.863169e-04
3.273438e+00, 1.522766e-04, 1.513109e-04
3.289063e+00, 1.098546e-04, 1.225962e-04
3.304688e+00, 9.932784e-05, 9.909971e-05
3.320313e+00, 7.111973e-05, 7.991992e-05
3.335938e+00, 6.416229e-05, 6.430196e-05
3.351563e+00, 4.559515e-05, 5.161537e-05
3.367188e+00, 4.104343e-05, 4.133507e-05
3.382813e+00, 2.894595e-05, 3.302496e-05
3.398438e+00, 2.599837e-05, 2.632384e-05
3.414063e+00, 1.819624e-05, 2.093335e-05
3.429688e+00, 1.630691e-05, 1.660771e-05
3.445313e+00, 1.132619e-05, 1.314504e-05
3.460938e+00, 1.012753e-05, 1.037993e-05
3.476563e+00, 6.980372e-06, 8.177232e-06
3.492188e+00, 6.227688e-06, 6.426836e-06
3.507813e+00, 4.259414e-06, 5.039255e-06
3.523438e+00, 3.791620e-06, 3.941968e-06
3.539063e+00, 2.573247e-06, 3.076358e-06
3.554688e+00, 2.285503e-06, 2.395173e-06
3.570313e+00, 1.539067e-06, 1.860428e-06
3.585938e+00, 1.363898e-06, 1.441663e-06
3.601563e+00, 9.113013e-07, 1.114524e-06
3.617188e+00, 8.057654e-07, 8.595853e-07
3.632813e+00, 5.341687e-07, 6.613968e-07
3.648438e+00, 4.712444e-07, 5.077011e-07
3.664063e+00, 3.099494e-07, 3.888003e-07
3.679688e+00, 2.728215e-07, 2.970414e-07
3.695313e+00, 1.780259e-07, 2.264012e-07
3.710938e+00, 1.563471e-07, 1.721518e-07
3.726563e+00, 1.012138e-07, 1.305914e-07
3.742188e+00, 8.868820e-08, 9.882979e-08
3.757813e+00, 5.695702e-08, 7.461575e-08
3.773438e+00, 4.979636e-08, 5.620077e-08
3.789063e+00, 3.172500e-08, 4.223015e-08
3.804688e+00, 2.767554e-08, 3.165711e-08
3.820313e+00, 1.749160e-08, 2.367487e-08
3.835938e+00, 1.522801e-08, 1.766328e-08
3.851563e+00, 9.549216e-09, 1.314686e-08
3.867188e+00, 8.301796e-09, 9.762011e-09
3.882813e+00, 5.168205e-09, 7.231406e-09
3.898438e+00, 4.496859e-09, 5.344069e-09
3.914063e+00, 2.784932e-09, 3.939914e-09
3.929688e+00, 2.444429e-09, 2.897788e-09
3.945313e+00, 1.516363e-09, 2.126234e-09
3.960938e+00, 1.378317e-09, 1.556396e-09
3.976563e+00, 8.741356e-10, 1.136562e-09
3.992188e+00, 8.847213e-10, 8.279988e-10
4.000000e+00, 7.060888e-10, 7.060888e-10


#At time: 7.501464e+01, nsteps= 615


-1.000000e+00, 5.463290e-07, 5.463290e-07
-9.921875e-01, 5.651463e-07, 6.086271e-07
-9.765625e-01, 7.786617e-07, 7.544526e-07
-9.609375e-01, 8.446499e-07, 9.337444e-07
-9.453125e-01, 1.146221e-06, 1.153825e-06
-9.296875e-01, 1.276519e-06, 1.423534e-06
-9.140625e-01, 1.716675e-06, 1.753526e-06
-8.984375e-01, 1.932347e-06, 2.156618e-06
-8.828125e-01, 2.582059e-06, 2.648202e-06
-8.671875e-01, 2.916819e-06, 3.246732e-06
-8.515625e-01, 3.876927e-06, 3.974289e-06
-8.359375e-01, 4.381446e-06, 4.857250e-06
-8.203125e-01, 5.795452e-06, 5.927066e-06
-8.046875e-01, 6.543563e-06, 7.221173e-06
-7.890625e-01, 8.615023e-06, 8.784050e-06
-7.734375e-01, 9.712418e-06, 1.066845e-05
-7.578125e-01, 1.272848e-05, 1.293682e-05
-7.421875e-01, 1.432463e-05, 1.566296e-05
-7.265625e-01, 1.868774e-05, 1.893393e-05
-7.109375e-01, 2.099200e-05, 2.285223e-05
-6.953125e-01, 2.726220e-05, 2.753835e-05
-6.796875e-01, 3.056534e-05, 3.313361e-05
-6.640625e-01, 3.951639e-05, 3.980356e-05
-6.484375e-01, 4.421908e-05, 4.774167e-05
-6.328125e-01, 5.691213e-05, 5.717371e-05
-6.171875e-01, 6.356220e-05, 6.836260e-05
-6.015625e-01, 8.144173e-05, 8.161401e-05
-5.859375e-01, 9.078257e-05, 9.728262e-05
-5.703125e-01, 1.158002e-04, 1.157792e-04
-5.546875e-01, 1.288329e-04, 1.375788e-04
-5.390625e-01, 1.636054e-04, 1.632293e-04
-5.234375e-01, 1.816681e-04, 1.933619e-04
-5.078125e-01, 2.296780e-04, 2.287024e-04
-4.921875e-01, 2.545453e-04, 2.700835e-04
-4.765625e-01, 3.203919e-04, 3.184587e-04
-4.609375e-01, 3.543997e-04, 3.749184e-04
-4.453125e-01, 4.441107e-04, 4.407065e-04
-4.296875e-01, 4.903101e-04, 5.172396e-04
-4.140625e-01, 6.117249e-04, 6.061279e-04
-3.984375e-01, 6.740702e-04, 7.091981e-04
-3.828125e-01, 8.373052e-04, 8.285188e-04
-3.671875e-01, 9.208818e-04, 9.664273e-04
-3.515625e-01, 1.138890e-03, 1.125560e-03
-3.359375e-01, 1.250187e-03, 1.308885e-03
-3.203125e-01, 1.539425e-03, 1.519737e-03
-3.046875e-01, 1.686655e-03, 1.761855e-03
-2.890625e-01, 2.067862e-03, 2.039422e-03
-2.734375e-01, 2.261341e-03, 2.357113e-03
-2.578125e-01, 2.760448e-03, 2.720135e-03
-2.421875e-01, 3.013025e-03, 3.134283e-03
-2.265625e-01, 3.662191e-03, 3.605989e-03
-2.109375e-01, 3.989742e-03, 4.142378e-03
-1.953125e-01, 4.828524e-03, 4.751329e-03
-1.796875e-01, 5.250506e-03, 5.441533e-03
-1.640625e-01, 6.327161e-03, 6.222562e-03
-1.484375e-01, 6.867218e-03, 7.104928e-03
-1.328125e-01, 8.240121e-03, 8.100160e-03
-1.171875e-01, 8.926744e-03, 9.220871e-03
-1.015625e-01, 1.066591e-02, 1.048083e-02
-8.593750e-02, 1.153314e-02, 1.189503e-02
-7.031250e-02, 1.372183e-02, 1.347977e-02
-5.468750e-02, 1.480997e-02, 1.525274e-02
-3.906250e-02, 1.754631e-02, 1.723307e-02
-2.343750e-02, 1.890268e-02, 1.944140e-02
-7.812500e-03, 2.230127e-02, 2.189999e-02
7.812500e-03, 2.398088e-02, 2.463275e-02
2.343750e-02, 2.817437e-02, 2.766530e-02
3.906250e-02, 3.024063e-02, 3.102508e-02
5.468750e-02, 3.538107e-02, 3.474132e-02
7.031250e-02, 3.790633e-02, 3.884517e-02
8.593750e-02, 4.416633e-02, 4.336969e-02
1.015625e-01, 4.723234e-02, 4.834987e-02
1.171875e-01, 5.480591e-02, 5.382269e-02
1.328125e-01, 5.850410e-02, 5.982711e-02
1.484375e-01, 6.760698e-02, 6.640404e-02
1.640625e-01, 7.203852e-02, 7.359635e-02
1.796875e-01, 8.290807e-02, 8.144881e-02
1.953125e-01, 8.818366e-02, 9.000808e-02
2.109375e-01, 1.010780e-01, 9.932259e-02
2.265625e-01, 1.073174e-01, 1.094425e-01
2.421875e-01, 1.225139e-01, 1.204195e-01
2.578125e-01, 1.298448e-01, 1.323068e-01
2.734375e-01, 1.476377e-01, 1.451591e-01
2.890625e-01, 1.561950e-01, 1.590318e-01
3.046875e-01, 1.768919e-01, 1.739818e-01
3.203125e-01, 1.868153e-01, 1.900664e-01
3.359375e-01, 2.107332e-01, 2.073435e-01
3.515625e-01, 2.221657e-01, 2.258712e-01
3.671875e-01, 2.496255e-01, 2.457078e-01
3.828125e-01, 2.627107e-01, 2.669110e-01
3.984375e-01, 2.940313e-01, 2.895380e-01
4.140625e-01, 3.089101e-01, 3.136451e-01
4.296875e-01, 3.444012e-01, 3.392870e-01
4.453125e-01, 3.612089e-01, 3.665170e-01
4.609375e-01, 4.011632e-01, 3.953861e-01
4.765625e-01, 4.200257e-01, 4.259430e-01
4.921875e-01, 4.647105e-01, 4.582334e-01
5.078125e-01, 4.857405e-01, 4.922997e-01
5.234375e-01, 5.353892e-01, 5.281808e-01
5.390625e-01, 5.586819e-01, 5.659114e-01
5.546875e-01, 6.134845e-01, 6.055215e-01
5.703125e-01, 6.391143e-01, 6.470365e-01
5.859375e-01, 6.992090e-01, 6.904764e-01
6.015625e-01, 7.272248e-01, 7.358555e-01
6.171875e-01, 7.926892e-01, 7.831822e-01
6.328125e-01, 8.231111e-01, 8.324584e-01
6.484375e-01, 8.939548e-01, 8.836795e-01
6.640625e-01, 9.267711e-01, 9.368338e-01
6.796875e-01, 1.002929e+00, 9.919027e-01
6.953125e-01, 1.038093e+00, 1.048860e+00
7.109375e-01, 1.119418e+00, 1.107672e+00
7.265625e-01, 1.156847e+00, 1.168297e+00
7.421875e-01, 1.243110e+00, 1.230686e+00
7.578125e-01, 1.282681e+00, 1.294781e+00
7.734375e-01, 1.373566e+00, 1.360518e+00
7.890625e-01, 1.415119e+00, 1.427825e+00
8.046875e-01, 1.510224e+00, 1.496619e+00
8.203125e-01, 1.553559e+00, 1.566814e+00
8.359375e-01, 1.652395e+00, 1.638313e+00
8.515625e-01, 1.697278e+00, 1.711013e+00
8.671875e-01, 1.799278e+00, 1.784806e+00
8.828125e-01, 1.845436e+00, 1.859573e+00
8.984375e-01, 1.949957e+00, 1.935194e+00
9.140625e-01, 1.997088e+00, 2.011538e+00
9.296875e-01, 2.103421e+00, 2.088471e+00
9.453125e-01, 2.151194e+00, 2.165856e+00
9.609375e-01, 2.258570e+00, 2.243547e+00
9.765625e-01, 2.306631e+00, 2.321397e+00
9.921875e-01, 2.414235e+00, 2.399256e+00
1.007813e+00, 2.462212e+00, 2.476968e+00
1.023438e+00, 2.569195e+00, 2.554379e+00
1.039063e+00, 2.616701e+00, 2.631328e+00
1.054688e+00, 2.722190e+00, 2.707657e+00
1.070313e+00, 2.768832e+00, 2.783207e+00
1.085938e+00, 2.871944e+00, 2.857816e+00
1.101563e+00, 2.917328e+00, 2.931326e+00
1.117188e+00, 3.017183e+00, 3.003578e+00
1.132813e+00, 3.060918e+00, 3.074416e+00
1.148438e+00, 3.156652e+00, 3.143685e+00
1.164063e+00, 3.198357e+00, 3.211234e+00
1.179688e+00, 3.289132e+00, 3.276913e+00
1.195313e+00, 3.328441e+00, 3.340579e+00
1.210938e+00, 3.413457e+00, 3.402090e+00
1.226563e+00, 3.450022e+00, 3.461311e+00
1.242188e+00, 3.528528e+00, 3.518111e+00
1.257813e+00, 3.562027e+00, 3.572363e+00
1.273438e+00, 3.633328e+00, 3.623949e+00
1.289063e+00, 3.663463e+00, 3.672753e+00
1.304688e+00, 3.726929e+00, 3.718668e+00
1.320313e+00, 3.753434e+00, 3.761592e+00
1.335938e+00, 3.808504e+00, 3.801432e+00
1.351563e+00, 3.831146e+00, 3.838099e+00
1.367188e+00, 3.877336e+00, 3.871513e+00
1.382813e+00, 3.895915e+00, 3.901601e+00
1.398438e+00, 3.932819e+00, 3.928296e+00
1.414063e+00, 3.947173e+00, 3.951541e+00
1.429688e+00, 3.974467e+00, 3.971285e+00
1.445313e+00, 3.984471e+00, 3.987484e+00
1.460938e+00, 4.001919e+00, 4.000105e+00
1.476563e+00, 4.007484e+00, 4.009118e+00
1.492188e+00, 4.014933e+00, 4.014504e+00
1.507813e+00, 4.016013e+00, 4.016253e+00
1.523438e+00, 4.013398e+00, 4.014359e+00
1.539063e+00, 4.009982e+00, 4.008828e+00
1.554688e+00, 3.997327e+00, 3.999671e+00
1.570313e+00, 3.989445e+00, 3.986908e+00
1.585938e+00, 3.966859e+00, 3.970566e+00
1.601563e+00, 3.954579e+00, 3.950682e+00
1.617188e+00, 3.922259e+00, 3.927299e+00
1.632813e+00, 3.905690e+00, 3.900467e+00
1.648438e+00, 3.863918e+00, 3.870246e+00
1.664063e+00, 3.843204e+00, 3.836701e+00
1.679688e+00, 3.792347e+00, 3.799906e+00
1.695313e+00, 3.767668e+00, 3.759942e+00
1.710938e+00, 3.708173e+00, 3.716896e+00
1.726563e+00, 3.679749e+00, 3.670864e+00
1.742188e+00, 3.612139e+00, 3.621947e+00
1.757813e+00, 3.580220e+00, 3.570253e+00
1.773438e+00, 3.505094e+00, 3.515897e+00
1.789063e+00, 3.469961e+00, 3.458999e+00
1.804688e+00, 3.387984e+00, 3.399684e+00
1.820313e+00, 3.349950e+00, 3.338084e+00
1.835938e+00, 3.261846e+00, 3.274336e+00
1.851563e+00, 3.221246e+00, 3.208579e+00
1.867188e+00, 3.127794e+00, 3.140959e+00
1.882813e+00, 3.084986e+00, 3.071625e+00
1.898438e+00, 2.987005e+00, 3.000728e+00
1.914063e+00, 2.942364e+00, 2.928423e+00
1.929688e+00, 2.840708e+00, 2.854866e+00
1.945313e+00, 2.794620e+00, 2.780216e+00
1.960938e+00, 2.690163e+00, 2.704632e+00
1.976563e+00, 2.643021e+00, 2.628275e+00
1.992188e+00, 2.536646e+00, 2.551304e+00
2.007813e+00, 2.488846e+00, 2.473879e+00
2.023438e+00, 2.381431e+00, 2.396158e+00
2.039063e+00, 2.333362e+00, 2.318297e+00
2.054688e+00, 2.225772e+00, 2.240450e+00
2.070313e+00, 2.177814e+00, 2.162768e+00
2.085938e+00, 2.070879e+00, 2.085399e+00
2.101563e+00, 2.023396e+00, 2.008486e+00
2.117188e+00, 1.917911e+00, 1.932168e+00
2.132813e+00, 1.871245e+00, 1.856580e+00
2.148438e+00, 1.767947e+00, 1.781848e+00
2.164063e+00, 1.722416e+00, 1.708097e+00
2.179688e+00, 1.621981e+00, 1.635443e+00
2.195313e+00, 1.577871e+00, 1.563994e+00
2.210938e+00, 1.480904e+00, 1.493853e+00
2.226563e+00, 1.438468e+00, 1.425116e+00
2.242188e+00, 1.345497e+00, 1.357871e+00
2.257813e+00, 1.304952e+00, 1.292198e+00
2.273438e+00, 1.216420e+00, 1.228169e+00
2.289063e+00, 1.177945e+00, 1.165849e+00
2.304688e+00, 1.094210e+00, 1.105295e+00
2.320313e+00, 1.057946e+00, 1.046557e+00
2.335938e+00, 9.792795e-01, 9.896740e-01
2.351563e+00, 9.453276e-01, 9.346809e-01
2.367188e+00, 8.719155e-01, 8.816032e-01
2.382813e+00, 8.403402e-01, 8.304593e-01
2.398438e+00, 7.722858e-01, 7.812607e-01
2.414063e+00, 7.431153e-01, 7.340116e-01
2.429688e+00, 6.804445e-01, 6.887099e-01
2.445313e+00, 6.536736e-01, 6.453470e-01
2.460938e+00, 5.963405e-01, 6.039082e-01
2.476563e+00, 5.719336e-01, 5.643735e-01
2.492188e+00, 5.198281e-01, 5.267172e-01
2.507813e+00, 4.977227e-01, 4.909090e-01
2.523438e+00, 4.506787e-01, 4.569141e-01
2.539063e+00, 4.307890e-01, 4.246936e-01
2.554688e+00, 3.885927e-01, 3.942048e-01
2.570313e+00, 3.708139e-01, 3.654019e-01
2.585938e+00, 3.332133e-01, 3.382361e-01
2.601563e+00, 3.174254e-01, 3.126563e-01
2.617188e+00, 2.841389e-01, 2.886093e-01
2.632813e+00, 2.702105e-01, 2.660400e-01
2.648438e+00, 2.409354e-01, 2.448923e-01
2.664063e+00, 2.287280e-01, 2.251089e-01
2.679688e+00, 2.031489e-01, 2.066321e-01
2.695313e+00, 1.925196e-01, 1.894036e-01
2.710938e+00, 1.703158e-01, 1.733653e-01
2.726563e+00, 1.611211e-01, 1.584593e-01
2.742188e+00, 1.419729e-01, 1.446282e-01
2.757813e+00, 1.340712e-01, 1.318155e-01
2.773438e+00, 1.176658e-01, 1.199654e-01
2.789063e+00, 1.109196e-01, 1.090235e-01
2.804688e+00, 9.695588e-02, 9.893670e-02
2.820313e+00, 9.123384e-02, 8.965321e-02
2.835938e+00, 7.942599e-02, 8.112299e-02
2.851563e+00, 7.460437e-02, 7.329769e-02
2.867188e+00, 6.468472e-02, 6.613072e-02
2.882813e+00, 6.064839e-02, 5.957739e-02
2.898438e+00, 5.236944e-02, 5.359491e-02
2.914063e+00, 4.901262e-02, 4.814243e-02
2.929688e+00, 4.214813e-02, 4.318108e-02
2.945313e+00, 3.937470e-02, 3.867397e-02
2.960938e+00, 3.372023e-02, 3.458617e-02
2.976563e+00, 3.144380e-02, 3.088470e-02
2.992188e+00, 2.681653e-02, 2.753850e-02
3.007813e+00, 2.496028e-02, 2.451839e-02
3.023438e+00, 2.119840e-02, 2.179703e-02
3.039063e+00, 1.969470e-02, 1.934885e-02
3.054688e+00, 1.665638e-02, 1.715001e-02
3.070313e+00, 1.544626e-02, 1.517832e-02
3.085938e+00, 1.300841e-02, 1.341320e-02
3.101563e+00, 1.204095e-02, 1.183558e-02
3.117188e+00, 1.009774e-02, 1.042782e-02
3.132813e+00, 9.329361e-03, 9.173686e-03
3.148438e+00, 7.790583e-03, 8.058227e-03
3.164063e+00, 7.184329e-03, 7.067721e-03
3.179688e+00, 5.973815e-03, 6.189603e-03
3.195313e+00, 5.498627e-03, 5.412385e-03
3.210938e+00, 4.552608e-03, 4.725592e-03
3.226563e+00, 4.182603e-03, 4.119691e-03
3.242188e+00, 3.448150e-03, 3.586022e-03
3.257813e+00, 3.161944e-03, 3.116739e-03
3.273438e+00, 2.595497e-03, 2.704745e-03
3.289063e+00, 2.375572e-03, 2.343635e-03
3.304688e+00, 1.941578e-03, 2.027637e-03
3.320313e+00, 1.773698e-03, 1.751567e-03
3.335938e+00, 1.443378e-03, 1.510771e-03
3.351563e+00, 1.316075e-03, 1.301084e-03
3.367188e+00, 1.066322e-03, 1.118783e-03
3.382813e+00, 9.704262e-04, 9.605496e-04
3.398438e+00, 7.828373e-04, 8.234294e-04
3.414063e+00, 7.110783e-04, 7.047986e-04
3.429688e+00, 5.711122e-04, 6.023308e-04
3.445313e+00, 5.177706e-04, 5.139678e-04
3.460938e+00, 4.140287e-04, 4.378919e-04
3.476563e+00, 3.746406e-04, 3.725011e-04
3.492188e+00, 2.982572e-04, 3.163859e-04
3.507813e+00, 2.693656e-04, 2.683090e-04
3.523438e+00, 2.134988e-04, 2.271859e-04
3.539063e+00, 1.924473e-04, 1.920679e-04
3.554688e+00, 1.518576e-04, 1.621268e-04
3.570313e+00, 1.366207e-04, 1.366411e-04
3.585938e+00, 1.073265e-04, 1.149831e-04
3.601563e+00, 9.637176e-05, 9.660767e-05
3.617188e+00, 7.537026e-05, 8.104276e-05
3.632813e+00, 6.754680e-05, 6.787989e-05
3.648438e+00, 5.259073e-05, 5.676649e-05
3.664063e+00, 4.704095e-05, 4.739869e-05
3.679688e+00, 3.646103e-05, 3.951515e-05
3.695313e+00, 3.255069e-05, 3.289149e-05
3.710938e+00, 2.511627e-05, 2.733541e-05
3.726563e+00, 2.237991e-05, 2.268242e-05
3.742188e+00, 1.719049e-05, 1.879207e-05
3.757813e+00, 1.528910e-05, 1.554464e-05
3.773438e+00, 1.169061e-05, 1.283829e-05
3.789063e+00, 1.037926e-05, 1.058653e-05
3.804688e+00, 7.900065e-06, 8.716061e-06
3.820313e+00, 7.003313e-06, 7.164834e-06
3.835938e+00, 5.305695e-06, 5.880456e-06
3.851563e+00, 4.699057e-06, 4.818752e-06
3.867188e+00, 3.542789e-06, 3.942543e-06
3.882813e+00, 3.139036e-06, 3.220596e-06
3.898438e+00, 2.354160e-06, 2.626720e-06
3.914063e+00, 2.093265e-06, 2.138989e-06
3.929688e+00, 1.559919e-06, 1.739083e-06
3.945313e+00, 1.401867e-06, 1.411721e-06
3.960938e+00, 1.035367e-06, 1.144178e-06
3.976563e+00, 9.551743e-07, 9.258798e-07
3.992188e+00, 6.949672e-07, 7.480511e-07
4.000000e+00, 6.719902e-07, 6.719902e-07


#At time: 1.000195e+02, nsteps= 820


-1.000000e+00, 1.746923e-05, 1.746923e-05
-9.921875e-01, 1.981560e-05, 1.896069e-05
-9.765625e-01, 2.138480e-05, 2.231685e-05
-9.609375e-01, 2.675775e-05, 2.623629e-05
-9.453125e-01, 2.938835e-05, 3.080799e-05
-9.296875e-01, 3.639162e-05, 3.613397e-05
-9.140625e-01, 4.032116e-05, 4.233112e-05
-8.984375e-01, 4.958521e-05, 4.953315e-05
-8.828125e-01, 5.515509e-05, 5.789278e-05
-8.671875e-01, 6.748377e-05, 6.758425e-05
-8.515625e-01, 7.516173e-05, 7.880604e-05
-8.359375e-01, 9.158534e-05, 9.178395e-05
-8.203125e-01, 1.019949e-04, 1.067745e-04
-8.046875e-01, 1.238350e-04, 1.240687e-04
-7.890625e-01, 1.377930e-04, 1.439961e-04
-7.734375e-01, 1.667412e-04, 1.669298e-04
-7.578125e-01, 1.853047e-04, 1.932912e-04
-7.421875e-01, 2.235188e-04, 2.235554e-04
-7.265625e-01, 2.480431e-04, 2.582580e-04
-7.109375e-01, 2.982633e-04, 2.980013e-04
-6.953125e-01, 3.304722e-04, 3.434621e-04
-6.796875e-01, 3.961604e-04, 3.953993e-04
-6.640625e-01, 4.382317e-04, 4.546633e-04
-6.484375e-01, 5.237384e-04, 5.222053e-04
-6.328125e-01, 5.784055e-04, 5.990875e-04
-6.171875e-01, 6.891675e-04, 6.864948e-04
-6.015625e-01, 7.598401e-04, 7.857470e-04
-5.859375e-01, 9.026128e-04, 8.983116e-04
-5.703125e-01, 9.935184e-04, 1.025819e-03
-5.546875e-01, 1.176648e-03, 1.170075e-03
-5.390625e-01, 1.292996e-03, 1.333083e-03
-5.234375e-01, 1.526733e-03, 1.517054e-03
-5.078125e-01, 1.674906e-03, 1.724432e-03
-4.921875e-01, 1.971764e-03, 1.957908e-03
-4.765625e-01, 2.159534e-03, 2.220447e-03
-4.609375e-01, 2.534703e-03, 2.515307e-03
-4.453125e-01, 2.771474e-03, 2.846063e-03
-4.296875e-01, 3.243276e-03, 3.216632e-03
-4.140625e-01, 3.540364e-03, 3.631298e-03
-3.984375e-01, 4.130766e-03, 4.094746e-03
-3.828125e-01, 4.501698e-03, 4.612080e-03
-3.671875e-01, 5.236878e-03, 5.188861e-03
-3.515625e-01, 5.697725e-03, 5.831137e-03
-3.359375e-01, 6.608680e-03, 6.545472e-03
-3.203125e-01, 7.178421e-03, 7.338981e-03
-3.046875e-01, 8.301625e-03, 8.219363e-03
-2.890625e-01, 9.002522e-03, 9.194937e-03
-2.734375e-01, 1.038062e-02, 1.027468e-02
-2.578125e-01, 1.123862e-02, 1.146825e-02
-2.421875e-01, 1.292115e-02, 1.278604e-02
-2.265625e-01, 1.396631e-02, 1.423920e-02
-2.109375e-01, 1.601042e-02, 1.583969e-02
-1.953125e-01, 1.727730e-02, 1.760028e-02
-1.796875e-01, 1.974852e-02, 1.953463e-02
-1.640625e-01, 2.127660e-02, 2.165730e-02
-1.484375e-01, 2.424950e-02, 2.398377e-02
-1.328125e-01, 2.608359e-02, 2.653049e-02
-1.171875e-01, 2.964245e-02, 2.931491e-02
-1.015625e-01, 3.183302e-02, 3.235551e-02
-8.593750e-02, 3.607243e-02, 3.567180e-02
-7.031250e-02, 3.867591e-02, 3.928435e-02
-5.468750e-02, 4.370124e-02, 4.321481e-02
-3.906250e-02, 4.678027e-02, 4.748596e-02
-2.343750e-02, 5.270800e-02, 5.212163e-02
-7.812500e-03, 5.633157e-02, 5.714679e-02
7.812500e-03, 6.328945e-02, 6.258752e-02
2.343750e-02, 6.753292e-02, 6.847096e-02
3.906250e-02, 7.565991e-02, 7.482536e-02
5.468750e-02, 8.060494e-02, 8.168003e-02
7.031250e-02, 9.005092e-02, 8.906530e-02
8.593750e-02, 9.578520e-02, 9.701250e-02
1.015625e-01, 1.067104e-01, 1.055539e-01
1.171875e-01, 1.133272e-01, 1.147228e-01
1.328125e-01, 1.259012e-01, 1.245530e-01
1.484375e-01, 1.334989e-01, 1.350795e-01
1.640625e-01, 1.478996e-01, 1.463378e-01
1.796875e-01, 1.565807e-01, 1.583638e-01
1.953125e-01, 1.729923e-01, 1.711943e-01
2.109375e-01, 1.828626e-01, 1.848662e-01
2.265625e-01, 2.014741e-01, 1.994168e-01
2.421875e-01, 2.126411e-01, 2.148836e-01
2.578125e-01, 2.336436e-01, 2.313039e-01
2.734375e-01, 2.462156e-01, 2.487152e-01
2.890625e-01, 2.697994e-01, 2.671545e-01
3.046875e-01, 2.838833e-01, 2.866585e-01
3.203125e-01, 3.102352e-01, 3.072630e-01
3.359375e-01, 3.259349e-01, 3.290035e-01
3.515625e-01, 3.552344e-01, 3.519141e-01
3.671875e-01, 3.726487e-01, 3.760279e-01
3.828125e-01, 4.050644e-01, 4.013766e-01
3.984375e-01, 4.242848e-01, 4.279906e-01
4.140625e-01, 4.599702e-01, 4.558981e-01
4.296875e-01, 4.810786e-01, 4.851256e-01
4.453125e-01, 5.201683e-01, 5.156976e-01
4.609375e-01, 5.432347e-01, 5.476357e-01
4.765625e-01, 5.858398e-01, 5.809594e-01
4.921875e-01, 6.109198e-01, 6.156853e-01
5.078125e-01, 6.571241e-01, 6.518267e-01
5.234375e-01, 6.842564e-01, 6.893941e-01
5.390625e-01, 7.341119e-01, 7.283945e-01
5.546875e-01, 7.633165e-01, 7.688312e-01
5.703125e-01, 8.168398e-01, 8.107039e-01
5.859375e-01, 8.481155e-01, 8.540084e-01
6.015625e-01, 9.052843e-01, 8.987363e-01
6.171875e-01, 9.386068e-01, 9.448751e-01
6.328125e-01, 9.993565e-01, 9.924081e-01
6.484375e-01, 1.034677e+00, 1.041314e+00
6.640625e-01, 1.098899e+00, 1.091567e+00
6.796875e-01, 1.136142e+00, 1.143136e+00
6.953125e-01, 1.203680e+00, 1.195987e+00
7.109375e-01, 1.242746e+00, 1.250080e+00
7.265625e-01, 1.313395e+00, 1.305370e+00
7.421875e-01, 1.354154e+00, 1.361808e+00
7.578125e-01, 1.427664e+00, 1.419340e+00
7.734375e-01, 1.469960e+00, 1.477907e+00
7.890625e-01, 1.546030e+00, 1.537446e+00
8.046875e-01, 1.589681e+00, 1.597889e+00
8.203125e-01, 1.667964e+00, 1.659164e+00
8.359375e-01, 1.712760e+00, 1.721194e+00
8.515625e-01, 1.792866e+00, 1.783898e+00
8.671875e-01, 1.838574e+00, 1.847191e+00
8.828125e-01, 1.920069e+00, 1.910985e+00
8.984375e-01, 1.966433e+00, 1.975187e+00
9.140625e-01, 2.048845e+00, 2.039702e+00
9.296875e-01, 2.095589e+00, 2.104431e+00
9.453125e-01, 2.178415e+00, 2.169271e+00
9.609375e-01, 2.225245e+00, 2.234119e+00
9.765625e-01, 2.307950e+00, 2.298868e+00
9.921875e-01, 2.354558e+00, 2.363408e+00
1.007813e+00, 2.436588e+00, 2.427629e+00
1.023438e+00, 2.482653e+00, 2.491419e+00
1.039063e+00, 2.563434e+00, 2.554664e+00
1.054688e+00, 2.608631e+00, 2.617250e+00
1.070313e+00, 2.687582e+00, 2.679063e+00
1.085938e+00, 2.731578e+00, 2.739988e+00
1.101563e+00, 2.808114e+00, 2.799911e+00
1.117188e+00, 2.850580e+00, 2.858717e+00
1.132813e+00, 2.924119e+00, 2.916293e+00
1.148438e+00, 2.964729e+00, 2.972529e+00
1.164063e+00, 3.034700e+00, 3.027312e+00
1.179688e+00, 3.073135e+00, 3.080536e+00
1.195313e+00, 3.138986e+00, 3.132094e+00
1.210938e+00, 3.174941e+00, 3.181883e+00
1.226563e+00, 3.236142e+00, 3.229801e+00
1.242188e+00, 3.269326e+00, 3.275751e+00
1.257813e+00, 3.325381e+00, 3.319640e+00
1.273438e+00, 3.355522e+00, 3.361377e+00
1.289063e+00, 3.405971e+00, 3.400876e+00
1.304688e+00, 3.432820e+00, 3.438054e+00
1.320313e+00, 3.477242e+00, 3.472835e+00
1.335938e+00, 3.500575e+00, 3.505145e+00
1.351563e+00, 3.538601e+00, 3.534916e+00
1.367188e+00, 3.558223e+00, 3.562086e+00
1.382813e+00, 3.589531e+00, 3.586598e+00
1.398438e+00, 3.605275e+00, 3.608399e+00
1.414063e+00, 3.629601e+00, 3.627444e+00
1.429688e+00, 3.641335e+00, 3.643692e+00
1.445313e+00, 3.658472e+00, 3.657108e+00
1.460938e+00, 3.666095e+00, 3.667664e+00
1.476563e+00, 3.675898e+00, 3.675337e+00
1.492188e+00, 3.679346e+00, 3.680111e+00
1.507813e+00, 3.681730e+00, 3.681976e+00
1.523438e+00, 3.680973e+00, 3.680928e+00
1.539063e+00, 3.675918e+00, 3.676968e+00
1.554688e+00, 3.670963e+00, 3.670106e+00
1.570313e+00, 3.658513e+00, 3.660356e+00
1.585938e+00, 3.649401e+00, 3.647739e+00
1.601563e+00, 3.629662e+00, 3.632281e+00
1.617188e+00, 3.616472e+00, 3.614017e+00
1.632813e+00, 3.589611e+00, 3.592983e+00
1.648438e+00, 3.572454e+00, 3.569226e+00
1.664063e+00, 3.538700e+00, 3.542795e+00
1.679688e+00, 3.517722e+00, 3.513747e+00
1.695313e+00, 3.477359e+00, 3.482142e+00
1.710938e+00, 3.452736e+00, 3.448046e+00
1.726563e+00, 3.406104e+00, 3.411532e+00
1.742188e+00, 3.378043e+00, 3.372676e+00
1.757813e+00, 3.325530e+00, 3.331558e+00
1.773438e+00, 3.294264e+00, 3.288263e+00
1.789063e+00, 3.236304e+00, 3.242881e+00
1.804688e+00, 3.202091e+00, 3.195505e+00
1.820313e+00, 3.139160e+00, 3.146230e+00
1.835938e+00, 3.102278e+00, 3.095158e+00
1.851563e+00, 3.034885e+00, 3.042390e+00
1.867188e+00, 2.995631e+00, 2.988033e+00
1.882813e+00, 2.924313e+00, 2.932193e+00
1.898438e+00, 2.882997e+00, 2.874982e+00
1.914063e+00, 2.808315e+00, 2.816509e+00
1.929688e+00, 2.765260e+00, 2.756888e+00
1.945313e+00, 2.687789e+00, 2.696232e+00
1.960938e+00, 2.643322e+00, 2.634656e+00
1.976563e+00, 2.563645e+00, 2.572275e+00
1.992188e+00, 2.518097e+00, 2.509203e+00
2.007813e+00, 2.436799e+00, 2.445554e+00
2.023438e+00, 2.390501e+00, 2.381443e+00
2.039063e+00, 2.308162e+00, 2.316981e+00
2.054688e+00, 2.261438e+00, 2.252280e+00
2.070313e+00, 2.178625e+00, 2.187449e+00
2.085938e+00, 2.131790e+00, 2.122595e+00
2.101563e+00, 2.049052e+00, 2.057825e+00
2.117188e+00, 2.002411e+00, 1.993240e+00
2.132813e+00, 1.920270e+00, 1.928940e+00
2.148438e+00, 1.874110e+00, 1.865022e+00
2.164063e+00, 1.793061e+00, 1.801580e+00
2.179688e+00, 1.747652e+00, 1.738702e+00
2.195313e+00, 1.668152e+00, 1.676475e+00
2.210938e+00, 1.623741e+00, 1.614981e+00
2.226563e+00, 1.546209e+00, 1.554297e+00
2.242188e+00, 1.503022e+00, 1.494498e+00
2.257813e+00, 1.427833e+00, 1.435652e+00
2.273438e+00, 1.386069e+00, 1.377824e+00
2.289063e+00, 1.313554e+00, 1.321073e+00
2.304688e+00, 1.273387e+00, 1.265457e+00
2.320313e+00, 1.203827e+00, 1.211024e+00
2.335938e+00, 1.165403e+00, 1.157820e+00
2.351563e+00, 1.099035e+00, 1.105888e+00
2.367188e+00, 1.062472e+00, 1.055263e+00
2.382813e+00, 9.994811e-01, 1.005977e+00
2.398438e+00, 9.648718e-01, 9.580565e-01
2.414063e+00, 9.053973e-01, 9.115250e-01
2.429688e+00, 8.728066e-01, 8.664003e-01
2.445313e+00, 8.169415e-01, 8.226959e-01
2.460938e+00, 7.864092e-01, 7.804213e-01
2.476563e+00, 7.342024e-01, 7.395820e-01
2.492188e+00, 7.057442e-01, 7.001793e-01
2.507813e+00, 6.572038e-01, 6.622108e-01
2.523438e+00, 6.308132e-01, 6.256706e-01
2.539063e+00, 5.859094e-01, 5.905493e-01
2.554688e+00, 5.615593e-01, 5.568342e-01
2.570313e+00, 5.202282e-01, 5.245095e-01
2.585938e+00, 4.978736e-01, 4.935568e-01
2.601563e+00, 4.600212e-01, 4.639549e-01
2.617188e+00, 4.396010e-01, 4.356800e-01
2.632813e+00, 4.051071e-01, 4.087063e-01
2.648438e+00, 3.865468e-01, 3.830060e-01
2.664063e+00, 3.552696e-01, 3.585492e-01
2.679688e+00, 3.384836e-01, 3.353047e-01
2.695313e+00, 3.102637e-01, 3.132397e-01
2.710938e+00, 2.951575e-01, 2.923204e-01
2.726563e+00, 2.698219e-01, 2.725116e-01
2.742188e+00, 2.562946e-01, 2.537776e-01
2.757813e+00, 2.336608e-01, 2.360819e-01
2.773438e+00, 2.216073e-01, 2.193876e-01
2.789063e+00, 2.014867e-01, 2.036574e-01
2.804688e+00, 1.907993e-01, 1.888538e-01
2.820313e+00, 1.730011e-01, 1.749394e-01
2.835938e+00, 1.635717e-01, 1.618769e-01
2.851563e+00, 1.479051e-01, 1.496291e-01
2.867188e+00, 1.396265e-01, 1.381593e-01
2.882813e+00, 1.259041e-01, 1.274314e-01
2.898438e+00, 1.186716e-01, 1.174095e-01
2.914063e+00, 1.067111e-01, 1.080588e-01
2.929688e+00, 1.004235e-01, 9.934489e-02
2.945313e+00, 9.004994e-02, 9.123445e-02
2.960938e+00, 8.461076e-02, 8.369490e-02
2.976563e+00, 7.565764e-02, 7.669464e-02
2.992188e+00, 7.097547e-02, 7.020304e-02
3.007813e+00, 6.328624e-02, 6.419050e-02
3.023438e+00, 5.927551e-02, 5.862850e-02
3.039063e+00, 5.270416e-02, 5.348955e-02
3.054688e+00, 4.928546e-02, 4.874729e-02
3.070313e+00, 4.369701e-02, 4.437644e-02
3.085938e+00, 4.079725e-02, 4.035284e-02
3.101563e+00, 3.606801e-02, 3.665342e-02
3.117188e+00, 3.362050e-02, 3.325623e-02
3.132813e+00, 2.963800e-02, 3.014039e-02
3.148438e+00, 2.758236e-02, 2.728607e-02
3.164063e+00, 2.424515e-02, 2.467454e-02
3.179688e+00, 2.252711e-02, 2.228805e-02
3.195313e+00, 1.974436e-02, 2.010987e-02
3.210938e+00, 1.831554e-02, 1.812425e-02
3.226563e+00, 1.600652e-02, 1.631638e-02
3.242188e+00, 1.482407e-02, 1.467235e-02
3.257813e+00, 1.291755e-02, 1.317914e-02
3.273438e+00, 1.194380e-02, 1.182457e-02
3.289063e+00, 1.037734e-02, 1.059726e-02
3.304688e+00, 9.579400e-03, 9.486626e-03
3.320313e+00, 8.298677e-03, 8.482793e-03
3.335938e+00, 7.648019e-03, 7.576600e-03
3.351563e+00, 6.606059e-03, 6.759547e-03
3.367188e+00, 6.078112e-03, 6.023766e-03
3.382813e+00, 5.234572e-03, 5.361981e-03
3.398438e+00, 4.808302e-03, 4.767476e-03
3.414063e+00, 4.128757e-03, 4.234063e-03
3.429688e+00, 3.786279e-03, 3.756048e-03
3.445313e+00, 3.241542e-03, 3.328200e-03
3.460938e+00, 2.967741e-03, 2.945722e-03
3.476563e+00, 2.533219e-03, 2.604219e-03
3.492188e+00, 2.315404e-03, 2.299674e-03
3.507813e+00, 1.970505e-03, 2.028419e-03
3.523438e+00, 1.798084e-03, 1.787109e-03
3.539063e+00, 1.525672e-03, 1.572700e-03
3.554688e+00, 1.389859e-03, 1.382426e-03
3.570313e+00, 1.175760e-03, 1.213776e-03
3.585938e+00, 1.069315e-03, 1.064475e-03
3.601563e+00, 9.018748e-04, 9.324641e-04
3.617188e+00, 8.188622e-04, 8.158835e-04
3.632813e+00, 6.885569e-04, 7.130553e-04
3.648438e+00, 6.241435e-04, 6.224676e-04
3.664063e+00, 5.232347e-04, 5.427608e-04
3.679688e+00, 4.735077e-04, 4.727135e-04
3.695313e+00, 3.957446e-04, 4.112301e-04
3.710938e+00, 3.575556e-04, 3.573294e-04
3.726563e+00, 2.979178e-04, 3.101340e-04
3.742188e+00, 2.687493e-04, 2.688600e-04
3.757813e+00, 2.232272e-04, 2.328085e-04
3.773438e+00, 2.010792e-04, 2.013572e-04
3.789063e+00, 1.664873e-04, 1.739525e-04
3.804688e+00, 1.497822e-04, 1.501029e-04
3.820313e+00, 1.236027e-04, 1.293725e-04
3.835938e+00, 1.111057e-04, 1.113754e-04
3.851563e+00, 9.135756e-05, 9.577021e-05
3.867188e+00, 8.211149e-05, 8.225554e-05
3.882813e+00, 6.724119e-05, 7.056563e-05
3.898438e+00, 6.051330e-05, 6.046642e-05
3.914063e+00, 4.930499e-05, 5.175210e-05
3.929688e+00, 4.454436e-05, 4.424194e-05
3.945313e+00, 3.604553e-05, 3.777743e-05
3.960938e+00, 3.284963e-05, 3.221978e-05
3.976563e+00, 2.630982e-05, 2.744759e-05
3.992188e+00, 2.439899e-05, 2.335486e-05
4.000000e+00, 2.153391e-05, 2.153391e-05


