#At time: 0.000000e+00, nsteps= 0


-1.000000e+00, 0.000000e+00, 0.000000e+00
-9.921875e-01, 0.000000e+00, 0.000000e+00
-9.765625e-01, 0.000000e+00, 0.000000e+00
-9.609375e-01, 0.000000e+00, 0.000000e+00
-9.453125e-01, 0.000000e+00, 0.000000e+00
-9.296875e-01, 0.000000e+00, 0.000000e+00
-9.140625e-01, 0.000000e+00, 0.000000e+00
-8.984375e-01, 0.000000e+00, 0.000000e+00
-8.828125e-01, 0.000000e+00, 0.000000e+00
-8.671875e-01, 0.000000e+00, 0.000000e+00
-8.515625e-01, 0.000000e+00, 0.000000e+00
-8.359375e-01, 0.000000e+00, 0.000000e+00
-8.203125e-01, 0.000000e+00, 0.000000e+00
-8.046875e-01, 0.000000e+00, 0.000000e+00
-7.890625e-01, 0.000000e+00, 0.000000e+00
-7.734375e-01, 0.000000e+00, 0.000000e+00
-7.578125e-01, 0.000000e+00, 0.000000e+00
-7.421875e-01, 0.000000e+00, 0.000000e+00
-7.265625e-01, 0.000000e+00, 0.000000e+00
-7.109375e-01, 0.000000e+00, 0.000000e+00
-6.953125e-01, 0.000000e+00, 0.000000e+00
-6.796875e-01, 0.000000e+00, 0.000000e+00
-6.640625e-01, 0.000000e+00, 0.000000e+00
-6.484375e-01, 0.000000e+00, 0.000000e+00
-6.328125e-01, 0.000000e+00, 0.000000e+00
-6.171875e-01, 0.000000e+00, 0.000000e+00
-6.015625e-01, 0.000000e+00, 0.000000e+00
-5.859375e-01, 0.000000e+00, 0.000000e+00
-5.703125e-01, 0.000000e+00, 0.000000e+00
-5.546875e-01, 0.000000e+00, 0.000000e+00
-5.390625e-01, 0.000000e+00, 0.000000e+00
-5.234375e-01, 0.000000e+00, 0.000000e+00
-5.078125e-01, 0.000000e+00, 0.000000e+00
-4.921875e-01, 0.000000e+00, 0.000000e+00
-4.765625e-01, 0.000000e+00, 0.000000e+00
-4.609375e-01, 0.000000e+00, 0.000000e+00
-4.453125e-01, 0.000000e+00, 0.000000e+00
-4.296875e-01, 0.000000e+00, 0.000000e+00
-4.140625e-01, 0.000000e+00, 0.000000e+00
-3.984375e-01, 0.000000e+00, 0.000000e+00
-3.828125e-01, 0.000000e+00, 0.000000e+00
-3.671875e-01, 0.000000e+00, 0.000000e+00
-3.515625e-01, 0.000000e+00, 0.000000e+00
-3.359375e-01, 0.000000e+00, 0.000000e+00
-3.203125e-01, 0.000000e+00, 0.000000e+00
-3.046875e-01, 0.000000e+00, 0.000000e+00
-2.890625e-01, 0.000000e+00, 0.000000e+00
-2.734375e-01, 0.000000e+00, 0.000000e+00
-2.578125e-01, 0.000000e+00, 0.000000e+00
-2.421875e-01, 0.000000e+00, 0.000000e+00
-2.265625e-01, 0.000000e+00, 0.000000e+00
-2.109375e-01, 0.000000e+00, 0.000000e+00
-1.953125e-01, 0.000000e+00, 0.000000e+00
-1.796875e-01, 0.000000e+00, 0.000000e+00
-1.640625e-01, 0.000000e+00, 0.000000e+00
-1.484375e-01, 0.000000e+00, 0.000000e+00
-1.328125e-01, 0.000000e+00, 0.000000e+00
-1.171875e-01, 0.000000e+00, 0.000000e+00
-1.015625e-01, 0.000000e+00, 0.000000e+00
-8.593750e-02, 0.000000e+00, 0.000000e+00
-7.031250e-02, 0.000000e+00, 0.000000e+00
-5.468750e-02, 0.000000e+00, 0.000000e+00
-3.906250e-02, 0.000000e+00, 0.000000e+00
-2.343750e-02, 0.000000e+00, 0.000000e+00
-7.812500e-03, 0.000000e+00, 0.000000e+00
7.812500e-03, 0.000000e+00, 0.000000e+00
2.343750e-02, 0.000000e+00, 0.000000e+00
3.906250e-02, 0.000000e+00, 0.000000e+00
5.468750e-02, 0.000000e+00, 0.000000e+00
7.031250e-02, 0.000000e+00, 0.000000e+00
8.593750e-02, 0.000000e+00, 0.000000e+00
1.015625e-01, 0.000000e+00, 0.000000e+00
1.171875e-01, 0.000000e+00, 0.000000e+00
1.328125e-01, 0.000000e+00, 0.000000e+00
1.484375e-01, 0.000000e+00, 0.000000e+00
1.640625e-01, 0.000000e+00, 0.000000e+00
1.796875e-01, 0.000000e+00, 0.000000e+00
1.953125e-01, 0.000000e+00, 0.000000e+00
2.109375e-01, 0.000000e+00, 0.000000e+00
2.265625e-01, 0.000000e+00, 0.000000e+00
2.421875e-01, 0.000000e+00, 0.000000e+00
2.578125e-01, 0.000000e+00, 0.000000e+00
2.734375e-01, 0.000000e+00, 0.000000e+00
2.890625e-01, 0.000000e+00, 0.000000e+00
3.046875e-01, 0.000000e+00, 0.000000e+00
3.203125e-01, 0.000000e+00, 0.000000e+00
3.359375e-01, 0.000000e+00, 0.000000e+00
3.515625e-01, 0.000000e+00, 0.000000e+00
3.671875e-01, 0.000000e+00, 0.000000e+00
3.828125e-01, 0.000000e+00, 0.000000e+00
3.984375e-01, 0.000000e+00, 0.000000e+00
4.140625e-01, 0.000000e+00, 0.000000e+00
4.296875e-01, 0.000000e+00, 0.000000e+00
4.453125e-01, 0.000000e+00, 0.000000e+00
4.609375e-01, 0.000000e+00, 0.000000e+00
4.765625e-01, 0.000000e+00, 0.000000e+00
4.921875e-01, 0.000000e+00, 0.000000e+00
5.078125e-01, 0.000000e+00, 0.000000e+00
5.234375e-01, 0.000000e+00, 0.000000e+00
5.390625e-01, 0.000000e+00, 0.000000e+00
5.546875e-01, 0.000000e+00, 0.000000e+00
5.703125e-01, 0.000000e+00, 0.000000e+00
5.859375e-01, 0.000000e+00, 0.000000e+00
6.015625e-01, 0.000000e+00, 0.000000e+00
6.171875e-01, 0.000000e+00, 0.000000e+00
6.328125e-01, 0.000000e+00, 0.000000e+00
6.484375e-01, 0.000000e+00, 0.000000e+00
6.640625e-01, 0.000000e+00, 0.000000e+00
6.796875e-01, 0.000000e+00, 0.000000e+00
6.953125e-01, 0.000000e+00, 0.000000e+00
7.109375e-01, 0.000000e+00, 0.000000e+00
7.265625e-01, 0.000000e+00, 0.000000e+00
7.421875e-01, 0.000000e+00, 0.000000e+00
7.578125e-01, 0.000000e+00, 0.000000e+00
7.734375e-01, 0.000000e+00, 0.000000e+00
7.890625e-01, 0.000000e+00, 0.000000e+00
8.046875e-01, 0.000000e+00, 0.000000e+00
8.203125e-01, 0.000000e+00, 0.000000e+00
8.359375e-01, 0.000000e+00, 0.000000e+00
8.515625e-01, 0.000000e+00, 0.000000e+00
8.671875e-01, 0.000000e+00, 0.000000e+00
8.828125e-01, 0.000000e+00, 0.000000e+00
8.984375e-01, 0.000000e+00, 0.000000e+00
9.140625e-01, 0.000000e+00, 0.000000e+00
9.296875e-01, 0.000000e+00, 0.000000e+00
9.453125e-01, 0.000000e+00, 0.000000e+00
9.609375e-01, 0.000000e+00, 0.000000e+00
9.765625e-01, 0.000000e+00, 0.000000e+00
9.921875e-01, 0.000000e+00, 0.000000e+00
1.007813e+00, 5.000000e+00, 5.000000e+00
1.023438e+00, 5.000000e+00, 5.000000e+00
1.039063e+00, 5.000000e+00, 5.000000e+00
1.054688e+00, 5.000000e+00, 5.000000e+00
1.070313e+00, 5.000000e+00, 5.000000e+00
1.085938e+00, 5.000000e+00, 5.000000e+00
1.101563e+00, 5.000000e+00, 5.000000e+00
1.117188e+00, 5.000000e+00, 5.000000e+00
1.132813e+00, 5.000000e+00, 5.000000e+00
1.148438e+00, 5.000000e+00, 5.000000e+00
1.164063e+00, 5.000000e+00, 5.000000e+00
1.179688e+00, 5.000000e+00, 5.000000e+00
1.195313e+00, 5.000000e+00, 5.000000e+00
1.210938e+00, 5.000000e+00, 5.000000e+00
1.226563e+00, 5.000000e+00, 5.000000e+00
1.242188e+00, 5.000000e+00, 5.000000e+00
1.257813e+00, 5.000000e+00, 5.000000e+00
1.273438e+00, 5.000000e+00, 5.000000e+00
1.289063e+00, 5.000000e+00, 5.000000e+00
1.304688e+00, 5.000000e+00, 5.000000e+00
1.320313e+00, 5.000000e+00, 5.000000e+00
1.335938e+00, 5.000000e+00, 5.000000e+00
1.351563e+00, 5.000000e+00, 5.000000e+00
1.367188e+00, 5.000000e+00, 5.000000e+00
1.382813e+00, 5.000000e+00, 5.000000e+00
1.398438e+00, 5.000000e+00, 5.000000e+00
1.414063e+00, 5.000000e+00, 5.000000e+00
1.429688e+00, 5.000000e+00, 5.000000e+00
1.445313e+00, 5.000000e+00, 5.000000e+00
1.460938e+00, 5.000000e+00, 5.000000e+00
1.476563e+00, 5.000000e+00, 5.000000e+00
1.492188e+00, 5.000000e+00, 5.000000e+00
1.507813e+00, 5.000000e+00, 5.000000e+00
1.523438e+00, 5.000000e+00, 5.000000e+00
1.539063e+00, 5.000000e+00, 5.000000e+00
1.554688e+00, 5.000000e+00, 5.000000e+00
1.570313e+00, 5.000000e+00, 5.000000e+00
1.585938e+00, 5.000000e+00, 5.000000e+00
1.601563e+00, 5.000000e+00, 5.000000e+00
1.617188e+00, 5.000000e+00, 5.000000e+00
1.632813e+00, 5.000000e+00, 5.000000e+00
1.648438e+00, 5.000000e+00, 5.000000e+00
1.664063e+00, 5.000000e+00, 5.000000e+00
1.679688e+00, 5.000000e+00, 5.000000e+00
1.695313e+00, 5.000000e+00, 5.000000e+00
1.710938e+00, 5.000000e+00, 5.000000e+00
1.726563e+00, 5.000000e+00, 5.000000e+00
1.742188e+00, 5.000000e+00, 5.000000e+00
1.757813e+00, 5.000000e+00, 5.000000e+00
1.773438e+00, 5.000000e+00, 5.000000e+00
1.789063e+00, 5.000000e+00, 5.000000e+00
1.804688e+00, 5.000000e+00, 5.000000e+00
1.820313e+00, 5.000000e+00, 5.000000e+00
1.835938e+00, 5.000000e+00, 5.000000e+00
1.851563e+00, 5.000000e+00, 5.000000e+00
1.867188e+00, 5.000000e+00, 5.000000e+00
1.882813e+00, 5.000000e+00, 5.000000e+00
1.898438e+00, 5.000000e+00, 5.000000e+00
1.914063e+00, 5.000000e+00, 5.000000e+00
1.929688e+00, 5.000000e+00, 5.000000e+00
1.945313e+00, 5.000000e+00, 5.000000e+00
1.960938e+00, 5.000000e+00, 5.000000e+00
1.976563e+00, 5.000000e+00, 5.000000e+00
1.992188e+00, 5.000000e+00, 5.000000e+00
2.007813e+00, 0.000000e+00, 0.000000e+00
2.023438e+00, 0.000000e+00, 0.000000e+00
2.039063e+00, 0.000000e+00, 0.000000e+00
2.054688e+00, 0.000000e+00, 0.000000e+00
2.070313e+00, 0.000000e+00, 0.000000e+00
2.085938e+00, 0.000000e+00, 0.000000e+00
2.101563e+00, 0.000000e+00, 0.000000e+00
2.117188e+00, 0.000000e+00, 0.000000e+00
2.132813e+00, 0.000000e+00, 0.000000e+00
2.148438e+00, 0.000000e+00, 0.000000e+00
2.164063e+00, 0.000000e+00, 0.000000e+00
2.179688e+00, 0.000000e+00, 0.000000e+00
2.195313e+00, 0.000000e+00, 0.000000e+00
2.210938e+00, 0.000000e+00, 0.000000e+00
2.226563e+00, 0.000000e+00, 0.000000e+00
2.242188e+00, 0.000000e+00, 0.000000e+00
2.257813e+00, 0.000000e+00, 0.000000e+00
2.273438e+00, 0.000000e+00, 0.000000e+00
2.289063e+00, 0.000000e+00, 0.000000e+00
2.304688e+00, 0.000000e+00, 0.000000e+00
2.320313e+00, 0.000000e+00, 0.000000e+00
2.335938e+00, 0.000000e+00, 0.000000e+00
2.351563e+00, 0.000000e+00, 0.000000e+00
2.367188e+00, 0.000000e+00, 0.000000e+00
2.382813e+00, 0.000000e+00, 0.000000e+00
2.398438e+00, 0.000000e+00, 0.000000e+00
2.414063e+00, 0.000000e+00, 0.000000e+00
2.429688e+00, 0.000000e+00, 0.000000e+00
2.445313e+00, 0.000000e+00, 0.000000e+00
2.460938e+00, 0.000000e+00, 0.000000e+00
2.476563e+00, 0.000000e+00, 0.000000e+00
2.492188e+00, 0.000000e+00, 0.000000e+00
2.507813e+00, 0.000000e+00, 0.000000e+00
2.523438e+00, 0.000000e+00, 0.000000e+00
2.539063e+00, 0.000000e+00, 0.000000e+00
2.554688e+00, 0.000000e+00, 0.000000e+00
2.570313e+00, 0.000000e+00, 0.000000e+00
2.585938e+00, 0.000000e+00, 0.000000e+00
2.601563e+00, 0.000000e+00, 0.000000e+00
2.617188e+00, 0.000000e+00, 0.000000e+00
2.632813e+00, 0.000000e+00, 0.000000e+00
2.648438e+00, 0.000000e+00, 0.000000e+00
2.664063e+00, 0.000000e+00, 0.000000e+00
2.679688e+00, 0.000000e+00, 0.000000e+00
2.695313e+00, 0.000000e+00, 0.000000e+00
2.710938e+00, 0.000000e+00, 0.000000e+00
2.726563e+00, 0.000000e+00, 0.000000e+00
2.742188e+00, 0.000000e+00, 0.000000e+00
2.757813e+00, 0.000000e+00, 0.000000e+00
2.773438e+00, 0.000000e+00, 0.000000e+00
2.789063e+00, 0.000000e+00, 0.000000e+00
2.804688e+00, 0.000000e+00, 0.000000e+00
2.820313e+00, 0.000000e+00, 0.000000e+00
2.835938e+00, 0.000000e+00, 0.000000e+00
2.851563e+00, 0.000000e+00, 0.000000e+00
2.867188e+00, 0.000000e+00, 0.000000e+00
2.882813e+00, 0.000000e+00, 0.000000e+00
2.898438e+00, 0.000000e+00, 0.000000e+00
2.914063e+00, 0.000000e+00, 0.000000e+00
2.929688e+00, 0.000000e+00, 0.000000e+00
2.945313e+00, 0.000000e+00, 0.000000e+00
2.960938e+00, 0.000000e+00, 0.000000e+00
2.976563e+00, 0.000000e+00, 0.000000e+00
2.992188e+00, 0.000000e+00, 0.000000e+00
3.007813e+00, 0.000000e+00, 0.000000e+00
3.023438e+00, 0.000000e+00, 0.000000e+00
3.039063e+00, 0.000000e+00, 0.000000e+00
3.054688e+00, 0.000000e+00, 0.000000e+00
3.070313e+00, 0.000000e+00, 0.000000e+00
3.085938e+00, 0.000000e+00, 0.000000e+00
3.101563e+00, 0.000000e+00, 0.000000e+00
3.117188e+00, 0.000000e+00, 0.000000e+00
3.132813e+00, 0.000000e+00, 0.000000e+00
3.148438e+00, 0.000000e+00, 0.000000e+00
3.164063e+00, 0.000000e+00, 0.000000e+00
3.179688e+00, 0.000000e+00, 0.000000e+00
3.195313e+00, 0.000000e+00, 0.000000e+00
3.210938e+00, 0.000000e+00, 0.000000e+00
3.226563e+00, 0.000000e+00, 0.000000e+00
3.242188e+00, 0.000000e+00, 0.000000e+00
3.257813e+00, 0.000000e+00, 0.000000e+00
3.273438e+00, 0.000000e+00, 0.000000e+00
3.289063e+00, 0.000000e+00, 0.000000e+00
3.304688e+00, 0.000000e+00, 0.000000e+00
3.320313e+00, 0.000000e+00, 0.000000e+00
3.335938e+00, 0.000000e+00, 0.000000e+00
3.351563e+00, 0.000000e+00, 0.000000e+00
3.367188e+00, 0.000000e+00, 0.000000e+00
3.382813e+00, 0.000000e+00, 0.000000e+00
3.398438e+00, 0.000000e+00, 0.000000e+00
3.414063e+00, 0.000000e+00, 0.000000e+00
3.429688e+00, 0.000000e+00, 0.000000e+00
3.445313e+00, 0.000000e+00, 0.000000e+00
3.460938e+00, 0.000000e+00, 0.000000e+00
3.476563e+00, 0.000000e+00, 0.000000e+00
3.492188e+00, 0.000000e+00, 0.000000e+00
3.507813e+00, 0.000000e+00, 0.000000e+00
3.523438e+00, 0.000000e+00, 0.000000e+00
3.539063e+00, 0.000000e+00, 0.000000e+00
3.554688e+00, 0.000000e+00, 0.000000e+00
3.570313e+00, 0.000000e+00, 0.000000e+00
3.585938e+00, 0.000000e+00, 0.000000e+00
3.601563e+00, 0.000000e+00, 0.000000e+00
3.617188e+00, 0.000000e+00, 0.000000e+00
3.632813e+00, 0.000000e+00, 0.000000e+00
3.648438e+00, 0.000000e+00, 0.000000e+00
3.664063e+00, 0.000000e+00, 0.000000e+00
3.679688e+00, 0.000000e+00, 0.000000e+00
3.695313e+00, 0.000000e+00, 0.000000e+00
3.710938e+00, 0.000000e+00, 0.000000e+00
3.726563e+00, 0.000000e+00, 0.000000e+00
3.742188e+00, 0.000000e+00, 0.000000e+00
3.757813e+00, 0.000000e+00, 0.000000e+00
3.773438e+00, 0.000000e+00, 0.000000e+00
3.789063e+00, 0.000000e+00, 0.000000e+00
3.804688e+00, 0.000000e+00, 0.000000e+00
3.820313e+00, 0.000000e+00, 0.000000e+00
3.835938e+00, 0.000000e+00, 0.000000e+00
3.851563e+00, 0.000000e+00, 0.000000e+00
3.867188e+00, 0.000000e+00, 0.000000e+00
3.882813e+00, 0.000000e+00, 0.000000e+00
3.898438e+00, 0.000000e+00, 0.000000e+00
3.914063e+00, 0.000000e+00, 0.000000e+00
3.929688e+00, 0.000000e+00, 0.000000e+00
3.945313e+00, 0.000000e+00, 0.000000e+00
3.960938e+00, 0.000000e+00, 0.000000e+00
3.976563e+00, 0.000000e+00, 0.000000e+00
3.992188e+00, 0.000000e+00, 0.000000e+00
4.000000e+00, 0.000000e+00, 0.000000e+00


#At time: 2.507267e+01, nsteps= 207


-1.000000e+00, 0.000000e+00, 0.000000e+00
-9.921875e-01, 1.338573e-20, 0.000000e+00
-9.765625e-01, 5.366618e-20, 0.000000e+00
-9.609375e-01, 1.142456e-19, 0.000000e+00
-9.453125e-01, 2.527751e-19, 0.000000e+00
-9.296875e-01, 4.909663e-19, 0.000000e+00
-9.140625e-01, 1.045944e-18, 0.000000e+00
-8.984375e-01, 1.998006e-18, 0.000000e+00
-8.828125e-01, 4.180755e-18, 0.000000e+00
-8.671875e-01, 7.884648e-18, 0.000000e+00
-8.515625e-01, 1.622707e-17, 0.000000e+00
-8.359375e-01, 3.022423e-17, 2.775558e-16
-8.203125e-01, 6.120488e-17, 5.551115e-16
-8.046875e-01, 1.126043e-16, 8.326673e-16
-7.890625e-01, 2.244407e-16, 1.387779e-15
-7.734375e-01, 4.079288e-16, 2.498002e-15
-7.578125e-01, 8.005379e-16, 4.163336e-15
-7.421875e-01, 1.437595e-15, 7.494005e-15
-7.265625e-01, 2.778513e-15, 1.304512e-14
-7.109375e-01, 4.930542e-15, 2.248202e-14
-6.953125e-01, 9.387945e-15, 3.885781e-14
-6.796875e-01, 1.646398e-14, 6.689094e-14
-6.640625e-01, 3.089058e-14, 1.146305e-13
-6.484375e-01, 5.354573e-14, 1.953993e-13
-6.328125e-01, 9.902426e-14, 3.314016e-13
-6.171875e-01, 1.696780e-13, 5.595524e-13
-6.015625e-01, 3.093660e-13, 9.395262e-13
-5.859375e-01, 5.240722e-13, 1.570688e-12
-5.703125e-01, 9.422549e-13, 2.612910e-12
-5.546875e-01, 1.578226e-12, 4.325706e-12
-5.390625e-01, 2.798802e-12, 7.127354e-12
-5.234375e-01, 4.635550e-12, 1.168787e-11
-5.078125e-01, 8.110008e-12, 1.907502e-11
-4.921875e-01, 1.328384e-11, 3.098299e-11
-4.765625e-01, 2.293231e-11, 5.008438e-11
-4.609375e-01, 3.715073e-11, 8.057693e-11
-4.453125e-01, 6.329638e-11, 1.290168e-10
-4.296875e-01, 1.014279e-10, 2.055942e-10
-4.140625e-01, 1.705833e-10, 3.260656e-10
-3.984375e-01, 2.704056e-10, 5.146714e-10
-3.828125e-01, 4.489921e-10, 8.085116e-10
-3.671875e-01, 7.041384e-10, 1.264081e-09
-3.515625e-01, 1.154512e-09, 1.966965e-09
-3.359375e-01, 1.791418e-09, 3.046161e-09
-3.203125e-01, 2.900851e-09, 4.695091e-09
-3.046875e-01, 4.453904e-09, 7.202304e-09
-2.890625e-01, 7.124017e-09, 1.099603e-08
-2.734375e-01, 1.082416e-08, 1.670856e-08
-2.578125e-01, 1.710406e-08, 2.526860e-08
-2.421875e-01, 2.571925e-08, 3.803330e-08
-2.265625e-01, 4.015565e-08, 5.697553e-08
-2.109375e-01, 5.976274e-08, 8.494851e-08
-1.953125e-01, 9.220677e-08, 1.260571e-07
-1.796875e-01, 1.358331e-07, 1.861762e-07
-1.640625e-01, 2.071286e-07, 2.736703e-07
-1.484375e-01, 3.020475e-07, 4.003865e-07
-1.328125e-01, 4.552691e-07, 5.830162e-07
-1.171875e-01, 6.572468e-07, 8.449534e-07
-1.015625e-01, 9.793412e-07, 1.218814e-06
-8.593750e-02, 1.399754e-06, 1.749830e-06
-7.031250e-02, 2.062160e-06, 2.500404e-06
-5.468750e-02, 2.918291e-06, 3.556163e-06
-3.906250e-02, 4.251239e-06, 5.033986e-06
-2.343750e-02, 5.957188e-06, 7.092562e-06
-7.812500e-03, 8.582106e-06, 9.946193e-06
7.812500e-03, 1.190885e-05, 1.388273e-05
2.343750e-02, 1.696820e-05, 1.928677e-05
3.906250e-02, 2.331802e-05, 2.666936e-05
5.468750e-02, 3.286384e-05, 3.670592e-05
7.031250e-02, 4.472844e-05, 5.028430e-05
8.593750e-02, 6.236146e-05, 6.856518e-05
1.015625e-01, 8.406609e-05, 9.305766e-05
1.171875e-01, 1.159588e-04, 1.257131e-04
1.328125e-01, 1.548377e-04, 1.690405e-04
1.484375e-01, 2.113264e-04, 2.262488e-04
1.640625e-01, 2.795270e-04, 3.014180e-04
1.796875e-01, 3.775183e-04, 3.997076e-04
1.953125e-01, 4.946913e-04, 5.276051e-04
2.109375e-01, 6.611921e-04, 6.932212e-04
2.265625e-01, 8.583792e-04, 9.066386e-04
2.421875e-01, 1.135517e-03, 1.180319e-03
2.578125e-01, 1.460594e-03, 1.529574e-03
2.734375e-01, 1.912520e-03, 1.973111e-03
2.890625e-01, 2.437563e-03, 2.533645e-03
3.046875e-01, 3.159626e-03, 3.238601e-03
3.203125e-01, 3.990518e-03, 4.120882e-03
3.359375e-01, 5.120985e-03, 5.219734e-03
3.515625e-01, 6.409454e-03, 6.581674e-03
3.671875e-01, 8.143868e-03, 8.261493e-03
3.828125e-01, 1.010190e-02, 1.032333e-02
3.984375e-01, 1.270983e-02, 1.284177e-02
4.140625e-01, 1.562604e-02, 1.590300e-02
4.296875e-01, 1.946948e-02, 1.960594e-02
4.453125e-01, 2.372647e-02, 2.406336e-02
4.609375e-01, 2.927856e-02, 2.940294e-02
4.765625e-01, 3.536974e-02, 3.576821e-02
4.921875e-01, 4.323182e-02, 4.331936e-02
5.078125e-01, 5.177550e-02, 5.223383e-02
5.234375e-01, 6.268960e-02, 6.270669e-02
5.390625e-01, 7.443752e-02, 7.495061e-02
5.546875e-01, 8.929127e-02, 8.919562e-02
5.703125e-01, 1.051283e-01, 1.056883e-01
5.859375e-01, 1.249484e-01, 1.246906e-01
6.015625e-01, 1.458803e-01, 1.464781e-01
6.171875e-01, 1.718113e-01, 1.713377e-01
6.328125e-01, 1.989373e-01, 1.995650e-01
6.484375e-01, 2.322030e-01, 2.314605e-01
6.640625e-01, 2.666719e-01, 2.673259e-01
6.796875e-01, 3.085183e-01, 3.074597e-01
6.953125e-01, 3.514670e-01, 3.521517e-01
7.109375e-01, 4.030875e-01, 4.016780e-01
7.265625e-01, 4.555647e-01, 4.562951e-01
7.421875e-01, 5.180105e-01, 5.162338e-01
7.578125e-01, 5.808895e-01, 5.816934e-01
7.734375e-01, 6.549721e-01, 6.528353e-01
7.890625e-01, 7.288591e-01, 7.297772e-01
8.046875e-01, 8.150522e-01, 8.125883e-01
8.203125e-01, 9.001992e-01, 9.012833e-01
8.359375e-01, 9.985515e-01, 9.958192e-01
8.515625e-01, 1.094784e+00, 1.096091e+00
8.671875e-01, 1.204852e+00, 1.201932e+00
8.828125e-01, 1.311518e+00, 1.313107e+00
8.984375e-01, 1.432330e+00, 1.429319e+00
9.140625e-01, 1.548288e+00, 1.550206e+00
9.296875e-01, 1.678346e+00, 1.675346e+00
9.453125e-01, 1.801982e+00, 1.804259e+00
9.609375e-01, 1.939306e+00, 1.936414e+00
9.765625e-01, 2.068595e+00, 2.071236e+00
9.921875e-01, 2.210808e+00, 2.208109e+00
1.007813e+00, 2.343411e+00, 2.346390e+00
1.023438e+00, 2.487861e+00, 2.485415e+00
1.039063e+00, 2.621250e+00, 2.624509e+00
1.054688e+00, 2.765155e+00, 2.762996e+00
1.070313e+00, 2.896754e+00, 2.900207e+00
1.085938e+00, 3.037362e+00, 3.035494e+00
1.101563e+00, 3.164696e+00, 3.168233e+00
1.117188e+00, 3.299439e+00, 3.297839e+00
1.132813e+00, 3.420269e+00, 3.423768e+00
1.148438e+00, 3.546899e+00, 3.545525e+00
1.164063e+00, 3.659337e+00, 3.662673e+00
1.179688e+00, 3.776035e+00, 3.774831e+00
1.195313e+00, 3.878624e+00, 3.881682e+00
1.210938e+00, 3.984063e+00, 3.982970e+00
1.226563e+00, 4.075818e+00, 4.078504e+00
1.242188e+00, 4.169189e+00, 4.168154e+00
1.257813e+00, 4.249602e+00, 4.251848e+00
1.273438e+00, 4.330594e+00, 4.329570e+00
1.289063e+00, 4.399589e+00, 4.401358e+00
1.304688e+00, 4.468329e+00, 4.467290e+00
1.320313e+00, 4.526201e+00, 4.527486e+00
1.335938e+00, 4.583168e+00, 4.582100e+00
1.351563e+00, 4.630488e+00, 4.631310e+00
1.367188e+00, 4.676404e+00, 4.675311e+00
1.382813e+00, 4.713913e+00, 4.714314e+00
1.398438e+00, 4.749628e+00, 4.748530e+00
1.414063e+00, 4.778134e+00, 4.778170e+00
1.429688e+00, 4.804512e+00, 4.803437e+00
1.445313e+00, 4.824783e+00, 4.824519e+00
1.460938e+00, 4.842599e+00, 4.841586e+00
1.476563e+00, 4.855281e+00, 4.854783e+00
1.492188e+00, 4.865134e+00, 4.864228e+00
1.507813e+00, 4.870676e+00, 4.870008e+00
1.523438e+00, 4.872928e+00, 4.872178e+00
1.539063e+00, 4.871541e+00, 4.870759e+00
1.554688e+00, 4.866281e+00, 4.865738e+00
1.570313e+00, 4.857915e+00, 4.857067e+00
1.585938e+00, 4.844946e+00, 4.844664e+00
1.601563e+00, 4.829295e+00, 4.828419e+00
1.617188e+00, 4.808160e+00, 4.808190e+00
1.632813e+00, 4.784692e+00, 4.783814e+00
1.648438e+00, 4.754718e+00, 4.755105e+00
1.664063e+00, 4.722732e+00, 4.721864e+00
1.679688e+00, 4.683099e+00, 4.683881e+00
1.695313e+00, 4.641803e+00, 4.640943e+00
1.710938e+00, 4.591641e+00, 4.592841e+00
1.726563e+00, 4.540241e+00, 4.539373e+00
1.742188e+00, 4.478737e+00, 4.480359e+00
1.757813e+00, 4.416546e+00, 4.415638e+00
1.773438e+00, 4.343060e+00, 4.345085e+00
1.789063e+00, 4.269603e+00, 4.268609e+00
1.804688e+00, 4.183779e+00, 4.186165e+00
1.820313e+00, 4.098896e+00, 4.097758e+00
1.835938e+00, 4.000768e+00, 4.003447e+00
1.851563e+00, 3.904695e+00, 3.903349e+00
1.867188e+00, 3.794760e+00, 3.797644e+00
1.882813e+00, 3.688187e+00, 3.686572e+00
1.898438e+00, 3.567452e+00, 3.570440e+00
1.914063e+00, 3.451547e+00, 3.449613e+00
1.929688e+00, 3.321533e+00, 3.324518e+00
1.945313e+00, 3.197926e+00, 3.195638e+00
1.960938e+00, 3.060626e+00, 3.063507e+00
1.976563e+00, 2.931352e+00, 2.928704e+00
1.992188e+00, 2.789150e+00, 2.791842e+00
2.007813e+00, 2.656552e+00, 2.653568e+00
2.023438e+00, 2.512105e+00, 2.514545e+00
2.039063e+00, 2.378715e+00, 2.375449e+00
2.054688e+00, 2.234803e+00, 2.236957e+00
2.070313e+00, 2.103195e+00, 2.099735e+00
2.085938e+00, 1.962571e+00, 1.964432e+00
2.101563e+00, 1.835217e+00, 1.831670e+00
2.117188e+00, 1.700443e+00, 1.702032e+00
2.132813e+00, 1.579575e+00, 1.576061e+00
2.148438e+00, 1.452888e+00, 1.454247e+00
2.164063e+00, 1.340382e+00, 1.337025e+00
2.179688e+00, 1.223587e+00, 1.224769e+00
2.195313e+00, 1.120881e+00, 1.117790e+00
2.210938e+00, 1.015276e+00, 1.016336e+00
2.226563e+00, 9.233231e-01, 9.205891e-01
2.242188e+00, 8.296749e-01, 8.306660e-01
2.257813e+00, 7.489375e-01, 7.466228e-01
2.273438e+00, 6.674937e-01, 6.684564e-01
2.289063e+00, 5.979735e-01, 5.961088e-01
2.304688e+00, 5.285113e-01, 5.294719e-01
2.320313e+00, 4.698082e-01, 4.683929e-01
2.335938e+00, 4.117109e-01, 4.126801e-01
2.351563e+00, 3.631027e-01, 3.621088e-01
2.367188e+00, 3.154524e-01, 3.164272e-01
2.382813e+00, 2.759849e-01, 2.753630e-01
2.398438e+00, 2.376620e-01, 2.386287e-01
2.414063e+00, 2.062400e-01, 2.059272e-01
2.429688e+00, 1.760185e-01, 1.769571e-01
2.445313e+00, 1.514901e-01, 1.514173e-01
2.460938e+00, 1.281223e-01, 1.290109e-01
2.476563e+00, 1.093495e-01, 1.094488e-01
2.492188e+00, 9.163449e-02, 9.245306e-02
2.507813e+00, 7.754862e-02, 7.775855e-02
2.523438e+00, 6.438240e-02, 6.511540e-02
2.539063e+00, 5.402117e-02, 5.429004e-02
2.554688e+00, 4.442823e-02, 4.506612e-02
2.570313e+00, 3.695715e-02, 3.724489e-02
2.585938e+00, 3.010564e-02, 3.064524e-02
2.601563e+00, 2.482519e-02, 2.510340e-02
2.617188e+00, 2.002860e-02, 2.047242e-02
2.632813e+00, 1.637059e-02, 1.662139e-02
2.648438e+00, 1.307934e-02, 1.343448e-02
2.664063e+00, 1.059582e-02, 1.080997e-02
2.679688e+00, 8.382529e-03, 8.659105e-03
2.695313e+00, 6.730149e-03, 6.904967e-03
2.710938e+00, 5.271583e-03, 5.481324e-03
2.726563e+00, 4.194296e-03, 4.331517e-03
2.742188e+00, 3.252428e-03, 3.407383e-03
2.757813e+00, 2.564260e-03, 2.668233e-03
2.773438e+00, 1.968339e-03, 2.079911e-03
2.789063e+00, 1.537657e-03, 1.613912e-03
2.804688e+00, 1.168270e-03, 1.246596e-03
2.820313e+00, 9.042256e-04, 9.584691e-04
2.835938e+00, 6.799289e-04, 7.335573e-04
2.851563e+00, 5.213631e-04, 5.588434e-04
2.867188e+00, 3.879591e-04, 4.237827e-04
2.882813e+00, 2.946969e-04, 3.198823e-04
2.898438e+00, 2.169882e-04, 2.403412e-04
2.914063e+00, 1.632706e-04, 1.797439e-04
2.929688e+00, 1.189429e-04, 1.338030e-04
2.945313e+00, 8.864669e-05, 9.914254e-05
2.960938e+00, 6.388768e-05, 7.311973e-05
2.976563e+00, 4.715879e-05, 5.367683e-05
2.992188e+00, 3.361978e-05, 3.922064e-05
3.007813e+00, 2.457713e-05, 2.852434e-05
3.023438e+00, 1.732979e-05, 2.064845e-05
3.039063e+00, 1.254554e-05, 1.487745e-05
3.054688e+00, 8.748482e-06, 1.066930e-05
3.070313e+00, 6.271291e-06, 7.615677e-06
3.085938e+00, 4.324455e-06, 5.410582e-06
3.101563e+00, 3.069391e-06, 3.825961e-06
3.117188e+00, 2.092695e-06, 2.692752e-06
3.132813e+00, 1.470588e-06, 1.886296e-06
3.148438e+00, 9.912224e-07, 1.315162e-06
3.164063e+00, 6.895847e-07, 9.126476e-07
3.179688e+00, 4.594509e-07, 6.303469e-07
3.195313e+00, 3.164125e-07, 4.333187e-07
3.210938e+00, 2.083626e-07, 2.964729e-07
3.226563e+00, 1.420359e-07, 2.018882e-07
3.242188e+00, 9.243153e-08, 1.368308e-07
3.257813e+00, 6.236309e-08, 9.230020e-08
3.273438e+00, 4.010005e-08, 6.196775e-08
3.289063e+00, 2.677600e-08, 4.140682e-08
3.304688e+00, 1.700965e-08, 2.753722e-08
3.320313e+00, 1.123966e-08, 1.822674e-08
3.335938e+00, 7.052925e-09, 1.200708e-08
3.351563e+00, 4.611546e-09, 7.872351e-09
3.367188e+00, 2.857996e-09, 5.136992e-09
3.382813e+00, 1.848928e-09, 3.336182e-09
3.398438e+00, 1.131522e-09, 2.156383e-09
3.414063e+00, 7.242081e-10, 1.387192e-09
3.429688e+00, 4.375833e-10, 8.881382e-10
3.445313e+00, 2.770527e-10, 5.659226e-10
3.460938e+00, 1.652484e-10, 3.588932e-10
3.476563e+00, 1.034901e-10, 2.265188e-10
3.492188e+00, 6.092162e-11, 1.422895e-10
3.507813e+00, 3.773549e-11, 8.895495e-11
3.523438e+00, 2.191980e-11, 5.534739e-11
3.539063e+00, 1.342728e-11, 3.427286e-11
3.554688e+00, 7.694874e-12, 2.112172e-11
3.570313e+00, 4.661018e-12, 1.295491e-11
3.585938e+00, 2.634691e-12, 7.908119e-12
3.601563e+00, 1.577938e-12, 4.804213e-12
3.617188e+00, 8.795873e-13, 2.904621e-12
3.632813e+00, 5.208014e-13, 1.747769e-12
3.648438e+00, 2.862207e-13, 1.046663e-12
3.664063e+00, 1.675242e-13, 6.239453e-13
3.679688e+00, 9.074897e-14, 3.699818e-13
3.695313e+00, 5.249889e-14, 2.184364e-13
3.710938e+00, 2.802461e-14, 1.282308e-13
3.726563e+00, 1.602238e-14, 7.494005e-14
3.742188e+00, 8.426093e-15, 4.357625e-14
3.757813e+00, 4.760344e-15, 2.525757e-14
3.773438e+00, 2.465619e-15, 1.471046e-14
3.789063e+00, 1.376278e-15, 8.326673e-15
3.804688e+00, 7.018662e-16, 4.718448e-15
3.820313e+00, 3.870297e-16, 2.775558e-15
3.835938e+00, 1.942758e-16, 1.665335e-15
3.851563e+00, 1.058176e-16, 8.326673e-16
3.867188e+00, 5.226556e-17, 5.551115e-16
3.882813e+00, 2.811496e-17, 2.775558e-16
3.898438e+00, 1.365858e-17, 2.775558e-16
3.914063e+00, 7.253725e-18, 0.000000e+00
3.929688e+00, 3.461327e-18, 0.000000e+00
3.945313e+00, 1.807851e-18, 0.000000e+00
3.960938e+00, 8.306916e-19, 0.000000e+00
3.976563e+00, 3.958079e-19, 0.000000e+00
3.992188e+00, 1.005042e-19, 0.000000e+00
4.000000e+00, 0.000000e+00, 0.000000e+00


#At time: 5.002422e+01, nsteps= 413


-1.000000e+00, 2.275261e-10, 2.275261e-10
-9.921875e-01, 2.566345e-10, 2.679218e-10
-9.765625e-01, 3.192310e-10, 3.708372e-10
-9.609375e-01, 4.152226e-10, 5.120609e-10
-9.453125e-01, 5.560916e-10, 7.053802e-10
-9.296875e-01, 7.547276e-10, 9.693668e-10
-9.140625e-01, 1.033141e-09, 1.328976e-09
-8.984375e-01, 1.416028e-09, 1.817649e-09
-8.828125e-01, 1.944011e-09, 2.480090e-09
-8.671875e-01, 2.662304e-09, 3.375902e-09
-8.515625e-01, 3.644429e-09, 4.584346e-09
-8.359375e-01, 4.971411e-09, 6.210556e-09
-8.203125e-01, 6.774495e-09, 8.393624e-09
-8.046875e-01, 9.196798e-09, 1.131709e-08
-7.890625e-01, 1.246984e-08, 1.522253e-08
-7.734375e-01, 1.684332e-08, 2.042706e-08
-7.578125e-01, 2.272106e-08, 2.734592e-08
-7.421875e-01, 3.053373e-08, 3.652136e-08
-7.265625e-01, 4.097786e-08, 4.865972e-08
-7.109375e-01, 5.478779e-08, 6.467866e-08
-6.953125e-01, 7.315189e-08, 8.576727e-08
-6.796875e-01, 9.730807e-08, 1.134623e-07
-6.640625e-01, 1.292616e-07, 1.497449e-07
-6.484375e-01, 1.710759e-07, 1.971618e-07
-6.328125e-01, 2.260979e-07, 2.589789e-07
-6.171875e-01, 2.977278e-07, 3.393732e-07
-6.015625e-01, 3.914911e-07, 4.436726e-07
-5.859375e-01, 5.129275e-07, 5.786556e-07
-5.703125e-01, 6.710597e-07, 7.529232e-07
-5.546875e-01, 8.748109e-07, 9.773604e-07
-5.390625e-01, 1.138754e-06, 1.265706e-06
-5.234375e-01, 1.477099e-06, 1.635255e-06
-5.078125e-01, 1.913128e-06, 2.107722e-06
-4.921875e-01, 2.469209e-06, 2.710298e-06
-4.765625e-01, 3.182136e-06, 3.476938e-06
-4.609375e-01, 4.086714e-06, 4.449937e-06
-4.453125e-01, 5.240459e-06, 5.681832e-06
-4.296875e-01, 6.696906e-06, 7.237709e-06
-4.140625e-01, 8.544986e-06, 9.197985e-06
-3.984375e-01, 1.086609e-05, 1.166175e-05
-3.828125e-01, 1.379622e-05, 1.475078e-05
-3.671875e-01, 1.745768e-05, 1.861433e-05
-3.515625e-01, 2.205622e-05, 2.343480e-05
-3.359375e-01, 2.777343e-05, 2.943456e-05
-3.203125e-01, 3.491722e-05, 3.688392e-05
-3.046875e-01, 4.375399e-05, 4.611056e-05
-2.890625e-01, 5.473952e-05, 5.751067e-05
-2.734375e-01, 6.826002e-05, 7.156193e-05
-2.578125e-01, 8.498275e-05, 8.883866e-05
-2.421875e-01, 1.054608e-04, 1.100295e-04
-2.265625e-01, 1.306606e-04, 1.359579e-04
-2.109375e-01, 1.613644e-04, 1.676057e-04
-1.953125e-01, 1.989565e-04, 2.061404e-04
-1.796875e-01, 2.445297e-04, 2.529462e-04
-1.640625e-01, 3.000454e-04, 3.096601e-04
-1.484375e-01, 3.670109e-04, 3.782119e-04
-1.328125e-01, 4.481747e-04, 4.608706e-04
-1.171875e-01, 5.455892e-04, 5.602964e-04
-1.015625e-01, 6.630639e-04, 6.795990e-04
-8.593750e-02, 8.033564e-04, 8.224032e-04
-7.031250e-02, 9.716893e-04, 9.929222e-04
-5.468750e-02, 1.171718e-03, 1.196039e-03
-3.906250e-02, 1.410523e-03, 1.437394e-03
-2.343750e-02, 1.692883e-03, 1.723489e-03
-7.812500e-03, 2.028293e-03, 2.061791e-03
7.812500e-03, 2.422908e-03, 2.460850e-03
2.343750e-02, 2.889324e-03, 2.930433e-03
3.906250e-02, 3.435348e-03, 3.481655e-03
5.468750e-02, 4.077504e-03, 4.127134e-03
7.031250e-02, 4.825543e-03, 4.881145e-03
8.593750e-02, 5.700899e-03, 5.759790e-03
1.015625e-01, 6.715551e-03, 6.781177e-03
1.171875e-01, 7.896994e-03, 7.965601e-03
1.328125e-01, 9.259679e-03, 9.335739e-03
1.484375e-01, 1.083849e-02, 1.091685e-02
1.640625e-01, 1.265052e-02, 1.273697e-02
1.796875e-01, 1.473955e-02, 1.482713e-02
1.953125e-01, 1.712535e-02, 1.722154e-02
2.109375e-01, 1.986223e-02, 1.995780e-02
2.265625e-01, 2.297256e-02, 2.307710e-02
2.421875e-01, 2.652294e-02, 2.662440e-02
2.578125e-01, 3.053794e-02, 3.064860e-02
2.734375e-01, 3.509838e-02, 3.520267e-02
2.890625e-01, 4.023028e-02, 4.034383e-02
3.046875e-01, 4.603061e-02, 4.613363e-02
3.203125e-01, 5.252577e-02, 5.263801e-02
3.359375e-01, 5.983075e-02, 5.992736e-02
3.515625e-01, 6.797073e-02, 6.807650e-02
3.671875e-01, 7.708058e-02, 7.716465e-02
3.828125e-01, 8.718204e-02, 8.727531e-02
3.984375e-01, 9.843151e-02, 9.849611e-02
4.140625e-01, 1.108445e-01, 1.109186e-01
4.296875e-01, 1.246003e-01, 1.246379e-01
4.453125e-01, 1.397046e-01, 1.397526e-01
4.609375e-01, 1.563609e-01, 1.563639e-01
4.765625e-01, 1.745606e-01, 1.745756e-01
4.921875e-01, 1.945320e-01, 1.944931e-01
5.078125e-01, 2.162476e-01, 2.162232e-01
5.234375e-01, 2.399604e-01, 2.398731e-01
5.390625e-01, 2.656184e-01, 2.655495e-01
5.546875e-01, 2.934990e-01, 2.933583e-01
5.703125e-01, 3.235197e-01, 3.234030e-01
5.859375e-01, 3.559815e-01, 3.557843e-01
6.015625e-01, 3.907645e-01, 3.905988e-01
6.171875e-01, 4.281921e-01, 4.279381e-01
6.328125e-01, 4.681007e-01, 4.678876e-01
6.484375e-01, 5.108339e-01, 5.105255e-01
6.640625e-01, 5.561777e-01, 5.559218e-01
6.796875e-01, 6.044937e-01, 6.041370e-01
6.953125e-01, 6.555117e-01, 6.552210e-01
7.109375e-01, 7.096084e-01, 7.092126e-01
7.265625e-01, 7.664521e-01, 7.661377e-01
7.421875e-01, 8.264319e-01, 8.260093e-01
7.578125e-01, 8.891501e-01, 8.888260e-01
7.734375e-01, 9.550054e-01, 9.545713e-01
7.890625e-01, 1.023532e+00, 1.023214e+00
8.046875e-01, 1.095134e+00, 1.094705e+00
8.203125e-01, 1.169276e+00, 1.168982e+00
8.359375e-01, 1.246367e+00, 1.245963e+00
8.515625e-01, 1.325803e+00, 1.325550e+00
8.671875e-01, 1.407993e+00, 1.407631e+00
8.828125e-01, 1.492268e+00, 1.492075e+00
8.984375e-01, 1.579037e+00, 1.578734e+00
9.140625e-01, 1.667569e+00, 1.667449e+00
9.296875e-01, 1.758271e+00, 1.758043e+00
9.453125e-01, 1.850359e+00, 1.850326e+00
9.609375e-01, 1.944237e+00, 1.944095e+00
9.765625e-01, 2.039075e+00, 2.039136e+00
9.921875e-01, 2.135274e+00, 2.135225e+00
1.007813e+00, 2.231969e+00, 2.232127e+00
1.023438e+00, 2.329557e+00, 2.329603e+00
1.039063e+00, 2.427151e+00, 2.427404e+00
1.054688e+00, 2.525142e+00, 2.525280e+00
1.070313e+00, 2.622634e+00, 2.622975e+00
1.085938e+00, 2.720013e+00, 2.720235e+00
1.101563e+00, 2.816385e+00, 2.816802e+00
1.117188e+00, 2.912132e+00, 2.912425e+00
1.132813e+00, 3.006375e+00, 3.006852e+00
1.148438e+00, 3.099490e+00, 3.099838e+00
1.164063e+00, 3.190625e+00, 3.191142e+00
1.179688e+00, 3.280150e+00, 3.280533e+00
1.195313e+00, 3.367251e+00, 3.367787e+00
1.210938e+00, 3.452288e+00, 3.452687e+00
1.226563e+00, 3.534497e+00, 3.535030e+00
1.242188e+00, 3.614227e+00, 3.614622e+00
1.257813e+00, 3.690769e+00, 3.691279e+00
1.273438e+00, 3.764458e+00, 3.764830e+00
1.289063e+00, 3.834649e+00, 3.835117e+00
1.304688e+00, 3.901658e+00, 3.901992e+00
1.320313e+00, 3.964907e+00, 3.965319e+00
1.335938e+00, 4.024691e+00, 4.024976e+00
1.351563e+00, 4.080503e+00, 4.080849e+00
1.367188e+00, 4.132611e+00, 4.132840e+00
1.382813e+00, 4.180581e+00, 4.180856e+00
1.398438e+00, 4.224649e+00, 4.224820e+00
1.414063e+00, 4.264454e+00, 4.264659e+00
1.429688e+00, 4.300199e+00, 4.300314e+00
1.445313e+00, 4.331592e+00, 4.331731e+00
1.460938e+00, 4.358799e+00, 4.358867e+00
1.476563e+00, 4.381601e+00, 4.381683e+00
1.492188e+00, 4.400120e+00, 4.400150e+00
1.507813e+00, 4.414207e+00, 4.414244e+00
1.523438e+00, 4.423939e+00, 4.423946e+00
1.539063e+00, 4.429239e+00, 4.429245e+00
1.554688e+00, 4.430136e+00, 4.430134e+00
1.570313e+00, 4.426623e+00, 4.426612e+00
1.585938e+00, 4.418681e+00, 4.418684e+00
1.601563e+00, 4.406373e+00, 4.406359e+00
1.617188e+00, 4.389633e+00, 4.389652e+00
1.632813e+00, 4.368592e+00, 4.368586e+00
1.648438e+00, 4.343141e+00, 4.343187e+00
1.664063e+00, 4.313482e+00, 4.313491e+00
1.679688e+00, 4.279461e+00, 4.279538e+00
1.695313e+00, 4.241351e+00, 4.241379e+00
1.710938e+00, 4.198960e+00, 4.199070e+00
1.726563e+00, 4.152632e+00, 4.152678e+00
1.742188e+00, 4.102140e+00, 4.102279e+00
1.757813e+00, 4.047901e+00, 4.047959e+00
1.773438e+00, 3.989655e+00, 3.989815e+00
1.789063e+00, 3.927891e+00, 3.927953e+00
1.804688e+00, 3.862324e+00, 3.862493e+00
1.820313e+00, 3.793512e+00, 3.793564e+00
1.835938e+00, 3.721147e+00, 3.721310e+00
1.851563e+00, 3.645857e+00, 3.645885e+00
1.867188e+00, 3.567314e+00, 3.567455e+00
1.882813e+00, 3.486211e+00, 3.486199e+00
1.898438e+00, 3.402203e+00, 3.402305e+00
1.914063e+00, 3.316042e+00, 3.315975e+00
1.929688e+00, 3.227372e+00, 3.227419e+00
1.945313e+00, 3.136994e+00, 3.136858e+00
1.960938e+00, 3.044543e+00, 3.044522e+00
1.976563e+00, 2.950861e+00, 2.950646e+00
1.992188e+00, 2.855575e+00, 2.855476e+00
2.007813e+00, 2.759558e+00, 2.759259e+00
2.023438e+00, 2.662429e+00, 2.662247e+00
2.039063e+00, 2.565081e+00, 2.564697e+00
2.054688e+00, 2.467128e+00, 2.466863e+00
2.070313e+00, 2.369467e+00, 2.369002e+00
2.085938e+00, 2.271708e+00, 2.271365e+00
2.101563e+00, 2.174740e+00, 2.174202e+00
2.117188e+00, 2.078167e+00, 2.077756e+00
2.132813e+00, 1.982862e+00, 1.982265e+00
2.148438e+00, 1.888422e+00, 1.887957e+00
2.164063e+00, 1.795687e+00, 1.795050e+00
2.179688e+00, 1.704253e+00, 1.703752e+00
2.195313e+00, 1.614916e+00, 1.614258e+00
2.210938e+00, 1.527267e+00, 1.526749e+00
2.226563e+00, 1.442051e+00, 1.441394e+00
2.242188e+00, 1.358858e+00, 1.358344e+00
2.257813e+00, 1.278372e+00, 1.277737e+00
2.273438e+00, 1.200182e+00, 1.199693e+00
2.289063e+00, 1.124908e+00, 1.124315e+00
2.304688e+00, 1.052139e+00, 1.051692e+00
2.320313e+00, 9.824273e-01, 9.818949e-01
2.335938e+00, 9.153651e-01, 9.149771e-01
2.351563e+00, 8.514348e-01, 8.509770e-01
2.367188e+00, 7.902346e-01, 7.899173e-01
2.382813e+00, 7.321780e-01, 7.318052e-01
2.398438e+00, 6.768719e-01, 6.766335e-01
2.414063e+00, 6.246632e-01, 6.243814e-01
2.429688e+00, 5.751705e-01, 5.750152e-01
2.445313e+00, 5.286783e-01, 5.284894e-01
2.460938e+00, 4.848198e-01, 4.847474e-01
2.476563e+00, 4.438218e-01, 4.437232e-01
2.492188e+00, 4.053349e-01, 4.053416e-01
2.507813e+00, 3.695342e-01, 3.695200e-01
2.523438e+00, 3.360903e-01, 3.361693e-01
2.539063e+00, 3.051332e-01, 3.051946e-01
2.554688e+00, 2.763552e-01, 2.764969e-01
2.570313e+00, 2.498474e-01, 2.499735e-01
2.585938e+00, 2.253261e-01, 2.255195e-01
2.601563e+00, 2.028501e-01, 2.030285e-01
2.617188e+00, 1.821599e-01, 1.823932e-01
2.632813e+00, 1.632886e-01, 1.635066e-01
2.648438e+00, 1.460018e-01, 1.462628e-01
2.664063e+00, 1.303121e-01, 1.305572e-01
2.679688e+00, 1.160101e-01, 1.162874e-01
2.695313e+00, 1.030934e-01, 1.033538e-01
2.710938e+00, 9.137683e-02, 9.165980e-02
2.726563e+00, 8.084719e-02, 8.111241e-02
2.742188e+00, 7.134276e-02, 7.162237e-02
2.757813e+00, 6.284328e-02, 6.310449e-02
2.773438e+00, 5.520901e-02, 5.547781e-02
2.789063e+00, 4.841566e-02, 4.866572e-02
2.804688e+00, 4.234383e-02, 4.259606e-02
2.820313e+00, 3.696753e-02, 3.720108e-02
2.835938e+00, 3.218587e-02, 3.241747e-02
2.851563e+00, 2.797292e-02, 2.818630e-02
2.867188e+00, 2.424440e-02, 2.445287e-02
2.882813e+00, 2.097560e-02, 2.116667e-02
2.898438e+00, 1.809694e-02, 1.828116e-02
2.914063e+00, 1.558575e-02, 1.575368e-02
2.929688e+00, 1.338519e-02, 1.354518e-02
2.945313e+00, 1.147508e-02, 1.162011e-02
2.960938e+00, 9.809515e-03, 9.946192e-03
2.976563e+00, 8.370989e-03, 8.494201e-03
2.992188e+00, 7.122846e-03, 7.237785e-03
3.007813e+00, 6.050214e-03, 6.153249e-03
3.023438e+00, 5.124155e-03, 5.219362e-03
3.039063e+00, 4.332291e-03, 4.417156e-03
3.054688e+00, 3.652026e-03, 3.729745e-03
3.070313e+00, 3.073249e-03, 3.142135e-03
3.085938e+00, 2.578513e-03, 2.641062e-03
3.101563e+00, 2.159695e-03, 2.214822e-03
3.117188e+00, 1.803474e-03, 1.853123e-03
3.132813e+00, 1.503430e-03, 1.546940e-03
3.148438e+00, 1.249502e-03, 1.288383e-03
3.164063e+00, 1.036696e-03, 1.070578e-03
3.179688e+00, 8.574978e-04, 8.875466e-04
3.195313e+00, 7.080759e-04, 7.341131e-04
3.210938e+00, 5.828813e-04, 6.058044e-04
3.226563e+00, 4.790167e-04, 4.987678e-04
3.242188e+00, 3.924289e-04, 4.096942e-04
3.257813e+00, 3.209570e-04, 3.357497e-04
3.273438e+00, 2.616727e-04, 2.745141e-04
3.289063e+00, 2.129861e-04, 2.239268e-04
3.304688e+00, 1.728048e-04, 1.822379e-04
3.320313e+00, 1.399739e-04, 1.479659e-04
3.335938e+00, 1.130150e-04, 1.198599e-04
3.351563e+00, 9.109985e-05, 9.686675e-05
3.367188e+00, 7.319521e-05, 7.810218e-05
3.382813e+00, 5.871467e-05, 6.282583e-05
3.398438e+00, 4.694392e-05, 5.041958e-05
3.414063e+00, 3.747291e-05, 4.036874e-05
3.429688e+00, 2.981327e-05, 3.224597e-05
3.445313e+00, 2.368175e-05, 2.569740e-05
3.460938e+00, 1.874810e-05, 2.043081e-05
3.476563e+00, 1.481902e-05, 1.620555e-05
3.492188e+00, 1.167363e-05, 1.282400e-05
3.507813e+00, 9.181598e-06, 1.012426e-05
3.523438e+00, 7.196799e-06, 7.974130e-06
3.539063e+00, 5.632405e-06, 6.265883e-06
3.554688e+00, 4.392800e-06, 4.912016e-06
3.570313e+00, 3.420819e-06, 3.841626e-06
3.585938e+00, 2.654581e-06, 2.997420e-06
3.601563e+00, 2.056888e-06, 2.333225e-06
3.617188e+00, 1.588132e-06, 1.811931e-06
3.632813e+00, 1.224389e-06, 1.403790e-06
3.648438e+00, 9.405826e-07, 1.085019e-06
3.664063e+00, 7.215059e-07, 8.366563e-07
3.679688e+00, 5.514561e-07, 6.436213e-07
3.695313e+00, 4.208779e-07, 4.939544e-07
3.710938e+00, 3.200461e-07, 3.781952e-07
3.726563e+00, 2.430259e-07, 2.888799e-07
3.742188e+00, 1.838600e-07, 2.201356e-07
3.757813e+00, 1.389045e-07, 1.673534e-07
3.773438e+00, 1.045503e-07, 1.269256e-07
3.789063e+00, 7.858576e-08, 9.603608e-08
3.804688e+00, 5.884848e-08, 7.249187e-08
3.820313e+00, 4.401150e-08, 5.459005e-08
3.835938e+00, 3.279364e-08, 4.101158e-08
3.851563e+00, 2.440814e-08, 3.073746e-08
3.867188e+00, 1.810458e-08, 2.298252e-08
3.882813e+00, 1.342238e-08, 1.714331e-08
3.898438e+00, 9.927367e-09, 1.275731e-08
3.914063e+00, 7.354095e-09, 9.470882e-09
3.929688e+00, 5.455119e-09, 7.014361e-09
3.945313e+00, 4.081232e-09, 5.182650e-09
3.960938e+00, 3.094706e-09, 3.820159e-09
3.976563e+00, 2.416382e-09, 2.809158e-09
3.992188e+00, 1.973490e-09, 2.060801e-09
4.000000e+00, 1.763509e-09, 1.763509e-09


#At time: 7.509690e+01, nsteps= 620


-1.000000e+00, 2.145790e-07, 2.145790e-07
-9.921875e-01, 2.396273e-07, 2.398367e-07
-9.765625e-01, 2.914196e-07, 2.992668e-07
-9.609375e-01, 3.571007e-07, 3.728349e-07
-9.453125e-01, 4.396178e-07, 4.637564e-07
-9.296875e-01, 5.426699e-07, 5.759421e-07
-9.140625e-01, 6.707002e-07, 7.141403e-07
-8.984375e-01, 8.292244e-07, 8.841063e-07
-8.828125e-01, 1.024835e-06, 1.092803e-06
-8.671875e-01, 1.265659e-06, 1.348640e-06
-8.515625e-01, 1.561368e-06, 1.661755e-06
-8.359375e-01, 1.923823e-06, 2.044352e-06
-8.203125e-01, 2.367077e-06, 2.511087e-06
-8.046875e-01, 2.908301e-06, 3.079540e-06
-7.890625e-01, 3.567745e-06, 3.770756e-06
-7.734375e-01, 4.370067e-06, 4.609879e-06
-7.578125e-01, 5.344223e-06, 5.626906e-06
-7.421875e-01, 6.525356e-06, 6.857552e-06
-7.265625e-01, 7.954559e-06, 8.344268e-06
-7.109375e-01, 9.681542e-06, 1.013742e-05
-6.953125e-01, 1.176418e-05, 1.229666e-05
-6.796875e-01, 1.427229e-05, 1.489250e-05
-6.640625e-01, 1.728677e-05, 1.800815e-05
-6.484375e-01, 2.090491e-05, 2.174164e-05
-6.328125e-01, 2.523900e-05, 2.620822e-05
-6.171875e-01, 3.042362e-05, 3.154315e-05
-6.015625e-01, 3.661345e-05, 3.790491e-05
-5.859375e-01, 4.399328e-05, 4.547880e-05
-5.703125e-01, 5.277457e-05, 5.448115e-05
-5.546875e-01, 6.320920e-05, 6.516397e-05
-5.390625e-01, 7.558409e-05, 7.782039e-05
-5.234375e-01, 9.024001e-05, 9.279067e-05
-5.078125e-01, 1.075633e-04, 1.104691e-04
-4.921875e-01, 1.280116e-04, 1.313116e-04
-4.765625e-01, 1.521013e-04, 1.558446e-04
-4.609375e-01, 1.804422e-04, 1.846747e-04
-4.453125e-01, 2.137192e-04, 2.184996e-04
-4.296875e-01, 2.527389e-04, 2.581200e-04
-4.140625e-01, 2.984028e-04, 3.044538e-04
-3.984375e-01, 3.517696e-04, 3.585504e-04
-3.828125e-01, 4.140170e-04, 4.216077e-04
-3.671875e-01, 4.865238e-04, 4.949908e-04
-3.515625e-01, 5.708166e-04, 5.802518e-04
-3.359375e-01, 6.686776e-04, 6.791524e-04
-3.203125e-01, 7.820699e-04, 7.936882e-04
-3.046875e-01, 9.132796e-04, 9.261158e-04
-2.890625e-01, 1.064811e-03, 1.078981e-03
-2.734375e-01, 1.239575e-03, 1.255152e-03
-2.578125e-01, 1.440740e-03, 1.457852e-03
-2.421875e-01, 1.671981e-03, 1.690697e-03
-2.265625e-01, 1.937280e-03, 1.957736e-03
-2.109375e-01, 2.241238e-03, 2.263492e-03
-1.953125e-01, 2.588814e-03, 2.613012e-03
-1.796875e-01, 2.985728e-03, 3.011909e-03
-1.640625e-01, 3.438108e-03, 3.466421e-03
-1.484375e-01, 3.953001e-03, 3.983460e-03
-1.328125e-01, 4.537918e-03, 4.570672e-03
-1.171875e-01, 5.201476e-03, 5.236500e-03
-1.015625e-01, 5.952798e-03, 5.990240e-03
-8.593750e-02, 6.802334e-03, 6.842115e-03
-7.031250e-02, 7.761075e-03, 7.803339e-03
-5.468750e-02, 8.841587e-03, 8.886187e-03
-3.906250e-02, 1.005699e-02, 1.010406e-02
-2.343750e-02, 1.142228e-02, 1.147159e-02
-7.812500e-03, 1.295298e-02, 1.300465e-02
7.812500e-03, 1.466680e-02, 1.472049e-02
2.343750e-02, 1.658196e-02, 1.663779e-02
3.906250e-02, 1.871922e-02, 1.877672e-02
5.468750e-02, 2.109975e-02, 2.115903e-02
7.031250e-02, 2.374765e-02, 2.380810e-02
8.593750e-02, 2.668729e-02, 2.674900e-02
1.015625e-01, 2.994639e-02, 3.000860e-02
1.171875e-01, 3.355275e-02, 3.361555e-02
1.328125e-01, 3.753795e-02, 3.760039e-02
1.484375e-01, 4.193336e-02, 4.199555e-02
1.640625e-01, 4.677463e-02, 4.683541e-02
1.796875e-01, 5.209678e-02, 5.215630e-02
1.953125e-01, 5.793964e-02, 5.799654e-02
2.109375e-01, 6.434190e-02, 6.439638e-02
2.265625e-01, 7.134759e-02, 7.139806e-02
2.421875e-01, 7.899896e-02, 7.904572e-02
2.578125e-01, 8.734416e-02, 8.738538e-02
2.734375e-01, 9.642876e-02, 9.646488e-02
2.890625e-01, 1.063048e-01, 1.063338e-01
3.046875e-01, 1.170209e-01, 1.170433e-01
3.203125e-01, 1.286325e-01, 1.286460e-01
3.359375e-01, 1.411906e-01, 1.411962e-01
3.515625e-01, 1.547539e-01, 1.547489e-01
3.671875e-01, 1.693749e-01, 1.693606e-01
3.828125e-01, 1.851146e-01, 1.850883e-01
3.984375e-01, 2.020266e-01, 2.019897e-01
4.140625e-01, 2.201732e-01, 2.201228e-01
4.296875e-01, 2.396076e-01, 2.395457e-01
4.453125e-01, 2.603928e-01, 2.603163e-01
4.609375e-01, 2.825805e-01, 2.824918e-01
4.765625e-01, 3.062329e-01, 3.061287e-01
4.921875e-01, 3.313989e-01, 3.312823e-01
5.078125e-01, 3.581386e-01, 3.580061e-01
5.234375e-01, 3.864966e-01, 3.863519e-01
5.390625e-01, 4.165295e-01, 4.163689e-01
5.546875e-01, 4.482758e-01, 4.481038e-01
5.703125e-01, 4.817873e-01, 4.816001e-01
5.859375e-01, 5.170948e-01, 5.168975e-01
6.015625e-01, 5.542435e-01, 5.540320e-01
6.171875e-01, 5.932549e-01, 5.930352e-01
6.328125e-01, 6.341660e-01, 6.339339e-01
6.484375e-01, 6.769874e-01, 6.767497e-01
6.640625e-01, 7.217466e-01, 7.214986e-01
6.796875e-01, 7.684416e-01, 7.681910e-01
6.953125e-01, 8.170888e-01, 8.168308e-01
7.109375e-01, 8.676725e-01, 8.674155e-01
7.265625e-01, 9.201968e-01, 9.199356e-01
7.421875e-01, 9.746311e-01, 9.743746e-01
7.578125e-01, 1.030966e+00, 1.030709e+00
7.734375e-01, 1.089155e+00, 1.088907e+00
7.890625e-01, 1.149175e+00, 1.148930e+00
8.046875e-01, 1.210963e+00, 1.210731e+00
8.203125e-01, 1.274481e+00, 1.274256e+00
8.359375e-01, 1.339650e+00, 1.339442e+00
8.515625e-01, 1.406416e+00, 1.406218e+00
8.671875e-01, 1.474685e+00, 1.474508e+00
8.828125e-01, 1.544388e+00, 1.544225e+00
8.984375e-01, 1.615414e+00, 1.615275e+00
9.140625e-01, 1.687681e+00, 1.687560e+00
9.296875e-01, 1.761064e+00, 1.760970e+00
9.453125e-01, 1.835467e+00, 1.835392e+00
9.609375e-01, 1.910750e+00, 1.910705e+00
9.765625e-01, 1.986807e+00, 1.986783e+00
9.921875e-01, 2.063486e+00, 2.063493e+00
1.007813e+00, 2.140670e+00, 2.140698e+00
1.023438e+00, 2.218195e+00, 2.218256e+00
1.039063e+00, 2.295938e+00, 2.296021e+00
1.054688e+00, 2.373727e+00, 2.373842e+00
1.070313e+00, 2.451431e+00, 2.451567e+00
1.085938e+00, 2.528873e+00, 2.529040e+00
1.101563e+00, 2.605917e+00, 2.606103e+00
1.117188e+00, 2.682384e+00, 2.682598e+00
1.132813e+00, 2.758134e+00, 2.758366e+00
1.148438e+00, 2.832987e+00, 2.833246e+00
1.164063e+00, 2.906805e+00, 2.907078e+00
1.179688e+00, 2.979409e+00, 2.979705e+00
1.195313e+00, 3.050661e+00, 3.050969e+00
1.210938e+00, 3.120387e+00, 3.120715e+00
1.226563e+00, 3.188454e+00, 3.188790e+00
1.242188e+00, 3.254695e+00, 3.255046e+00
1.257813e+00, 3.318980e+00, 3.319336e+00
1.273438e+00, 3.381151e+00, 3.381519e+00
1.289063e+00, 3.441088e+00, 3.441457e+00
1.304688e+00, 3.498641e+00, 3.499017e+00
1.320313e+00, 3.553698e+00, 3.554073e+00
1.335938e+00, 3.606123e+00, 3.606502e+00
1.351563e+00, 3.655814e+00, 3.656188e+00
1.367188e+00, 3.702647e+00, 3.703022e+00
1.382813e+00, 3.746532e+00, 3.746900e+00
1.398438e+00, 3.787360e+00, 3.787725e+00
1.414063e+00, 3.825052e+00, 3.825408e+00
1.429688e+00, 3.859515e+00, 3.859866e+00
1.445313e+00, 3.890682e+00, 3.891023e+00
1.460938e+00, 3.918478e+00, 3.918811e+00
1.476563e+00, 3.942848e+00, 3.943169e+00
1.492188e+00, 3.963732e+00, 3.964044e+00
1.507813e+00, 3.981091e+00, 3.981391e+00
1.523438e+00, 3.994882e+00, 3.995172e+00
1.539063e+00, 4.005079e+00, 4.005356e+00
1.554688e+00, 4.011657e+00, 4.011922e+00
1.570313e+00, 4.014603e+00, 4.014856e+00
1.585938e+00, 4.013910e+00, 4.014151e+00
1.601563e+00, 4.009580e+00, 4.009808e+00
1.617188e+00, 4.001623e+00, 4.001837e+00
1.632813e+00, 3.990054e+00, 3.990256e+00
1.648438e+00, 3.974902e+00, 3.975089e+00
1.664063e+00, 3.956195e+00, 3.956370e+00
1.679688e+00, 3.933979e+00, 3.934138e+00
1.695313e+00, 3.908298e+00, 3.908444e+00
1.710938e+00, 3.879213e+00, 3.879343e+00
1.726563e+00, 3.846781e+00, 3.846898e+00
1.742188e+00, 3.811082e+00, 3.811181e+00
1.757813e+00, 3.772185e+00, 3.772269e+00
1.773438e+00, 3.730185e+00, 3.730250e+00
1.789063e+00, 3.685164e+00, 3.685214e+00
1.804688e+00, 3.637233e+00, 3.637262e+00
1.820313e+00, 3.586486e+00, 3.586500e+00
1.835938e+00, 3.533049e+00, 3.533039e+00
1.851563e+00, 3.477024e+00, 3.476998e+00
1.867188e+00, 3.418552e+00, 3.418500e+00
1.882813e+00, 3.357745e+00, 3.357676e+00
1.898438e+00, 3.294755e+00, 3.294660e+00
1.914063e+00, 3.229705e+00, 3.229591e+00
1.929688e+00, 3.162754e+00, 3.162612e+00
1.945313e+00, 3.094032e+00, 3.093871e+00
1.960938e+00, 3.023708e+00, 3.023519e+00
1.976563e+00, 2.951916e+00, 2.951708e+00
1.992188e+00, 2.878832e+00, 2.878595e+00
2.007813e+00, 2.804593e+00, 2.804338e+00
2.023438e+00, 2.729378e+00, 2.729095e+00
2.039063e+00, 2.653327e+00, 2.653027e+00
2.054688e+00, 2.576620e+00, 2.576292e+00
2.070313e+00, 2.499394e+00, 2.499051e+00
2.085938e+00, 2.421830e+00, 2.421462e+00
2.101563e+00, 2.344063e+00, 2.343682e+00
2.117188e+00, 2.266268e+00, 2.265865e+00
2.132813e+00, 2.188577e+00, 2.188163e+00
2.148438e+00, 2.111158e+00, 2.110724e+00
2.164063e+00, 2.034135e+00, 2.033694e+00
2.179688e+00, 1.957669e+00, 1.957213e+00
2.195313e+00, 1.881874e+00, 1.881416e+00
2.210938e+00, 1.806903e+00, 1.806434e+00
2.226563e+00, 1.732857e+00, 1.732390e+00
2.242188e+00, 1.659876e+00, 1.659403e+00
2.257813e+00, 1.588051e+00, 1.587584e+00
2.273438e+00, 1.517507e+00, 1.517039e+00
2.289063e+00, 1.448322e+00, 1.447865e+00
2.304688e+00, 1.380606e+00, 1.380152e+00
2.320313e+00, 1.314422e+00, 1.313983e+00
2.335938e+00, 1.249864e+00, 1.249433e+00
2.351563e+00, 1.186981e+00, 1.186569e+00
2.367188e+00, 1.125851e+00, 1.125451e+00
2.382813e+00, 1.066507e+00, 1.066131e+00
2.398438e+00, 1.009011e+00, 1.008651e+00
2.414063e+00, 9.533831e-01, 9.530478e-01
2.429688e+00, 8.996661e-01, 8.993501e-01
2.445313e+00, 8.478672e-01, 8.475786e-01
2.460938e+00, 7.980141e-01, 7.977471e-01
2.476563e+00, 7.501003e-01, 7.498622e-01
2.492188e+00, 7.041389e-01, 7.039239e-01
2.507813e+00, 6.601113e-01, 6.599257e-01
2.523438e+00, 6.180170e-01, 6.178552e-01
2.539063e+00, 5.778265e-01, 5.776941e-01
2.554688e+00, 5.395273e-01, 5.394186e-01
2.570313e+00, 5.030803e-01, 5.030002e-01
2.585938e+00, 4.684625e-01, 4.684054e-01
2.601563e+00, 4.356269e-01, 4.355968e-01
2.617188e+00, 4.045415e-01, 4.045330e-01
2.632813e+00, 3.751531e-01, 3.751694e-01
2.648438e+00, 3.474222e-01, 3.474583e-01
2.664063e+00, 3.212909e-01, 3.213494e-01
2.679688e+00, 2.967142e-01, 2.967901e-01
2.695313e+00, 2.736309e-01, 2.737262e-01
2.710938e+00, 2.519918e-01, 2.521020e-01
2.726563e+00, 2.317341e-01, 2.318607e-01
2.742188e+00, 2.128058e-01, 2.129446e-01
2.757813e+00, 1.951439e-01, 1.952958e-01
2.773438e+00, 1.786949e-01, 1.788562e-01
2.789063e+00, 1.633966e-01, 1.635679e-01
2.804688e+00, 1.491955e-01, 1.493734e-01
2.820313e+00, 1.360310e-01, 1.362159e-01
2.835938e+00, 1.238506e-01, 1.240394e-01
2.851563e+00, 1.125961e-01, 1.127892e-01
2.867188e+00, 1.022171e-01, 1.024117e-01
2.882813e+00, 9.265847e-02, 9.285476e-02
2.898438e+00, 8.387216e-02, 8.406781e-02
2.914063e+00, 7.580678e-02, 7.600194e-02
2.929688e+00, 6.841735e-02, 6.861003e-02
2.945313e+00, 6.165643e-02, 6.184675e-02
2.960938e+00, 5.548241e-02, 5.566872e-02
2.976563e+00, 4.985202e-02, 5.003445e-02
2.992188e+00, 4.472723e-02, 4.490444e-02
3.007813e+00, 4.006898e-02, 4.024115e-02
3.023438e+00, 3.584292e-02, 3.600900e-02
3.039063e+00, 3.201419e-02, 3.217438e-02
3.054688e+00, 2.855207e-02, 2.870558e-02
3.070313e+00, 2.542573e-02, 2.557281e-02
3.085938e+00, 2.260803e-02, 2.274811e-02
3.101563e+00, 2.007195e-02, 2.020532e-02
3.117188e+00, 1.779375e-02, 1.792003e-02
3.132813e+00, 1.574998e-02, 1.586949e-02
3.148438e+00, 1.392005e-02, 1.403258e-02
3.164063e+00, 1.228382e-02, 1.238972e-02
3.179688e+00, 1.082361e-02, 1.092279e-02
3.195313e+00, 9.522259e-03, 9.615088e-03
3.210938e+00, 8.364721e-03, 8.451215e-03
3.226563e+00, 7.336506e-03, 7.417036e-03
3.242188e+00, 6.424932e-03, 6.499592e-03
3.257813e+00, 5.617868e-03, 5.687028e-03
3.273438e+00, 4.904716e-03, 4.968523e-03
3.289063e+00, 4.275406e-03, 4.334222e-03
3.304688e+00, 3.721158e-03, 3.775166e-03
3.320313e+00, 3.233683e-03, 3.283228e-03
3.335938e+00, 2.805770e-03, 2.851054e-03
3.351563e+00, 2.430652e-03, 2.472000e-03
3.367188e+00, 2.102455e-03, 2.140077e-03
3.382813e+00, 1.815702e-03, 1.849897e-03
3.398438e+00, 1.565647e-03, 1.596621e-03
3.414063e+00, 1.347890e-03, 1.375916e-03
3.429688e+00, 1.158629e-03, 1.183906e-03
3.445313e+00, 9.943603e-04, 1.017130e-03
3.460938e+00, 8.520612e-04, 8.725082e-04
3.476563e+00, 7.289615e-04, 7.473010e-04
3.492188e+00, 6.226793e-04, 6.390782e-04
3.507813e+00, 5.310420e-04, 5.456877e-04
3.523438e+00, 4.521865e-04, 4.652276e-04
3.539063e+00, 3.844225e-04, 3.960202e-04
3.554688e+00, 3.263042e-04, 3.365885e-04
3.570313e+00, 2.765265e-04, 2.856344e-04
3.585938e+00, 2.339764e-04, 2.420196e-04
3.601563e+00, 1.976539e-04, 2.047477e-04
3.617188e+00, 1.667088e-04, 1.729479e-04
3.632813e+00, 1.403809e-04, 1.458609e-04
3.648438e+00, 1.180254e-04, 1.228256e-04
3.664063e+00, 9.906906e-05, 1.032679e-04
3.679688e+00, 8.302671e-05, 8.668975e-05
3.695313e+00, 6.946904e-05, 7.265999e-05
3.710938e+00, 5.803395e-05, 6.080618e-05
3.726563e+00, 4.840238e-05, 5.080711e-05
3.742188e+00, 4.030610e-05, 4.238626e-05
3.757813e+00, 3.350980e-05, 3.530606e-05
3.773438e+00, 2.781625e-05, 2.936274e-05
3.789063e+00, 2.305325e-05, 2.438183e-05
3.804688e+00, 1.907692e-05, 2.021429e-05
3.820313e+00, 1.576218e-05, 1.673294e-05
3.835938e+00, 1.300488e-05, 1.382954e-05
3.851563e+00, 1.071491e-05, 1.141206e-05
3.867188e+00, 8.817489e-06, 9.402450e-06
3.882813e+00, 7.248234e-06, 7.734608e-06
3.898438e+00, 5.953946e-06, 6.352658e-06
3.914063e+00, 4.889042e-06, 5.209455e-06
3.929688e+00, 4.016078e-06, 4.265287e-06
3.945313e+00, 3.303151e-06, 3.486768e-06
3.960938e+00, 2.724275e-06, 2.845879e-06
3.976563e+00, 2.257462e-06, 2.319145e-06
3.992188e+00, 1.885073e-06, 1.886937e-06
4.000000e+00, 1.701046e-06, 1.701046e-06


#At time: 1.000484e+02, nsteps= 826


-1.000000e+00, 6.674491e-06, 6.674491e-06
-9.921875e-01, 7.295447e-06, 7.268720e-06
-9.765625e-01, 8.567262e-06, 8.613004e-06
-9.609375e-01, 1.007492e-05, 1.019391e-05
-9.453125e-01, 1.185676e-05, 1.205084e-05
-9.296875e-01, 1.395732e-05, 1.422930e-05
-9.140625e-01, 1.642805e-05, 1.678188e-05
-8.984375e-01, 1.932853e-05, 1.976915e-05
-8.828125e-01, 2.272736e-05, 2.326089e-05
-8.671875e-01, 2.670365e-05, 2.733732e-05
-8.515625e-01, 3.134826e-05, 3.209053e-05
-8.359375e-01, 3.676560e-05, 3.762614e-05
-8.203125e-01, 4.307524e-05, 4.406506e-05
-8.046875e-01, 5.041416e-05, 5.154556e-05
-7.890625e-01, 5.893874e-05, 6.022555e-05
-7.734375e-01, 6.882768e-05, 7.028508e-05
-7.578125e-01, 8.028431e-05, 8.192919e-05
-7.421875e-01, 9.354035e-05, 9.539104e-05
-7.265625e-01, 1.088587e-04, 1.109354e-04
-7.109375e-01, 1.265382e-04, 1.288626e-04
-6.953125e-01, 1.469167e-04, 1.495127e-04
-6.796875e-01, 1.703772e-04, 1.732702e-04
-6.640625e-01, 1.973519e-04, 2.005694e-04
-6.484375e-01, 2.283288e-04, 2.319001e-04
-6.328125e-01, 2.638570e-04, 2.678137e-04
-6.171875e-01, 3.045552e-04, 3.089305e-04
-6.015625e-01, 3.511172e-04, 3.559468e-04
-5.859375e-01, 4.043227e-04, 4.096437e-04
-5.703125e-01, 4.650434e-04, 4.708955e-04
-5.546875e-01, 5.342559e-04, 5.406801e-04
-5.390625e-01, 6.130493e-04, 6.200890e-04
-5.234375e-01, 7.026399e-04, 7.103396e-04
-5.078125e-01, 8.043803e-04, 8.127870e-04
-4.921875e-01, 9.197768e-04, 9.289375e-04
-4.765625e-01, 1.050499e-03, 1.060464e-03
-4.609375e-01, 1.198402e-03, 1.209219e-03
-4.453125e-01, 1.365534e-03, 1.377256e-03
-4.296875e-01, 1.554165e-03, 1.566841e-03
-4.140625e-01, 1.766796e-03, 1.780478e-03
-3.984375e-01, 2.006187e-03, 2.020923e-03
-3.828125e-01, 2.275370e-03, 2.291212e-03
-3.671875e-01, 2.577684e-03, 2.594678e-03
-3.515625e-01, 2.916785e-03, 2.934977e-03
-3.359375e-01, 3.296683e-03, 3.316114e-03
-3.203125e-01, 3.721759e-03, 3.742471e-03
-3.046875e-01, 4.196806e-03, 4.218830e-03
-2.890625e-01, 4.727037e-03, 4.750406e-03
-2.734375e-01, 5.318142e-03, 5.342877e-03
-2.578125e-01, 5.976291e-03, 6.002412e-03
-2.421875e-01, 6.708196e-03, 6.735708e-03
-2.265625e-01, 7.521110e-03, 7.550018e-03
-2.109375e-01, 8.422902e-03, 8.453191e-03
-1.953125e-01, 9.422047e-03, 9.453701e-03
-1.796875e-01, 1.052770e-02, 1.056069e-02
-1.640625e-01, 1.174971e-02, 1.178399e-02
-1.484375e-01, 1.309868e-02, 1.313417e-02
-1.328125e-01, 1.458593e-02, 1.462258e-02
-1.171875e-01, 1.622366e-02, 1.626137e-02
-1.015625e-01, 1.802485e-02, 1.806352e-02
-8.593750e-02, 2.000341e-02, 2.004291e-02
-7.031250e-02, 2.217412e-02, 2.221430e-02
-5.468750e-02, 2.455273e-02, 2.459343e-02
-3.906250e-02, 2.715592e-02, 2.719697e-02
-2.343750e-02, 3.000145e-02, 3.004263e-02
-7.812500e-03, 3.310800e-02, 3.314911e-02
7.812500e-03, 3.649542e-02, 3.653619e-02
2.343750e-02, 4.018450e-02, 4.022469e-02
3.906250e-02, 4.419724e-02, 4.423653e-02
5.468750e-02, 4.855662e-02, 4.859474e-02
7.031250e-02, 5.328683e-02, 5.332342e-02
8.593750e-02, 5.841305e-02, 5.844780e-02
1.015625e-01, 6.396170e-02, 6.399421e-02
1.171875e-01, 6.996013e-02, 6.999007e-02
1.328125e-01, 7.643693e-02, 7.646386e-02
1.484375e-01, 8.342158e-02, 8.344513e-02
1.640625e-01, 9.094474e-02, 9.096447e-02
1.796875e-01, 9.903790e-02, 9.905342e-02
1.953125e-01, 1.077337e-01, 1.077445e-01
2.109375e-01, 1.170653e-01, 1.170710e-01
2.265625e-01, 1.270671e-01, 1.270673e-01
2.421875e-01, 1.377739e-01, 1.377682e-01
2.578125e-01, 1.492216e-01, 1.492095e-01
2.734375e-01, 1.614461e-01, 1.614272e-01
2.890625e-01, 1.744842e-01, 1.744582e-01
3.046875e-01, 1.883729e-01, 1.883394e-01
3.203125e-01, 2.031496e-01, 2.031082e-01
3.359375e-01, 2.188516e-01, 2.188020e-01
3.515625e-01, 2.355163e-01, 2.354583e-01
3.671875e-01, 2.531810e-01, 2.531143e-01
3.828125e-01, 2.718826e-01, 2.718070e-01
3.984375e-01, 2.916574e-01, 2.915728e-01
4.140625e-01, 3.125414e-01, 3.124476e-01
4.296875e-01, 3.345693e-01, 3.344664e-01
4.453125e-01, 3.577752e-01, 3.576631e-01
4.609375e-01, 3.821917e-01, 3.820705e-01
4.765625e-01, 4.078502e-01, 4.077201e-01
4.921875e-01, 4.347803e-01, 4.346414e-01
5.078125e-01, 4.630100e-01, 4.628626e-01
5.234375e-01, 4.925650e-01, 4.924095e-01
5.390625e-01, 5.234691e-01, 5.233059e-01
5.546875e-01, 5.557434e-01, 5.555730e-01
5.703125e-01, 5.894067e-01, 5.892295e-01
5.859375e-01, 6.244744e-01, 6.242913e-01
6.015625e-01, 6.609596e-01, 6.607711e-01
6.171875e-01, 6.988714e-01, 6.986784e-01
6.328125e-01, 7.382162e-01, 7.380193e-01
6.484375e-01, 7.789960e-01, 7.787964e-01
6.640625e-01, 8.212100e-01, 8.210084e-01
6.796875e-01, 8.648525e-01, 8.646501e-01
6.953125e-01, 9.099145e-01, 9.097121e-01
7.109375e-01, 9.563820e-01, 9.561809e-01
7.265625e-01, 1.004238e+00, 1.004039e+00
7.421875e-01, 1.053458e+00, 1.053263e+00
7.578125e-01, 1.104018e+00, 1.103827e+00
7.734375e-01, 1.155884e+00, 1.155700e+00
7.890625e-01, 1.209022e+00, 1.208844e+00
8.046875e-01, 1.263389e+00, 1.263219e+00
8.203125e-01, 1.318940e+00, 1.318780e+00
8.359375e-01, 1.375625e+00, 1.375476e+00
8.515625e-01, 1.433390e+00, 1.433252e+00
8.671875e-01, 1.492172e+00, 1.492047e+00
8.828125e-01, 1.551910e+00, 1.551799e+00
8.984375e-01, 1.612533e+00, 1.612437e+00
9.140625e-01, 1.673969e+00, 1.673888e+00
9.296875e-01, 1.736140e+00, 1.736076e+00
9.453125e-01, 1.798964e+00, 1.798917e+00
9.609375e-01, 1.862356e+00, 1.862326e+00
9.765625e-01, 1.926225e+00, 1.926215e+00
9.921875e-01, 1.990480e+00, 1.990488e+00
1.007813e+00, 2.055023e+00, 2.055051e+00
1.023438e+00, 2.119756e+00, 2.119804e+00
1.039063e+00, 2.184575e+00, 2.184643e+00
1.054688e+00, 2.249376e+00, 2.249464e+00
1.070313e+00, 2.314053e+00, 2.314161e+00
1.085938e+00, 2.378494e+00, 2.378622e+00
1.101563e+00, 2.442590e+00, 2.442738e+00
1.117188e+00, 2.506227e+00, 2.506395e+00
1.132813e+00, 2.569294e+00, 2.569481e+00
1.148438e+00, 2.631675e+00, 2.631881e+00
1.164063e+00, 2.693257e+00, 2.693480e+00
1.179688e+00, 2.753923e+00, 2.754164e+00
1.195313e+00, 2.813561e+00, 2.813819e+00
1.210938e+00, 2.872057e+00, 2.872330e+00
1.226563e+00, 2.929298e+00, 2.929586e+00
1.242188e+00, 2.985172e+00, 2.985474e+00
1.257813e+00, 3.039570e+00, 3.039885e+00
1.273438e+00, 3.092384e+00, 3.092711e+00
1.289063e+00, 3.143509e+00, 3.143846e+00
1.304688e+00, 3.192841e+00, 3.193189e+00
1.320313e+00, 3.240282e+00, 3.240638e+00
1.335938e+00, 3.285734e+00, 3.286097e+00
1.351563e+00, 3.329105e+00, 3.329473e+00
1.367188e+00, 3.370304e+00, 3.370677e+00
1.382813e+00, 3.409247e+00, 3.409624e+00
1.398438e+00, 3.445852e+00, 3.446231e+00
1.414063e+00, 3.480044e+00, 3.480424e+00
1.429688e+00, 3.511751e+00, 3.512130e+00
1.445313e+00, 3.540906e+00, 3.541283e+00
1.460938e+00, 3.567447e+00, 3.567822e+00
1.476563e+00, 3.591319e+00, 3.591690e+00
1.492188e+00, 3.612471e+00, 3.612837e+00
1.507813e+00, 3.630858e+00, 3.631217e+00
1.523438e+00, 3.646441e+00, 3.646793e+00
1.539063e+00, 3.659187e+00, 3.659530e+00
1.554688e+00, 3.669069e+00, 3.669402e+00
1.570313e+00, 3.676065e+00, 3.676387e+00
1.585938e+00, 3.680161e+00, 3.680472e+00
1.601563e+00, 3.681348e+00, 3.681646e+00
1.617188e+00, 3.679623e+00, 3.679907e+00
1.632813e+00, 3.674991e+00, 3.675260e+00
1.648438e+00, 3.667460e+00, 3.667714e+00
1.664063e+00, 3.657047e+00, 3.657285e+00
1.679688e+00, 3.643774e+00, 3.643995e+00
1.695313e+00, 3.627670e+00, 3.627873e+00
1.710938e+00, 3.608769e+00, 3.608953e+00
1.726563e+00, 3.587110e+00, 3.587275e+00
1.742188e+00, 3.562740e+00, 3.562886e+00
1.757813e+00, 3.535710e+00, 3.535836e+00
1.773438e+00, 3.506078e+00, 3.506183e+00
1.789063e+00, 3.473906e+00, 3.473990e+00
1.804688e+00, 3.439261e+00, 3.439323e+00
1.820313e+00, 3.402216e+00, 3.402256e+00
1.835938e+00, 3.362848e+00, 3.362866e+00
1.851563e+00, 3.321238e+00, 3.321234e+00
1.867188e+00, 3.277474e+00, 3.277447e+00
1.882813e+00, 3.231644e+00, 3.231595e+00
1.898438e+00, 3.183843e+00, 3.183771e+00
1.914063e+00, 3.134168e+00, 3.134073e+00
1.929688e+00, 3.082719e+00, 3.082602e+00
1.945313e+00, 3.029600e+00, 3.029461e+00
1.960938e+00, 2.974917e+00, 2.974755e+00
1.976563e+00, 2.918776e+00, 2.918593e+00
1.992188e+00, 2.861290e+00, 2.861086e+00
2.007813e+00, 2.802568e+00, 2.802344e+00
2.023438e+00, 2.742725e+00, 2.742481e+00
2.039063e+00, 2.681874e+00, 2.681610e+00
2.054688e+00, 2.620129e+00, 2.619847e+00
2.070313e+00, 2.557605e+00, 2.557305e+00
2.085938e+00, 2.494416e+00, 2.494099e+00
2.101563e+00, 2.430676e+00, 2.430344e+00
2.117188e+00, 2.366500e+00, 2.366153e+00
2.132813e+00, 2.301997e+00, 2.301637e+00
2.148438e+00, 2.237281e+00, 2.236909e+00
2.164063e+00, 2.172458e+00, 2.172075e+00
2.179688e+00, 2.107637e+00, 2.107245e+00
2.195313e+00, 2.042921e+00, 2.042521e+00
2.210938e+00, 1.978414e+00, 1.978007e+00
2.226563e+00, 1.914212e+00, 1.913800e+00
2.242188e+00, 1.850413e+00, 1.849998e+00
2.257813e+00, 1.787109e+00, 1.786691e+00
2.273438e+00, 1.724389e+00, 1.723970e+00
2.289063e+00, 1.662336e+00, 1.661919e+00
2.304688e+00, 1.601034e+00, 1.600619e+00
2.320313e+00, 1.540558e+00, 1.540148e+00
2.335938e+00, 1.480982e+00, 1.480576e+00
2.351563e+00, 1.422372e+00, 1.421973e+00
2.367188e+00, 1.364793e+00, 1.364402e+00
2.382813e+00, 1.308303e+00, 1.307922e+00
2.398438e+00, 1.252958e+00, 1.252587e+00
2.414063e+00, 1.198805e+00, 1.198447e+00
2.429688e+00, 1.145891e+00, 1.145546e+00
2.445313e+00, 1.094255e+00, 1.093925e+00
2.460938e+00, 1.043934e+00, 1.043618e+00
2.476563e+00, 9.949559e-01, 9.946565e-01
2.492188e+00, 9.473489e-01, 9.470662e-01
2.507813e+00, 9.011338e-01, 9.008688e-01
2.523438e+00, 8.563282e-01, 8.560811e-01
2.539063e+00, 8.129443e-01, 8.127159e-01
2.554688e+00, 7.709913e-01, 7.707817e-01
2.570313e+00, 7.304733e-01, 7.302829e-01
2.585938e+00, 6.913912e-01, 6.912201e-01
2.601563e+00, 6.537416e-01, 6.535901e-01
2.617188e+00, 6.175182e-01, 6.173860e-01
2.632813e+00, 5.827105e-01, 5.825976e-01
2.648438e+00, 5.493056e-01, 5.492117e-01
2.664063e+00, 5.172868e-01, 5.172117e-01
2.679688e+00, 4.866355e-01, 4.865786e-01
2.695313e+00, 4.573294e-01, 4.572906e-01
2.710938e+00, 4.293450e-01, 4.293234e-01
2.726563e+00, 4.026556e-01, 4.026508e-01
2.742188e+00, 3.772332e-01, 3.772443e-01
2.757813e+00, 3.530476e-01, 3.530741e-01
2.773438e+00, 3.300673e-01, 3.301082e-01
2.789063e+00, 3.082591e-01, 3.083138e-01
2.804688e+00, 2.875892e-01, 2.876567e-01
2.820313e+00, 2.680221e-01, 2.681017e-01
2.835938e+00, 2.495222e-01, 2.496128e-01
2.851563e+00, 2.320526e-01, 2.321534e-01
2.867188e+00, 2.155765e-01, 2.156866e-01
2.882813e+00, 2.000565e-01, 2.001749e-01
2.898438e+00, 1.854552e-01, 1.855811e-01
2.914063e+00, 1.717351e-01, 1.718675e-01
2.929688e+00, 1.588590e-01, 1.589971e-01
2.945313e+00, 1.467897e-01, 1.469327e-01
2.960938e+00, 1.354909e-01, 1.356377e-01
2.976563e+00, 1.249261e-01, 1.250761e-01
2.992188e+00, 1.150600e-01, 1.152123e-01
3.007813e+00, 1.058576e-01, 1.060116e-01
3.023438e+00, 9.728492e-02, 9.743978e-02
3.039063e+00, 8.930861e-02, 8.946373e-02
3.054688e+00, 8.189640e-02, 8.205110e-02
3.070313e+00, 7.501678e-02, 7.517054e-02
3.085938e+00, 6.863942e-02, 6.879164e-02
3.101563e+00, 6.273485e-02, 6.288508e-02
3.117188e+00, 5.727481e-02, 5.742257e-02
3.132813e+00, 5.223198e-02, 5.237690e-02
3.148438e+00, 4.758027e-02, 4.772195e-02
3.164063e+00, 4.329457e-02, 4.343272e-02
3.179688e+00, 3.935099e-02, 3.948530e-02
3.195313e+00, 3.572664e-02, 3.585689e-02
3.210938e+00, 3.239981e-02, 3.252579e-02
3.226563e+00, 2.934980e-02, 2.947137e-02
3.242188e+00, 2.655706e-02, 2.667406e-02
3.257813e+00, 2.400299e-02, 2.411536e-02
3.273438e+00, 2.167011e-02, 2.177776e-02
3.289063e+00, 1.954186e-02, 1.964478e-02
3.304688e+00, 1.760269e-02, 1.770086e-02
3.320313e+00, 1.583798e-02, 1.593143e-02
3.335938e+00, 1.423401e-02, 1.432277e-02
3.351563e+00, 1.277793e-02, 1.286207e-02
3.367188e+00, 1.145775e-02, 1.153734e-02
3.382813e+00, 1.026224e-02, 1.033738e-02
3.398438e+00, 9.180980e-03, 9.251780e-03
3.414063e+00, 8.204241e-03, 8.270826e-03
3.429688e+00, 7.323020e-03, 7.385517e-03
3.445313e+00, 6.528947e-03, 6.587501e-03
3.460938e+00, 5.814295e-03, 5.869049e-03
3.476563e+00, 5.171907e-03, 5.223017e-03
3.492188e+00, 4.595195e-03, 4.642814e-03
3.507813e+00, 4.078078e-03, 4.122367e-03
3.523438e+00, 3.614976e-03, 3.656092e-03
3.539063e+00, 3.200755e-03, 3.238860e-03
3.554688e+00, 2.830717e-03, 2.865967e-03
3.570313e+00, 2.500554e-03, 2.533108e-03
3.585938e+00, 2.206339e-03, 2.236347e-03
3.601563e+00, 1.944477e-03, 1.972092e-03
3.617188e+00, 1.711703e-03, 1.737070e-03
3.632813e+00, 1.505041e-03, 1.528302e-03
3.648438e+00, 1.321790e-03, 1.343081e-03
3.664063e+00, 1.159499e-03, 1.178951e-03
3.679688e+00, 1.015951e-03, 1.033688e-03
3.695313e+00, 8.891378e-04, 9.052810e-04
3.710938e+00, 7.772505e-04, 7.919114e-04
3.726563e+00, 6.786548e-04, 6.919406e-04
3.742188e+00, 5.918823e-04, 6.038924e-04
3.757813e+00, 5.156111e-04, 5.264397e-04
3.773438e+00, 4.486568e-04, 4.583903e-04
3.789063e+00, 3.899564e-04, 3.986757e-04
3.804688e+00, 3.385602e-04, 3.463388e-04
3.820313e+00, 2.936188e-04, 3.005240e-04
3.835938e+00, 2.543753e-04, 2.604675e-04
3.851563e+00, 2.201550e-04, 2.254883e-04
3.867188e+00, 1.903587e-04, 1.949800e-04
3.882813e+00, 1.644536e-04, 1.684036e-04
3.898438e+00, 1.419686e-04, 1.452806e-04
3.914063e+00, 1.224858e-04, 1.251868e-04
3.929688e+00, 1.056374e-04, 1.077467e-04
3.945313e+00, 9.109818e-05, 9.262817e-05
3.960938e+00, 7.858306e-05, 7.953824e-05
3.976563e+00, 6.784132e-05, 6.821852e-05
3.992188e+00, 5.865403e-05, 5.844154e-05
4.000000e+00, 5.406811e-05, 5.406811e-05


