#At time: 0.000000e+00, nsteps= 0


0.000000e+00, 2.124177e-20, 2.124177e-20
7.812500e-03, 2.901634e-20, 2.901634e-20
2.343750e-02, 5.394562e-20, 5.394562e-20
3.906250e-02, 9.980425e-20, 9.980425e-20
5.468750e-02, 1.837475e-19, 1.837475e-19
7.031250e-02, 3.366457e-19, 3.366457e-19
8.593750e-02, 6.137680e-19, 6.137680e-19
1.015625e-01, 1.113563e-18, 1.113563e-18
1.171875e-01, 2.010504e-18, 2.010504e-18
1.328125e-01, 3.612221e-18, 3.612221e-18
1.484375e-01, 6.458373e-18, 6.458373e-18
1.640625e-01, 1.149083e-17, 1.149083e-17
1.796875e-01, 2.034506e-17, 2.034506e-17
1.953125e-01, 3.584645e-17, 3.584645e-17
2.109375e-01, 6.285107e-17, 6.285107e-17
2.265625e-01, 1.096626e-16, 1.096626e-16
2.421875e-01, 1.904075e-16, 1.904075e-16
2.578125e-01, 3.289946e-16, 3.289946e-16
2.734375e-01, 5.656829e-16, 5.656829e-16
2.890625e-01, 9.679138e-16, 9.679138e-16
3.046875e-01, 1.648085e-15, 1.648085e-15
3.203125e-01, 2.792558e-15, 2.792558e-15
3.359375e-01, 4.708734e-15, 4.708734e-15
3.515625e-01, 7.901061e-15, 7.901061e-15
3.671875e-01, 1.319308e-14, 1.319308e-14
3.828125e-01, 2.192231e-14, 2.192231e-14
3.984375e-01, 3.624983e-14, 3.624983e-14
4.140625e-01, 5.964924e-14, 5.964924e-14
4.296875e-01, 9.767499e-14, 9.767499e-14
4.453125e-01, 1.591627e-13, 1.591627e-13
4.609375e-01, 2.580944e-13, 2.580944e-13
4.765625e-01, 4.164810e-13, 4.164810e-13
4.921875e-01, 6.687924e-13, 6.687924e-13
5.078125e-01, 1.068727e-12, 1.068727e-12
5.234375e-01, 1.699503e-12, 1.699503e-12
5.390625e-01, 2.689405e-12, 2.689405e-12
5.546875e-01, 4.235162e-12, 4.235162e-12
5.703125e-01, 6.636869e-12, 6.636869e-12
5.859375e-01, 1.034989e-11, 1.034989e-11
6.015625e-01, 1.606157e-11, 1.606157e-11
6.171875e-01, 2.480387e-11, 2.480387e-11
6.328125e-01, 3.811802e-11, 3.811802e-11
6.484375e-01, 5.829357e-11, 5.829357e-11
6.640625e-01, 8.871364e-11, 8.871364e-11
6.796875e-01, 1.343506e-10, 1.343506e-10
6.953125e-01, 2.024735e-10, 2.024735e-10
7.109375e-01, 3.036520e-10, 3.036520e-10
7.265625e-01, 4.531726e-10, 4.531726e-10
7.421875e-01, 6.730239e-10, 6.730239e-10
7.578125e-01, 9.946649e-10, 9.946649e-10
7.734375e-01, 1.462859e-09, 1.462859e-09
7.890625e-01, 2.140955e-09, 2.140955e-09
8.046875e-01, 3.118115e-09, 3.118115e-09
8.203125e-01, 4.519144e-09, 4.519144e-09
8.359375e-01, 6.517777e-09, 6.517777e-09
8.515625e-01, 9.354538e-09, 9.354538e-09
8.671875e-01, 1.336056e-08, 1.336056e-08
8.828125e-01, 1.898918e-08, 1.898918e-08
8.984375e-01, 2.685761e-08, 2.685761e-08
9.140625e-01, 3.780139e-08, 3.780139e-08
9.296875e-01, 5.294534e-08, 5.294534e-08
9.453125e-01, 7.379502e-08, 7.379502e-08
9.609375e-01, 1.023542e-07, 1.023542e-07
9.765625e-01, 1.412746e-07, 1.412746e-07
9.921875e-01, 1.940446e-07, 1.940446e-07
1.007813e+00, 2.652275e-07, 2.652275e-07
1.023438e+00, 3.607573e-07, 3.607573e-07
1.039063e+00, 4.883047e-07, 4.883047e-07
1.054688e+00, 6.577278e-07, 6.577278e-07
1.070313e+00, 8.816190e-07, 8.816190e-07
1.085938e+00, 1.175967e-06, 1.175967e-06
1.101563e+00, 1.560949e-06, 1.560949e-06
1.117188e+00, 2.061872e-06, 2.061872e-06
1.132813e+00, 2.710279e-06, 2.710279e-06
1.148438e+00, 3.545241e-06, 3.545241e-06
1.164063e+00, 4.614844e-06, 4.614844e-06
1.179688e+00, 5.977887e-06, 5.977887e-06
1.195313e+00, 7.705801e-06, 7.705801e-06
1.210938e+00, 9.884787e-06, 9.884787e-06
1.226563e+00, 1.261817e-05, 1.261817e-05
1.242188e+00, 1.602893e-05, 1.602893e-05
1.257813e+00, 2.026247e-05, 2.026247e-05
1.273438e+00, 2.548940e-05, 2.548940e-05
1.289063e+00, 3.190848e-05, 3.190848e-05
1.304688e+00, 3.974955e-05, 3.974955e-05
1.320313e+00, 4.927625e-05, 4.927625e-05
1.335938e+00, 6.078865e-05, 6.078865e-05
1.351563e+00, 7.462543e-05, 7.462543e-05
1.367188e+00, 9.116550e-05, 9.116550e-05
1.382813e+00, 1.108291e-04, 1.108291e-04
1.398438e+00, 1.340776e-04, 1.340776e-04
1.414063e+00, 1.614129e-04, 1.614129e-04
1.429688e+00, 1.933747e-04, 1.933747e-04
1.445313e+00, 2.305369e-04, 2.305369e-04
1.460938e+00, 2.735021e-04, 2.735021e-04
1.476563e+00, 3.228943e-04, 3.228943e-04
1.492188e+00, 3.793495e-04, 3.793495e-04
1.507813e+00, 4.435045e-04, 4.435045e-04
1.523438e+00, 5.159836e-04, 5.159836e-04
1.539063e+00, 5.973836e-04, 5.973836e-04
1.554688e+00, 6.882561e-04, 6.882561e-04
1.570313e+00, 7.890895e-04, 7.890895e-04
1.585938e+00, 9.002888e-04, 9.002888e-04
1.601563e+00, 1.022155e-03, 1.022155e-03
1.617188e+00, 1.154865e-03, 1.154865e-03
1.632813e+00, 1.298450e-03, 1.298450e-03
1.648438e+00, 1.452776e-03, 1.452776e-03
1.664063e+00, 1.617526e-03, 1.617526e-03
1.679688e+00, 1.792187e-03, 1.792187e-03
1.695313e+00, 1.976037e-03, 1.976037e-03
1.710938e+00, 2.168133e-03, 2.168133e-03
1.726563e+00, 2.367317e-03, 2.367317e-03
1.742188e+00, 2.572209e-03, 2.572209e-03
1.757813e+00, 2.781221e-03, 2.781221e-03
1.773438e+00, 2.992569e-03, 2.992569e-03
1.789063e+00, 3.204293e-03, 3.204293e-03
1.804688e+00, 3.414285e-03, 3.414285e-03
1.820313e+00, 3.620318e-03, 3.620318e-03
1.835938e+00, 3.820086e-03, 3.820086e-03
1.851563e+00, 4.011242e-03, 4.011242e-03
1.867188e+00, 4.191448e-03, 4.191448e-03
1.882813e+00, 4.358417e-03, 4.358417e-03
1.898438e+00, 4.509961e-03, 4.509961e-03
1.914063e+00, 4.644043e-03, 4.644043e-03
1.929688e+00, 4.758819e-03, 4.758819e-03
1.945313e+00, 4.852678e-03, 4.852678e-03
1.960938e+00, 4.924285e-03, 4.924285e-03
1.976563e+00, 4.972609e-03, 4.972609e-03
1.992188e+00, 4.996949e-03, 4.996949e-03
2.007813e+00, 4.996949e-03, 4.996949e-03
2.023438e+00, 4.972609e-03, 4.972609e-03
2.039063e+00, 4.924285e-03, 4.924285e-03
2.054688e+00, 4.852678e-03, 4.852678e-03
2.070313e+00, 4.758819e-03, 4.758819e-03
2.085938e+00, 4.644043e-03, 4.644043e-03
2.101563e+00, 4.509961e-03, 4.509961e-03
2.117188e+00, 4.358417e-03, 4.358417e-03
2.132813e+00, 4.191448e-03, 4.191448e-03
2.148438e+00, 4.011242e-03, 4.011242e-03
2.164063e+00, 3.820086e-03, 3.820086e-03
2.179688e+00, 3.620318e-03, 3.620318e-03
2.195313e+00, 3.414285e-03, 3.414285e-03
2.210938e+00, 3.204293e-03, 3.204293e-03
2.226563e+00, 2.992569e-03, 2.992569e-03
2.242188e+00, 2.781221e-03, 2.781221e-03
2.257813e+00, 2.572209e-03, 2.572209e-03
2.273438e+00, 2.367317e-03, 2.367317e-03
2.289063e+00, 2.168133e-03, 2.168133e-03
2.304688e+00, 1.976037e-03, 1.976037e-03
2.320313e+00, 1.792187e-03, 1.792187e-03
2.335938e+00, 1.617526e-03, 1.617526e-03
2.351563e+00, 1.452776e-03, 1.452776e-03
2.367188e+00, 1.298450e-03, 1.298450e-03
2.382813e+00, 1.154865e-03, 1.154865e-03
2.398438e+00, 1.022155e-03, 1.022155e-03
2.414063e+00, 9.002888e-04, 9.002888e-04
2.429688e+00, 7.890895e-04, 7.890895e-04
2.445313e+00, 6.882561e-04, 6.882561e-04
2.460938e+00, 5.973836e-04, 5.973836e-04
2.476563e+00, 5.159836e-04, 5.159836e-04
2.492188e+00, 4.435045e-04, 4.435045e-04
2.507813e+00, 3.793495e-04, 3.793495e-04
2.523438e+00, 3.228943e-04, 3.228943e-04
2.539063e+00, 2.735021e-04, 2.735021e-04
2.554688e+00, 2.305369e-04, 2.305369e-04
2.570313e+00, 1.933747e-04, 1.933747e-04
2.585938e+00, 1.614129e-04, 1.614129e-04
2.601563e+00, 1.340776e-04, 1.340776e-04
2.617188e+00, 1.108291e-04, 1.108291e-04
2.632813e+00, 9.116550e-05, 9.116550e-05
2.648438e+00, 7.462543e-05, 7.462543e-05
2.664063e+00, 6.078865e-05, 6.078865e-05
2.679688e+00, 4.927625e-05, 4.927625e-05
2.695313e+00, 3.974955e-05, 3.974955e-05
2.710938e+00, 3.190848e-05, 3.190848e-05
2.726563e+00, 2.548940e-05, 2.548940e-05
2.742188e+00, 2.026247e-05, 2.026247e-05
2.757813e+00, 1.602893e-05, 1.602893e-05
2.773438e+00, 1.261817e-05, 1.261817e-05
2.789063e+00, 9.884787e-06, 9.884787e-06
2.804688e+00, 7.705801e-06, 7.705801e-06
2.820313e+00, 5.977887e-06, 5.977887e-06
2.835938e+00, 4.614844e-06, 4.614844e-06
2.851563e+00, 3.545241e-06, 3.545241e-06
2.867188e+00, 2.710279e-06, 2.710279e-06
2.882813e+00, 2.061872e-06, 2.061872e-06
2.898438e+00, 1.560949e-06, 1.560949e-06
2.914063e+00, 1.175967e-06, 1.175967e-06
2.929688e+00, 8.816190e-07, 8.816190e-07
2.945313e+00, 6.577278e-07, 6.577278e-07
2.960938e+00, 4.883047e-07, 4.883047e-07
2.976563e+00, 3.607573e-07, 3.607573e-07
2.992188e+00, 2.652275e-07, 2.652275e-07
3.007813e+00, 1.940446e-07, 1.940446e-07
3.023438e+00, 1.412746e-07, 1.412746e-07
3.039063e+00, 1.023542e-07, 1.023542e-07
3.054688e+00, 7.379502e-08, 7.379502e-08
3.070313e+00, 5.294534e-08, 5.294534e-08
3.085938e+00, 3.780139e-08, 3.780139e-08
3.101563e+00, 2.685761e-08, 2.685761e-08
3.117188e+00, 1.898918e-08, 1.898918e-08
3.132813e+00, 1.336056e-08, 1.336056e-08
3.148438e+00, 9.354538e-09, 9.354538e-09
3.164063e+00, 6.517777e-09, 6.517777e-09
3.179688e+00, 4.519144e-09, 4.519144e-09
3.195313e+00, 3.118115e-09, 3.118115e-09
3.210938e+00, 2.140955e-09, 2.140955e-09
3.226563e+00, 1.462859e-09, 1.462859e-09
3.242188e+00, 9.946649e-10, 9.946649e-10
3.257813e+00, 6.730239e-10, 6.730239e-10
3.273438e+00, 4.531726e-10, 4.531726e-10
3.289063e+00, 3.036520e-10, 3.036520e-10
3.304688e+00, 2.024735e-10, 2.024735e-10
3.320313e+00, 1.343506e-10, 1.343506e-10
3.335938e+00, 8.871364e-11, 8.871364e-11
3.351563e+00, 5.829357e-11, 5.829357e-11
3.367188e+00, 3.811802e-11, 3.811802e-11
3.382813e+00, 2.480387e-11, 2.480387e-11
3.398438e+00, 1.606157e-11, 1.606157e-11
3.414063e+00, 1.034989e-11, 1.034989e-11
3.429688e+00, 6.636869e-12, 6.636869e-12
3.445313e+00, 4.235162e-12, 4.235162e-12
3.460938e+00, 2.689405e-12, 2.689405e-12
3.476563e+00, 1.699503e-12, 1.699503e-12
3.492188e+00, 1.068727e-12, 1.068727e-12
3.507813e+00, 6.687924e-13, 6.687924e-13
3.523438e+00, 4.164810e-13, 4.164810e-13
3.539063e+00, 2.580944e-13, 2.580944e-13
3.554688e+00, 1.591627e-13, 1.591627e-13
3.570313e+00, 9.767499e-14, 9.767499e-14
3.585938e+00, 5.964924e-14, 5.964924e-14
3.601563e+00, 3.624983e-14, 3.624983e-14
3.617188e+00, 2.192231e-14, 2.192231e-14
3.632813e+00, 1.319308e-14, 1.319308e-14
3.648438e+00, 7.901061e-15, 7.901061e-15
3.664063e+00, 4.708734e-15, 4.708734e-15
3.679688e+00, 2.792558e-15, 2.792558e-15
3.695313e+00, 1.648085e-15, 1.648085e-15
3.710938e+00, 9.679138e-16, 9.679138e-16
3.726563e+00, 5.656829e-16, 5.656829e-16
3.742188e+00, 3.289946e-16, 3.289946e-16
3.757813e+00, 1.904075e-16, 1.904075e-16
3.773438e+00, 1.096626e-16, 1.096626e-16
3.789063e+00, 6.285107e-17, 6.285107e-17
3.804688e+00, 3.584645e-17, 3.584645e-17
3.820313e+00, 2.034506e-17, 2.034506e-17
3.835938e+00, 1.149083e-17, 1.149083e-17
3.851563e+00, 6.458373e-18, 6.458373e-18
3.867188e+00, 3.612221e-18, 3.612221e-18
3.882813e+00, 2.010504e-18, 2.010504e-18
3.898438e+00, 1.113563e-18, 1.113563e-18
3.914063e+00, 6.137680e-19, 6.137680e-19
3.929688e+00, 3.366457e-19, 3.366457e-19
3.945313e+00, 1.837475e-19, 1.837475e-19
3.960938e+00, 9.980425e-20, 9.980425e-20
3.976563e+00, 5.394562e-20, 5.394562e-20
3.992188e+00, 2.901634e-20, 2.901634e-20
4.007813e+00, 1.553133e-20, 1.553133e-20
4.023438e+00, 8.272828e-21, 8.272828e-21
4.039063e+00, 4.385093e-21, 4.385093e-21
4.054688e+00, 2.313039e-21, 2.313039e-21
4.070313e+00, 1.214134e-21, 1.214134e-21
4.085938e+00, 6.342051e-22, 6.342051e-22
4.101563e+00, 3.296645e-22, 3.296645e-22
4.117188e+00, 1.705274e-22, 1.705274e-22
4.132813e+00, 8.777996e-23, 8.777996e-23
4.148438e+00, 4.496516e-23, 4.496516e-23
4.164063e+00, 2.292114e-23, 2.292114e-23
4.179688e+00, 1.162722e-23, 1.162722e-23
4.195313e+00, 5.869416e-24, 5.869416e-24
4.210938e+00, 2.948447e-24, 2.948447e-24
4.226563e+00, 1.473911e-24, 1.473911e-24
4.242188e+00, 7.332101e-25, 7.332101e-25
4.257813e+00, 3.629653e-25, 3.629653e-25
4.273438e+00, 1.788057e-25, 1.788057e-25
4.289063e+00, 8.765502e-26, 8.765502e-26
4.304688e+00, 4.276138e-26, 4.276138e-26
4.320313e+00, 2.075899e-26, 2.075899e-26
4.335938e+00, 1.002859e-26, 1.002859e-26
4.351563e+00, 4.821178e-27, 4.821178e-27
4.367188e+00, 2.306459e-27, 2.306459e-27
4.382813e+00, 1.098039e-27, 1.098039e-27
4.398438e+00, 5.201988e-28, 5.201988e-28
4.414063e+00, 2.452450e-28, 2.452450e-28
4.429688e+00, 1.150563e-28, 1.150563e-28
4.445313e+00, 5.371559e-29, 5.371559e-29
4.460938e+00, 2.495568e-29, 2.495568e-29
4.476563e+00, 1.153767e-29, 1.153767e-29
4.492188e+00, 5.308186e-30, 5.308186e-30
4.507813e+00, 2.430264e-30, 2.430264e-30
4.523438e+00, 1.107236e-30, 1.107236e-30
4.539063e+00, 5.020034e-31, 5.020034e-31
4.554688e+00, 2.264917e-31, 2.264917e-31
4.570313e+00, 1.016898e-31, 1.016898e-31
4.585938e+00, 4.543411e-32, 4.543411e-32
4.601563e+00, 2.020068e-32, 2.020068e-32
4.617188e+00, 8.937774e-33, 8.937774e-33
4.632813e+00, 3.935249e-33, 3.935249e-33
4.648438e+00, 1.724227e-33, 1.724227e-33
4.664063e+00, 7.517892e-34, 7.517892e-34
4.679688e+00, 3.261949e-34, 3.261949e-34
4.695313e+00, 1.408438e-34, 1.408438e-34
4.710938e+00, 6.051702e-35, 6.051702e-35
4.726563e+00, 2.587598e-35, 2.587598e-35
4.742188e+00, 1.101021e-35, 1.101021e-35
4.757813e+00, 4.662017e-36, 4.662017e-36
4.773438e+00, 1.964407e-36, 1.964407e-36
4.789063e+00, 8.236988e-37, 8.236988e-37
4.804688e+00, 3.437042e-37, 3.437042e-37
4.820313e+00, 1.427187e-37, 1.427187e-37
4.835938e+00, 5.897338e-38, 5.897338e-38
4.851563e+00, 2.424994e-38, 2.424994e-38
4.867188e+00, 9.923043e-39, 9.923043e-39
4.882813e+00, 4.040717e-39, 4.040717e-39
4.898438e+00, 1.637387e-39, 1.637387e-39
4.914063e+00, 6.602734e-40, 6.602734e-40
4.929688e+00, 2.649571e-40, 2.649571e-40
4.945313e+00, 1.058052e-40, 1.058052e-40
4.960938e+00, 4.204531e-41, 4.204531e-41
4.976563e+00, 1.662676e-41, 1.662676e-41
4.992188e+00, 6.543003e-42, 6.543003e-42
5.000000e+00, 4.097006e-42, 4.097006e-42


#At time: 2.502264e+01, nsteps= 221


0.000000e+00, 3.612208e-25, 3.614450e-14
7.812500e-03, 1.025025e-14, 4.307484e-14
2.343750e-02, 3.403436e-14, 6.106492e-14
3.906250e-02, 6.411895e-14, 8.635750e-14
5.468750e-02, 1.035608e-13, 1.218284e-13
7.031250e-02, 1.565005e-13, 1.714499e-13
8.593750e-02, 2.285750e-13, 2.406944e-13
1.015625e-01, 3.274758e-13, 3.370816e-13
1.171875e-01, 4.637021e-13, 4.709169e-13
1.328125e-01, 6.515746e-13, 6.562869e-13
1.484375e-01, 9.105976e-13, 9.123959e-13
1.640625e-01, 1.267283e-12, 1.265357e-12
1.796875e-01, 1.757589e-12, 1.750585e-12
1.953125e-01, 2.430165e-12, 2.415980e-12
2.109375e-01, 3.350672e-12, 3.326164e-12
2.265625e-01, 4.607496e-12, 4.568086e-12
2.421875e-01, 6.319304e-12, 6.258424e-12
2.578125e-01, 8.644996e-12, 8.553344e-12
2.734375e-01, 1.179678e-11, 1.166130e-11
2.890625e-01, 1.605728e-11, 1.585983e-11
3.046875e-01, 2.180192e-11, 2.151741e-11
3.203125e-01, 2.952803e-11, 2.912203e-11
3.359375e-01, 3.989265e-11, 3.931819e-11
3.515625e-01, 5.376149e-11, 5.295484e-11
3.671875e-01, 7.227208e-11, 7.114722e-11
3.828125e-01, 9.691510e-11, 9.535652e-11
3.984375e-01, 1.296387e-10, 1.274920e-10
4.140625e-01, 1.729818e-10, 1.700419e-10
4.296875e-01, 2.302448e-10, 2.262398e-10
4.453125e-01, 3.057053e-10, 3.002771e-10
4.609375e-01, 4.048932e-10, 3.975718e-10
4.765625e-01, 5.349373e-10, 5.251087e-10
4.921875e-01, 7.050024e-10, 6.918677e-10
5.078125e-01, 9.268386e-10, 9.093625e-10
5.234375e-01, 1.215469e-09, 1.192316e-09
5.390625e-01, 1.590048e-09, 1.559501e-09
5.546875e-01, 2.074932e-09, 2.034793e-09
5.703125e-01, 2.701004e-09, 2.648469e-09
5.859375e-01, 3.507312e-09, 3.438824e-09
6.015625e-01, 4.543098e-09, 4.454152e-09
6.171875e-01, 5.870278e-09, 5.755199e-09
6.328125e-01, 7.566491e-09, 7.418155e-09
6.484375e-01, 9.728819e-09, 9.538314e-09
6.640625e-01, 1.247831e-08, 1.223454e-08
6.796875e-01, 1.596548e-08, 1.565466e-08
6.953125e-01, 2.037694e-08, 1.998204e-08
7.109375e-01, 2.594343e-08, 2.544347e-08
7.265625e-01, 3.294940e-08, 3.231864e-08
7.421875e-01, 4.174453e-08, 4.095151e-08
7.578125e-01, 5.275748e-08, 5.176390e-08
7.734375e-01, 6.651221e-08, 6.527159e-08
7.890625e-01, 8.364728e-08, 8.210349e-08
8.046875e-01, 1.049387e-07, 1.030242e-07
8.203125e-01, 1.313268e-07, 1.289606e-07
8.359375e-01, 1.639477e-07, 1.610331e-07
8.515625e-01, 2.041700e-07, 2.005918e-07
8.671875e-01, 2.536374e-07, 2.492595e-07
8.828125e-01, 3.143183e-07, 3.089799e-07
8.984375e-01, 3.885632e-07, 3.820753e-07
9.140625e-01, 4.791699e-07, 4.713114e-07
9.296875e-01, 5.894587e-07, 5.799721e-07
9.453125e-01, 7.233587e-07, 7.119450e-07
9.609375e-01, 8.855044e-07, 8.718183e-07
9.765625e-01, 1.081346e-06, 1.064990e-06
9.921875e-01, 1.317274e-06, 1.297794e-06
1.007813e+00, 1.600755e-06, 1.577632e-06
1.023438e+00, 1.940491e-06, 1.913137e-06
1.039063e+00, 2.346585e-06, 2.314336e-06
1.054688e+00, 2.830737e-06, 2.792847e-06
1.070313e+00, 3.406444e-06, 3.362080e-06
1.085938e+00, 4.089234e-06, 4.037468e-06
1.101563e+00, 4.896905e-06, 4.836713e-06
1.117188e+00, 5.849797e-06, 5.780052e-06
1.132813e+00, 6.971070e-06, 6.890542e-06
1.148438e+00, 8.287011e-06, 8.194363e-06
1.164063e+00, 9.827351e-06, 9.721140e-06
1.179688e+00, 1.162560e-05, 1.150428e-05
1.195313e+00, 1.371938e-05, 1.358131e-05
1.210938e+00, 1.615081e-05, 1.599427e-05
1.226563e+00, 1.896684e-05, 1.879002e-05
1.242188e+00, 2.221963e-05, 2.202065e-05
1.257813e+00, 2.596689e-05, 2.574384e-05
1.273438e+00, 3.027222e-05, 3.002317e-05
1.289063e+00, 3.520549e-05, 3.492852e-05
1.304688e+00, 4.084305e-05, 4.053628e-05
1.320313e+00, 4.726807e-05, 4.692970e-05
1.335938e+00, 5.457072e-05, 5.419908e-05
1.351563e+00, 6.284834e-05, 6.244191e-05
1.367188e+00, 7.220549e-05, 7.176301e-05
1.382813e+00, 8.275404e-05, 8.227452e-05
1.398438e+00, 9.461302e-05, 9.409580e-05
1.414063e+00, 1.079084e-04, 1.073533e-04
1.429688e+00, 1.227730e-04, 1.221801e-04
1.445313e+00, 1.393456e-04, 1.387158e-04
1.460938e+00, 1.577708e-04, 1.571056e-04
1.476563e+00, 1.781983e-04, 1.774996e-04
1.492188e+00, 2.007815e-04, 2.000523e-04
1.507813e+00, 2.256771e-04, 2.249208e-04
1.523438e+00, 2.530432e-04, 2.522644e-04
1.539063e+00, 2.830385e-04, 2.822426e-04
1.554688e+00, 3.158203e-04, 3.150137e-04
1.570313e+00, 3.515430e-04, 3.507328e-04
1.585938e+00, 3.903558e-04, 3.895503e-04
1.601563e+00, 4.324011e-04, 4.316094e-04
1.617188e+00, 4.778118e-04, 4.770440e-04
1.632813e+00, 5.267094e-04, 5.259763e-04
1.648438e+00, 5.792010e-04, 5.785143e-04
1.664063e+00, 6.353772e-04, 6.347492e-04
1.679688e+00, 6.953094e-04, 6.947531e-04
1.695313e+00, 7.590472e-04, 7.585758e-04
1.710938e+00, 8.266157e-04, 8.262428e-04
1.726563e+00, 8.980133e-04, 8.977523e-04
1.742188e+00, 9.732089e-04, 9.730734e-04
1.757813e+00, 1.052140e-03, 1.052143e-03
1.773438e+00, 1.134711e-03, 1.134865e-03
1.789063e+00, 1.220791e-03, 1.221108e-03
1.804688e+00, 1.310212e-03, 1.310701e-03
1.820313e+00, 1.402769e-03, 1.403440e-03
1.835938e+00, 1.498217e-03, 1.499077e-03
1.851563e+00, 1.596274e-03, 1.597329e-03
1.867188e+00, 1.696619e-03, 1.697872e-03
1.882813e+00, 1.798893e-03, 1.800345e-03
1.898438e+00, 1.902700e-03, 1.904350e-03
1.914063e+00, 2.007610e-03, 2.009453e-03
1.929688e+00, 2.113160e-03, 2.115189e-03
1.945313e+00, 2.218856e-03, 2.221063e-03
1.960938e+00, 2.324180e-03, 2.326551e-03
1.976563e+00, 2.428589e-03, 2.431109e-03
1.992188e+00, 2.531523e-03, 2.534175e-03
2.007813e+00, 2.632410e-03, 2.635172e-03
2.023438e+00, 2.730665e-03, 2.733515e-03
2.039063e+00, 2.825705e-03, 2.828617e-03
2.054688e+00, 2.916947e-03, 2.919893e-03
2.070313e+00, 3.003816e-03, 3.006769e-03
2.085938e+00, 3.085753e-03, 3.088683e-03
2.101563e+00, 3.162219e-03, 3.165095e-03
2.117188e+00, 3.232702e-03, 3.235493e-03
2.132813e+00, 3.296719e-03, 3.299394e-03
2.148438e+00, 3.353828e-03, 3.356358e-03
2.164063e+00, 3.403628e-03, 3.405983e-03
2.179688e+00, 3.445764e-03, 3.447918e-03
2.195313e+00, 3.479935e-03, 3.481861e-03
2.210938e+00, 3.505894e-03, 3.507569e-03
2.226563e+00, 3.523450e-03, 3.524855e-03
2.242188e+00, 3.532475e-03, 3.533592e-03
2.257813e+00, 3.532901e-03, 3.533717e-03
2.273438e+00, 3.524724e-03, 3.525229e-03
2.289063e+00, 3.508003e-03, 3.508190e-03
2.304688e+00, 3.482856e-03, 3.482724e-03
2.320313e+00, 3.449466e-03, 3.449015e-03
2.335938e+00, 3.408071e-03, 3.407308e-03
2.351563e+00, 3.358967e-03, 3.357901e-03
2.367188e+00, 3.302500e-03, 3.301145e-03
2.382813e+00, 3.239066e-03, 3.237438e-03
2.398438e+00, 3.169103e-03, 3.167223e-03
2.414063e+00, 3.093088e-03, 3.090978e-03
2.429688e+00, 3.011531e-03, 3.009216e-03
2.445313e+00, 2.924969e-03, 2.922476e-03
2.460938e+00, 2.833962e-03, 2.831319e-03
2.476563e+00, 2.739082e-03, 2.736320e-03
2.492188e+00, 2.640913e-03, 2.638062e-03
2.507813e+00, 2.540043e-03, 2.537134e-03
2.523438e+00, 2.437057e-03, 2.434120e-03
2.539063e+00, 2.332532e-03, 2.329597e-03
2.554688e+00, 2.227032e-03, 2.224128e-03
2.570313e+00, 2.121105e-03, 2.118259e-03
2.585938e+00, 2.015275e-03, 2.012512e-03
2.601563e+00, 1.910041e-03, 1.907383e-03
2.617188e+00, 1.805871e-03, 1.803340e-03
2.632813e+00, 1.703203e-03, 1.700817e-03
2.648438e+00, 1.602438e-03, 1.600213e-03
2.664063e+00, 1.503942e-03, 1.501890e-03
2.679688e+00, 1.408041e-03, 1.406172e-03
2.695313e+00, 1.315024e-03, 1.313346e-03
2.710938e+00, 1.225141e-03, 1.223658e-03
2.726563e+00, 1.138603e-03, 1.137316e-03
2.742188e+00, 1.055580e-03, 1.054490e-03
2.757813e+00, 9.762099e-04, 9.753129e-04
2.773438e+00, 9.005910e-04, 8.998821e-04
2.789063e+00, 8.287892e-04, 8.282615e-04
2.804688e+00, 7.608382e-04, 7.604830e-04
2.820313e+00, 6.967417e-04, 6.965491e-04
2.835938e+00, 6.364764e-04, 6.364352e-04
2.851563e+00, 5.799938e-04, 5.800919e-04
2.867188e+00, 5.272232e-04, 5.274479e-04
2.882813e+00, 4.780744e-04, 4.784125e-04
2.898438e+00, 4.324399e-04, 4.328782e-04
2.914063e+00, 3.901980e-04, 3.907231e-04
2.929688e+00, 3.512147e-04, 3.518136e-04
2.945313e+00, 3.153469e-04, 3.160068e-04
2.960938e+00, 2.824437e-04, 2.831525e-04
2.976563e+00, 2.523496e-04, 2.530955e-04
2.992188e+00, 2.249055e-04, 2.256778e-04
3.007813e+00, 1.999510e-04, 2.007397e-04
3.023438e+00, 1.773263e-04, 1.781222e-04
3.039063e+00, 1.568730e-04, 1.576678e-04
3.054688e+00, 1.384357e-04, 1.392220e-04
3.070313e+00, 1.218631e-04, 1.226347e-04
3.085938e+00, 1.070091e-04, 1.077603e-04
3.101563e+00, 9.373297e-05, 9.445923e-05
3.117188e+00, 8.190061e-05, 8.259814e-05
3.132813e+00, 7.138457e-05, 7.205038e-05
3.148438e+00, 6.206455e-05, 6.269639e-05
3.164063e+00, 5.382751e-05, 5.442381e-05
3.179688e+00, 4.656782e-05, 4.712763e-05
3.195313e+00, 4.018723e-05, 4.071012e-05
3.210938e+00, 3.459474e-05, 3.508079e-05
3.226563e+00, 2.970650e-05, 3.015620e-05
3.242188e+00, 2.544554e-05, 2.585973e-05
3.257813e+00, 2.174154e-05, 2.212134e-05
3.273438e+00, 1.853047e-05, 1.887727e-05
3.289063e+00, 1.575433e-05, 1.606968e-05
3.304688e+00, 1.336073e-05, 1.364631e-05
3.320313e+00, 1.130255e-05, 1.156016e-05
3.335938e+00, 9.537575e-06, 9.769047e-06
3.351563e+00, 8.028133e-06, 8.235328e-06
3.367188e+00, 6.740707e-06, 6.925479e-06
3.382813e+00, 5.645599e-06, 5.809769e-06
3.398438e+00, 4.716586e-06, 4.861924e-06
3.414063e+00, 3.930593e-06, 4.058800e-06
3.429688e+00, 3.267385e-06, 3.380083e-06
3.445313e+00, 2.709279e-06, 2.808000e-06
3.460938e+00, 2.240877e-06, 2.327058e-06
3.476563e+00, 1.848809e-06, 1.923789e-06
3.492188e+00, 1.521513e-06, 1.586528e-06
3.507813e+00, 1.249017e-06, 1.305204e-06
3.523438e+00, 1.022748e-06, 1.071148e-06
3.539063e+00, 8.353661e-07, 8.769206e-07
3.554688e+00, 6.805996e-07, 7.161623e-07
3.570313e+00, 5.531116e-07, 5.834489e-07
3.585938e+00, 4.483728e-07, 4.741704e-07
3.601563e+00, 3.625522e-07, 3.844202e-07
3.617188e+00, 2.924193e-07, 3.108982e-07
3.632813e+00, 2.352583e-07, 2.508247e-07
3.648438e+00, 1.887933e-07, 2.018657e-07
3.664063e+00, 1.511229e-07, 1.620672e-07
3.679688e+00, 1.206634e-07, 1.297980e-07
3.695313e+00, 9.609950e-08, 1.037005e-07
3.710938e+00, 7.634257e-08, 8.264829e-08
3.726563e+00, 6.049390e-08, 6.570935e-08
3.742188e+00, 4.781398e-08, 5.211475e-08
3.757813e+00, 3.769605e-08, 4.123199e-08
3.773438e+00, 2.964380e-08, 3.254229e-08
3.789063e+00, 2.325242e-08, 2.562136e-08
3.804688e+00, 1.819273e-08, 2.012317e-08
3.820313e+00, 1.419784e-08, 1.576634e-08
3.835938e+00, 1.105200e-08, 1.232269e-08
3.851563e+00, 8.581285e-09, 9.607720e-09
3.867188e+00, 6.645938e-09, 7.472662e-09
3.882813e+00, 5.133954e-09, 5.797897e-09
3.898438e+00, 3.955837e-09, 4.487515e-09
3.914063e+00, 3.040289e-09, 3.464826e-09
3.929688e+00, 2.330669e-09, 2.668685e-09
3.945313e+00, 1.782111e-09, 2.050469e-09
3.960938e+00, 1.359179e-09, 1.571627e-09
3.976563e+00, 1.033963e-09, 1.201671e-09
3.992188e+00, 7.845481e-10, 9.165628e-10
4.007813e+00, 5.937713e-10, 6.973952e-10
4.023438e+00, 4.482323e-10, 5.293414e-10
4.039063e+00, 3.374974e-10, 4.008048e-10
4.054688e+00, 2.534664e-10, 3.027403e-10
4.070313e+00, 1.898681e-10, 2.281118e-10
4.085938e+00, 1.418615e-10, 1.714610e-10
4.101563e+00, 1.057200e-10, 1.285652e-10
4.117188e+00, 7.858304e-11, 9.616595e-11
4.132813e+00, 5.826110e-11, 7.175622e-11
4.148438e+00, 4.308300e-11, 5.341190e-11
4.164063e+00, 3.177676e-11, 3.966036e-11
4.179688e+00, 2.337701e-11, 2.937754e-11
4.195313e+00, 1.715311e-11, 2.170773e-11
4.210938e+00, 1.255366e-11, 1.600124e-11
4.226563e+00, 9.163698e-12, 1.176611e-11
4.242188e+00, 6.671801e-12, 8.630832e-12
4.257813e+00, 4.844917e-12, 6.315568e-12
4.273438e+00, 3.509131e-12, 4.610122e-12
4.289063e+00, 2.535023e-12, 3.357009e-12
4.304688e+00, 1.826553e-12, 2.438557e-12
4.320313e+00, 1.312653e-12, 1.767069e-12
4.335938e+00, 9.408788e-13, 1.277362e-12
4.351563e+00, 6.726400e-13, 9.211175e-13
4.367188e+00, 4.796185e-13, 6.626072e-13
4.382813e+00, 3.410927e-13, 4.754857e-13
4.398438e+00, 2.419420e-13, 3.403760e-13
4.414063e+00, 1.711635e-13, 2.430640e-13
4.429688e+00, 1.207735e-13, 1.731500e-13
4.445313e+00, 8.499458e-14, 1.230452e-13
4.460938e+00, 5.965805e-14, 8.722617e-14
4.476563e+00, 4.176420e-14, 6.168353e-14
4.492188e+00, 2.916053e-14, 4.351429e-14
4.507813e+00, 2.030682e-14, 3.062208e-14
4.523438e+00, 1.410401e-14, 2.149699e-14
4.539063e+00, 9.770039e-15, 1.505431e-14
4.554688e+00, 6.749973e-15, 1.051682e-14
4.570313e+00, 4.651133e-15, 7.329054e-15
4.585938e+00, 3.196432e-15, 5.095088e-15
4.601563e+00, 2.190892e-15, 3.533423e-15
4.617188e+00, 1.497698e-15, 2.444442e-15
4.632813e+00, 1.021114e-15, 1.686958e-15
4.648438e+00, 6.943359e-16, 1.161365e-15
4.664063e+00, 4.708794e-16, 7.975785e-16
4.679688e+00, 3.184880e-16, 5.464096e-16
4.695313e+00, 2.148418e-16, 3.734251e-16
4.710938e+00, 1.445392e-16, 2.545826e-16
4.726563e+00, 9.698234e-17, 1.731387e-16
4.742188e+00, 6.489907e-17, 1.174627e-16
4.757813e+00, 4.331339e-17, 7.949610e-17
4.773438e+00, 2.882985e-17, 5.367004e-17
4.789063e+00, 1.913806e-17, 3.614583e-17
4.804688e+00, 1.267032e-17, 2.428424e-17
4.820313e+00, 8.365835e-18, 1.627538e-17
4.835938e+00, 5.508839e-18, 1.088123e-17
4.851563e+00, 3.617706e-18, 7.257133e-18
4.867188e+00, 2.369255e-18, 4.828278e-18
4.882813e+00, 1.547210e-18, 3.204496e-18
4.898438e+00, 1.007199e-18, 2.121618e-18
4.914063e+00, 6.530370e-19, 1.401248e-18
4.929688e+00, 4.206753e-19, 9.232154e-19
4.945313e+00, 2.673153e-19, 6.067799e-19
4.960938e+00, 1.639472e-19, 3.978319e-19
4.976563e+00, 9.007965e-20, 2.602005e-19
4.992188e+00, 2.971761e-20, 1.697684e-19
5.000000e+00, 5.131511e-36, 1.370042e-19


#At time: 5.004529e+01, nsteps= 442


0.000000e+00, 2.027859e-30, 2.598127e-12
7.812500e-03, 5.111871e-13, 2.958673e-12
2.343750e-02, 1.675101e-12, 3.832131e-12
3.906250e-02, 3.075498e-12, 4.955382e-12
5.468750e-02, 4.785558e-12, 6.397461e-12
7.031250e-02, 6.897447e-12, 8.245778e-12
8.593750e-02, 9.527175e-12, 1.061083e-11
1.015625e-01, 1.282065e-11, 1.363202e-11
1.171875e-01, 1.696118e-11, 1.748498e-11
1.328125e-01, 2.217879e-11, 2.239048e-11
1.484375e-01, 2.876171e-11, 2.862564e-11
1.640625e-01, 3.707061e-11, 3.653765e-11
1.796875e-01, 4.755608e-11, 4.656071e-11
1.953125e-01, 6.078014e-11, 5.923688e-11
2.109375e-01, 7.744265e-11, 7.524164e-11
2.265625e-01, 9.841365e-11, 9.541528e-11
2.421875e-01, 1.247728e-10, 1.208012e-10
2.578125e-01, 1.578577e-10, 1.526926e-10
2.734375e-01, 1.993225e-10, 1.926897e-10
2.890625e-01, 2.512089e-10, 2.427685e-10
3.046875e-01, 3.160331e-10, 3.053654e-10
3.203125e-01, 3.968898e-10, 3.834784e-10
3.359375e-01, 4.975790e-10, 4.807902e-10
3.515625e-01, 6.227575e-10, 6.018161e-10
3.671875e-01, 7.781224e-10, 7.520827e-10
3.828125e-01, 9.706306e-10, 9.383416e-10
3.984375e-01, 1.208762e-09, 1.168826e-09
4.140625e-01, 1.502832e-09, 1.453558e-09
4.296875e-01, 1.865372e-09, 1.804714e-09
4.453125e-01, 2.311567e-09, 2.237062e-09
4.609375e-01, 2.859795e-09, 2.768479e-09
4.765625e-01, 3.532248e-09, 3.420566e-09
4.921875e-01, 4.355682e-09, 4.219377e-09
5.078125e-01, 5.362286e-09, 5.196276e-09
5.234375e-01, 6.590725e-09, 6.388952e-09
5.390625e-01, 8.087346e-09, 7.842611e-09
5.546875e-01, 9.907607e-09, 9.611369e-09
5.703125e-01, 1.211774e-08, 1.175989e-08
5.859375e-01, 1.479670e-08, 1.436531e-08
6.015625e-01, 1.803843e-08, 1.751945e-08
6.171875e-01, 2.195448e-08, 2.133140e-08
6.328125e-01, 2.667710e-08, 2.593055e-08
6.484375e-01, 3.236273e-08, 3.147007e-08
6.640625e-01, 3.919610e-08, 3.813092e-08
6.796875e-01, 4.739494e-08, 4.612649e-08
6.953125e-01, 5.721537e-08, 5.570794e-08
7.109375e-01, 6.895808e-08, 6.717031e-08
7.265625e-01, 8.297543e-08, 8.085953e-08
7.421875e-01, 9.967950e-08, 9.718038e-08
7.578125e-01, 1.195513e-07, 1.166056e-07
7.734375e-01, 1.431513e-07, 1.396864e-07
7.890625e-01, 1.711309e-07, 1.670637e-07
8.046875e-01, 2.042463e-07, 1.994821e-07
8.203125e-01, 2.433733e-07, 2.378040e-07
8.359375e-01, 2.895239e-07, 2.830270e-07
8.515625e-01, 3.438657e-07, 3.363026e-07
8.671875e-01, 4.077429e-07, 3.989571e-07
8.828125e-01, 4.826999e-07, 4.725151e-07
8.984375e-01, 5.705076e-07, 5.587258e-07
9.140625e-01, 6.731923e-07, 6.595920e-07
9.296875e-01, 7.930681e-07, 7.774019e-07
9.453125e-01, 9.327721e-07, 9.147646e-07
9.609375e-01, 1.095304e-06, 1.074649e-06
9.765625e-01, 1.284066e-06, 1.260427e-06
9.921875e-01, 1.502915e-06, 1.475917e-06
1.007813e+00, 1.756206e-06, 1.725441e-06
1.023438e+00, 2.048854e-06, 2.013871e-06
1.039063e+00, 2.386387e-06, 2.346696e-06
1.054688e+00, 2.775015e-06, 2.730081e-06
1.070313e+00, 3.221694e-06, 3.170939e-06
1.085938e+00, 3.734203e-06, 3.677001e-06
1.101563e+00, 4.321221e-06, 4.256898e-06
1.117188e+00, 4.992405e-06, 4.920239e-06
1.132813e+00, 5.758485e-06, 5.677705e-06
1.148438e+00, 6.631346e-06, 6.541132e-06
1.164063e+00, 7.624130e-06, 7.523616e-06
1.179688e+00, 8.751332e-06, 8.639606e-06
1.195313e+00, 1.002890e-05, 9.905006e-06
1.210938e+00, 1.147435e-05, 1.133729e-05
1.226563e+00, 1.310684e-05, 1.295559e-05
1.242188e+00, 1.494733e-05, 1.478083e-05
1.257813e+00, 1.701864e-05, 1.683580e-05
1.273438e+00, 1.934559e-05, 1.914531e-05
1.289063e+00, 2.195506e-05, 2.173625e-05
1.304688e+00, 2.487616e-05, 2.463772e-05
1.320313e+00, 2.814024e-05, 2.788110e-05
1.335938e+00, 3.178105e-05, 3.150017e-05
1.351563e+00, 3.583478e-05, 3.553116e-05
1.367188e+00, 4.034014e-05, 4.001285e-05
1.382813e+00, 4.533840e-05, 4.498659e-05
1.398438e+00, 5.087344e-05, 5.049639e-05
1.414063e+00, 5.699179e-05, 5.658888e-05
1.429688e+00, 6.374260e-05, 6.331337e-05
1.445313e+00, 7.117765e-05, 7.072181e-05
1.460938e+00, 7.935126e-05, 7.886873e-05
1.476563e+00, 8.832029e-05, 8.781119e-05
1.492188e+00, 9.814397e-05, 9.760869e-05
1.507813e+00, 1.088838e-04, 1.083230e-04
1.523438e+00, 1.206034e-04, 1.200180e-04
1.539063e+00, 1.333682e-04, 1.327595e-04
1.554688e+00, 1.472453e-04, 1.466151e-04
1.570313e+00, 1.623034e-04, 1.616535e-04
1.585938e+00, 1.786118e-04, 1.779447e-04
1.601563e+00, 1.962409e-04, 1.955594e-04
1.617188e+00, 2.152612e-04, 2.145684e-04
1.632813e+00, 2.357428e-04, 2.350426e-04
1.648438e+00, 2.577556e-04, 2.570519e-04
1.664063e+00, 2.813678e-04, 2.806653e-04
1.679688e+00, 3.066461e-04, 3.059498e-04
1.695313e+00, 3.336548e-04, 3.329700e-04
1.710938e+00, 3.624550e-04, 3.617876e-04
1.726563e+00, 3.931041e-04, 3.924603e-04
1.742188e+00, 4.256551e-04, 4.250416e-04
1.757813e+00, 4.601559e-04, 4.595796e-04
1.773438e+00, 4.966483e-04, 4.961164e-04
1.789063e+00, 5.351674e-04, 5.346874e-04
1.804688e+00, 5.757411e-04, 5.753206e-04
1.820313e+00, 6.183888e-04, 6.180355e-04
1.835938e+00, 6.631209e-04, 6.628428e-04
1.851563e+00, 7.099384e-04, 7.097431e-04
1.867188e+00, 7.588315e-04, 7.587268e-04
1.882813e+00, 8.097795e-04, 8.097728e-04
1.898438e+00, 8.627500e-04, 8.628485e-04
1.914063e+00, 9.176982e-04, 9.179087e-04
1.929688e+00, 9.745664e-04, 9.748953e-04
1.945313e+00, 1.033284e-03, 1.033737e-03
1.960938e+00, 1.093766e-03, 1.094349e-03
1.976563e+00, 1.155916e-03, 1.156631e-03
1.992188e+00, 1.219619e-03, 1.220471e-03
2.007813e+00, 1.284751e-03, 1.285742e-03
2.023438e+00, 1.351170e-03, 1.352303e-03
2.039063e+00, 1.418723e-03, 1.419997e-03
2.054688e+00, 1.487242e-03, 1.488656e-03
2.070313e+00, 1.556547e-03, 1.558099e-03
2.085938e+00, 1.626443e-03, 1.628130e-03
2.101563e+00, 1.696727e-03, 1.698544e-03
2.117188e+00, 1.767183e-03, 1.769123e-03
2.132813e+00, 1.837583e-03, 1.839641e-03
2.148438e+00, 1.907694e-03, 1.909860e-03
2.164063e+00, 1.977272e-03, 1.979536e-03
2.179688e+00, 2.046069e-03, 2.048420e-03
2.195313e+00, 2.113831e-03, 2.116256e-03
2.210938e+00, 2.180298e-03, 2.182784e-03
2.226563e+00, 2.245213e-03, 2.247745e-03
2.242188e+00, 2.308314e-03, 2.310878e-03
2.257813e+00, 2.369343e-03, 2.371922e-03
2.273438e+00, 2.428045e-03, 2.430621e-03
2.289063e+00, 2.484169e-03, 2.486726e-03
2.304688e+00, 2.537470e-03, 2.539990e-03
2.320313e+00, 2.587713e-03, 2.590178e-03
2.335938e+00, 2.634673e-03, 2.637065e-03
2.351563e+00, 2.678135e-03, 2.680437e-03
2.367188e+00, 2.717900e-03, 2.720095e-03
2.382813e+00, 2.753782e-03, 2.755853e-03
2.398438e+00, 2.785612e-03, 2.787543e-03
2.414063e+00, 2.813239e-03, 2.815014e-03
2.429688e+00, 2.836530e-03, 2.838136e-03
2.445313e+00, 2.855373e-03, 2.856797e-03
2.460938e+00, 2.869677e-03, 2.870907e-03
2.476563e+00, 2.879371e-03, 2.880398e-03
2.492188e+00, 2.884408e-03, 2.885223e-03
2.507813e+00, 2.884762e-03, 2.885359e-03
2.523438e+00, 2.880432e-03, 2.880806e-03
2.539063e+00, 2.871437e-03, 2.871584e-03
2.554688e+00, 2.857820e-03, 2.857740e-03
2.570313e+00, 2.839648e-03, 2.839341e-03
2.585938e+00, 2.817006e-03, 2.816474e-03
2.601563e+00, 2.790003e-03, 2.789252e-03
2.617188e+00, 2.758767e-03, 2.757802e-03
2.632813e+00, 2.723446e-03, 2.722276e-03
2.648438e+00, 2.684207e-03, 2.682840e-03
2.664063e+00, 2.641230e-03, 2.639678e-03
2.679688e+00, 2.594713e-03, 2.592989e-03
2.695313e+00, 2.544869e-03, 2.542985e-03
2.710938e+00, 2.491922e-03, 2.489893e-03
2.726563e+00, 2.436104e-03, 2.433947e-03
2.742188e+00, 2.377660e-03, 2.375391e-03
2.757813e+00, 2.316840e-03, 2.314476e-03
2.773438e+00, 2.253899e-03, 2.251458e-03
2.789063e+00, 2.189097e-03, 2.186596e-03
2.804688e+00, 2.122694e-03, 2.120151e-03
2.820313e+00, 2.054951e-03, 2.052384e-03
2.835938e+00, 1.986128e-03, 1.983554e-03
2.851563e+00, 1.916480e-03, 1.913916e-03
2.867188e+00, 1.846260e-03, 1.843722e-03
2.882813e+00, 1.775711e-03, 1.773215e-03
2.898438e+00, 1.705073e-03, 1.702633e-03
2.914063e+00, 1.634573e-03, 1.632204e-03
2.929688e+00, 1.564430e-03, 1.562144e-03
2.945313e+00, 1.494853e-03, 1.492662e-03
2.960938e+00, 1.426039e-03, 1.423952e-03
2.976563e+00, 1.358170e-03, 1.356197e-03
2.992188e+00, 1.291418e-03, 1.289567e-03
3.007813e+00, 1.225941e-03, 1.224218e-03
3.023438e+00, 1.161881e-03, 1.160291e-03
3.039063e+00, 1.099368e-03, 1.097915e-03
3.054688e+00, 1.038518e-03, 1.037203e-03
3.070313e+00, 9.794305e-04, 9.782565e-04
3.085938e+00, 9.221939e-04, 9.211603e-04
3.101563e+00, 8.668811e-04, 8.659867e-04
3.117188e+00, 8.135519e-04, 8.127946e-04
3.132813e+00, 7.622533e-04, 7.616299e-04
3.148438e+00, 7.130194e-04, 7.125260e-04
3.164063e+00, 6.658728e-04, 6.655045e-04
3.179688e+00, 6.208246e-04, 6.205758e-04
3.195313e+00, 5.778751e-04, 5.777398e-04
3.210938e+00, 5.370148e-04, 5.369864e-04
3.226563e+00, 4.982251e-04, 4.982965e-04
3.242188e+00, 4.614788e-04, 4.616427e-04
3.257813e+00, 4.267412e-04, 4.269900e-04
3.273438e+00, 3.939705e-04, 3.942965e-04
3.289063e+00, 3.631191e-04, 3.635145e-04
3.304688e+00, 3.341338e-04, 3.345909e-04
3.320313e+00, 3.069569e-04, 3.074681e-04
3.335938e+00, 2.815270e-04, 2.820848e-04
3.351563e+00, 2.577792e-04, 2.583764e-04
3.367188e+00, 2.356463e-04, 2.362759e-04
3.382813e+00, 2.150594e-04, 2.157147e-04
3.398438e+00, 1.959479e-04, 1.966226e-04
3.414063e+00, 1.782408e-04, 1.789290e-04
3.429688e+00, 1.618668e-04, 1.625630e-04
3.445313e+00, 1.467548e-04, 1.474539e-04
3.460938e+00, 1.328344e-04, 1.335317e-04
3.476563e+00, 1.200362e-04, 1.207274e-04
3.492188e+00, 1.082921e-04, 1.089736e-04
3.507813e+00, 9.753582e-05, 9.820417e-05
3.523438e+00, 8.770296e-05, 8.835523e-05
3.539063e+00, 7.873116e-05, 7.936485e-05
3.554688e+00, 7.056042e-05, 7.117339e-05
3.570313e+00, 6.313316e-05, 6.372366e-05
3.585938e+00, 5.639432e-05, 5.696096e-05
3.601563e+00, 5.029150e-05, 5.083320e-05
3.617188e+00, 4.477492e-05, 4.529093e-05
3.632813e+00, 3.979750e-05, 4.028733e-05
3.648438e+00, 3.531484e-05, 3.577827e-05
3.664063e+00, 3.128519e-05, 3.172224e-05
3.679688e+00, 2.766944e-05, 2.808031e-05
3.695313e+00, 2.443102e-05, 2.481609e-05
3.710938e+00, 2.153586e-05, 2.189569e-05
3.726563e+00, 1.895229e-05, 1.928756e-05
3.742188e+00, 1.665100e-05, 1.696249e-05
3.757813e+00, 1.460485e-05, 1.489345e-05
3.773438e+00, 1.278887e-05, 1.305554e-05
3.789063e+00, 1.118009e-05, 1.142583e-05
3.804688e+00, 9.757439e-06, 9.983304e-06
3.820313e+00, 8.501660e-06, 8.708722e-06
3.835938e+00, 7.395178e-06, 7.584520e-06
3.851563e+00, 6.421999e-06, 6.594705e-06
3.867188e+00, 5.567602e-06, 5.724745e-06
3.882813e+00, 4.818837e-06, 4.961472e-06
3.898438e+00, 4.163821e-06, 4.292976e-06
3.914063e+00, 3.591843e-06, 3.708515e-06
3.929688e+00, 3.093269e-06, 3.198417e-06
3.945313e+00, 2.659457e-06, 2.753999e-06
3.960938e+00, 2.282667e-06, 2.367478e-06
3.976563e+00, 1.955989e-06, 2.031897e-06
3.992188e+00, 1.673262e-06, 1.741049e-06
4.007813e+00, 1.429010e-06, 1.489409e-06
4.023438e+00, 1.218371e-06, 1.272068e-06
4.039063e+00, 1.037043e-06, 1.084677e-06
4.054688e+00, 8.812239e-07, 9.233878e-07
4.070313e+00, 7.475634e-07, 7.848042e-07
4.085938e+00, 6.331136e-07, 6.659354e-07
4.101563e+00, 5.352870e-07, 5.641523e-07
4.117188e+00, 4.518173e-07, 4.771493e-07
4.132813e+00, 3.807235e-07, 4.029078e-07
4.148438e+00, 3.202780e-07, 3.396650e-07
4.164063e+00, 2.689766e-07, 2.858837e-07
4.179688e+00, 2.255129e-07, 2.402268e-07
4.195313e+00, 1.887547e-07, 2.015335e-07
4.210938e+00, 1.577223e-07, 1.687977e-07
4.226563e+00, 1.315701e-07, 1.411495e-07
4.242188e+00, 1.095694e-07, 1.178381e-07
4.257813e+00, 9.109393e-08, 9.821680e-08
4.273438e+00, 7.560612e-08, 8.172959e-08
4.289063e+00, 6.264575e-08, 6.789948e-08
4.304688e+00, 5.181947e-08, 5.631799e-08
4.320313e+00, 4.279181e-08, 4.663601e-08
4.335938e+00, 3.527722e-08, 3.855576e-08
4.351563e+00, 2.903312e-08, 3.182370e-08
4.367188e+00, 2.385383e-08, 2.622440e-08
4.382813e+00, 1.956534e-08, 2.157516e-08
4.398438e+00, 1.602068e-08, 1.772132e-08
4.414063e+00, 1.309600e-08, 1.453222e-08
4.429688e+00, 1.068710e-08, 1.189765e-08
4.445313e+00, 8.706515e-09, 9.724872e-09
4.460938e+00, 7.080951e-09, 7.935974e-09
4.476563e+00, 5.749118e-09, 6.465620e-09
4.492188e+00, 4.659859e-09, 5.259127e-09
4.507813e+00, 3.770561e-09, 4.270815e-09
4.523438e+00, 3.045792e-09, 3.462592e-09
4.539063e+00, 2.456153e-09, 2.802758e-09
4.554688e+00, 1.977291e-09, 2.264974e-09
4.570313e+00, 1.589081e-09, 1.827404e-09
4.585938e+00, 1.274913e-09, 1.471972e-09
4.601563e+00, 1.021114e-09, 1.183745e-09
4.617188e+00, 8.164444e-10, 9.504079e-10
4.632813e+00, 6.516840e-10, 7.618257e-10
4.648438e+00, 5.192843e-10, 6.096700e-10
4.664063e+00, 4.130766e-10, 4.871106e-10
4.679688e+00, 3.280294e-10, 3.885562e-10
4.695313e+00, 2.600466e-10, 3.094380e-10
4.710938e+00, 2.057999e-10, 2.460295e-10
4.726563e+00, 1.625901e-10, 1.952964e-10
4.742188e+00, 1.282321e-10, 1.547728e-10
4.757813e+00, 1.009605e-10, 1.224585e-10
4.773438e+00, 7.935158e-11, 9.673342e-11
4.789063e+00, 6.225919e-11, 7.628828e-11
4.804688e+00, 4.876238e-11, 6.006655e-11
4.820313e+00, 3.812239e-11, 4.721729e-11
4.835938e+00, 2.974747e-11, 3.705638e-11
4.851563e+00, 2.316417e-11, 2.903478e-11
4.867188e+00, 1.799392e-11, 2.271264e-11
4.882813e+00, 1.393375e-11, 1.773823e-11
4.898438e+00, 1.074046e-11, 1.383078e-11
4.914063e+00, 8.217307e-12, 1.076655e-11
4.929688e+00, 6.202678e-12, 8.367578e-12
4.945313e+00, 4.559890e-12, 6.492571e-12
4.960938e+00, 3.167481e-12, 5.029528e-12
4.976563e+00, 1.909103e-12, 3.889836e-12
4.992188e+00, 6.619512e-13, 3.003509e-12
5.000000e+00, 2.121812e-30, 2.637624e-12


#At time: 7.506793e+01, nsteps= 663


0.000000e+00, 3.451782e-36, 1.543236e-11
7.812500e-03, 2.298010e-12, 1.717903e-11
2.343750e-02, 7.496859e-12, 2.126836e-11
3.906250e-02, 1.364355e-11, 2.629902e-11
5.468750e-02, 2.095602e-11, 3.247995e-11
7.031250e-02, 2.969869e-11, 4.006465e-11
8.593750e-02, 4.019187e-11, 4.936027e-11
1.015625e-01, 5.282297e-11, 6.073849e-11
1.171875e-01, 6.805996e-11, 7.464842e-11
1.328125e-01, 8.646726e-11, 9.163207e-11
1.484375e-01, 1.087247e-10, 1.123426e-10
1.640625e-01, 1.356499e-10, 1.375662e-10
1.796875e-01, 1.682253e-10, 1.682478e-10
1.953125e-01, 2.076289e-10, 2.055214e-10
2.109375e-01, 2.552722e-10, 2.507466e-10
2.265625e-01, 3.128437e-10, 3.055507e-10
2.421875e-01, 3.823606e-10, 3.718790e-10
2.578125e-01, 4.662297e-10, 4.520539e-10
2.734375e-01, 5.673184e-10, 5.488441e-10
2.890625e-01, 6.890385e-10, 6.655459e-10
3.046875e-01, 8.354440e-10, 8.060784e-10
3.203125e-01, 1.011345e-09, 9.750945e-10
3.359375e-01, 1.222442e-09, 1.178111e-09
3.515625e-01, 1.475481e-09, 1.421662e-09
3.671875e-01, 1.778432e-09, 1.713469e-09
3.828125e-01, 2.140703e-09, 2.062655e-09
3.984375e-01, 2.573378e-09, 2.479974e-09
4.140625e-01, 3.089505e-09, 2.978091e-09
4.296875e-01, 3.704416e-09, 3.571897e-09
4.453125e-01, 4.436105e-09, 4.278880e-09
4.609375e-01, 5.305660e-09, 5.119546e-09
4.765625e-01, 6.337761e-09, 6.117910e-09
4.921875e-01, 7.561254e-09, 7.302051e-09
5.078125e-01, 9.009801e-09, 8.704762e-09
5.234375e-01, 1.072263e-08, 1.036428e-08
5.390625e-01, 1.274541e-08, 1.232513e-08
5.546875e-01, 1.513120e-08, 1.463910e-08
5.703125e-01, 1.794157e-08, 1.736630e-08
5.859375e-01, 2.124789e-08, 2.057644e-08
6.015625e-01, 2.513274e-08, 2.435026e-08
6.171875e-01, 2.969156e-08, 2.878109e-08
6.328125e-01, 3.503448e-08, 3.397668e-08
6.484375e-01, 4.128837e-08, 4.006129e-08
6.640625e-01, 4.859927e-08, 4.717795e-08
6.796875e-01, 5.713492e-08, 5.549112e-08
6.953125e-01, 6.708781e-08, 6.518957e-08
7.109375e-01, 7.867846e-08, 7.648970e-08
7.265625e-01, 9.215915e-08, 8.963920e-08
7.421875e-01, 1.078180e-07, 1.049212e-07
7.578125e-01, 1.259839e-07, 1.226588e-07
7.734375e-01, 1.470311e-07, 1.432203e-07
7.890625e-01, 1.713855e-07, 1.670246e-07
8.046875e-01, 1.995307e-07, 1.945479e-07
8.203125e-01, 2.320151e-07, 2.263304e-07
8.359375e-01, 2.694597e-07, 2.629840e-07
8.515625e-01, 3.125663e-07, 3.052011e-07
8.671875e-01, 3.621276e-07, 3.537636e-07
8.828125e-01, 4.190369e-07, 4.095532e-07
8.984375e-01, 4.842995e-07, 4.735630e-07
9.140625e-01, 5.590453e-07, 5.469094e-07
9.296875e-01, 6.445422e-07, 6.308458e-07
9.453125e-01, 7.422103e-07, 7.267772e-07
9.609375e-01, 8.536386e-07, 8.362758e-07
9.765625e-01, 9.806016e-07, 9.610988e-07
9.921875e-01, 1.125078e-06, 1.103206e-06
1.007813e+00, 1.289271e-06, 1.264782e-06
1.023438e+00, 1.475630e-06, 1.448254e-06
1.039063e+00, 1.686873e-06, 1.656320e-06
1.054688e+00, 1.926012e-06, 1.891968e-06
1.070313e+00, 2.196379e-06, 2.158507e-06
1.085938e+00, 2.501655e-06, 2.459595e-06
1.101563e+00, 2.845899e-06, 2.799263e-06
1.117188e+00, 3.233579e-06, 3.181956e-06
1.132813e+00, 3.669605e-06, 3.612558e-06
1.148438e+00, 4.159366e-06, 4.096431e-06
1.164063e+00, 4.708765e-06, 4.639453e-06
1.179688e+00, 5.324257e-06, 5.248051e-06
1.195313e+00, 6.012887e-06, 5.929247e-06
1.210938e+00, 6.782335e-06, 6.690695e-06
1.226563e+00, 7.640955e-06, 7.540727e-06
1.242188e+00, 8.597818e-06, 8.488391e-06
1.257813e+00, 9.662757e-06, 9.543501e-06
1.273438e+00, 1.084641e-05, 1.071668e-05
1.289063e+00, 1.216028e-05, 1.201941e-05
1.304688e+00, 1.361675e-05, 1.346406e-05
1.320313e+00, 1.522915e-05, 1.506397e-05
1.335938e+00, 1.701180e-05, 1.683344e-05
1.351563e+00, 1.898004e-05, 1.878782e-05
1.367188e+00, 2.115031e-05, 2.094355e-05
1.382813e+00, 2.354012e-05, 2.331817e-05
1.398438e+00, 2.616816e-05, 2.593037e-05
1.414063e+00, 2.905429e-05, 2.880005e-05
1.429688e+00, 3.221957e-05, 3.194832e-05
1.445313e+00, 3.568634e-05, 3.539753e-05
1.460938e+00, 3.947815e-05, 3.917131e-05
1.476563e+00, 4.361985e-05, 4.329457e-05
1.492188e+00, 4.813758e-05, 4.779353e-05
1.507813e+00, 5.305874e-05, 5.269566e-05
1.523438e+00, 5.841204e-05, 5.802978e-05
1.539063e+00, 6.422742e-05, 6.382593e-05
1.554688e+00, 7.053607e-05, 7.011543e-05
1.570313e+00, 7.737040e-05, 7.693081e-05
1.585938e+00, 8.476393e-05, 8.430574e-05
1.601563e+00, 9.275132e-05, 9.227505e-05
1.617188e+00, 1.013682e-04, 1.008745e-04
1.632813e+00, 1.106513e-04, 1.101410e-04
1.648438e+00, 1.206379e-04, 1.201121e-04
1.664063e+00, 1.313663e-04, 1.308262e-04
1.679688e+00, 1.428752e-04, 1.423223e-04
1.695313e+00, 1.552039e-04, 1.546398e-04
1.710938e+00, 1.683918e-04, 1.678186e-04
1.726563e+00, 1.824788e-04, 1.818984e-04
1.742188e+00, 1.975042e-04, 1.969191e-04
1.757813e+00, 2.135076e-04, 2.129203e-04
1.773438e+00, 2.305277e-04, 2.299411e-04
1.789063e+00, 2.486026e-04, 2.480198e-04
1.804688e+00, 2.677694e-04, 2.671937e-04
1.820313e+00, 2.880641e-04, 2.874990e-04
1.835938e+00, 3.095209e-04, 3.089702e-04
1.851563e+00, 3.321726e-04, 3.316402e-04
1.867188e+00, 3.560494e-04, 3.555396e-04
1.882813e+00, 3.811796e-04, 3.806966e-04
1.898438e+00, 4.075883e-04, 4.071366e-04
1.914063e+00, 4.352978e-04, 4.348821e-04
1.929688e+00, 4.643271e-04, 4.639521e-04
1.945313e+00, 4.946914e-04, 4.943619e-04
1.960938e+00, 5.264019e-04, 5.261227e-04
1.976563e+00, 5.594653e-04, 5.592414e-04
1.992188e+00, 5.938840e-04, 5.937202e-04
2.007813e+00, 6.296552e-04, 6.295562e-04
2.023438e+00, 6.667708e-04, 6.667414e-04
2.039063e+00, 7.052174e-04, 7.052621e-04
2.054688e+00, 7.449757e-04, 7.450989e-04
2.070313e+00, 7.860204e-04, 7.862261e-04
2.085938e+00, 8.283199e-04, 8.286121e-04
2.101563e+00, 8.718363e-04, 8.722184e-04
2.117188e+00, 9.165250e-04, 9.170003e-04
2.132813e+00, 9.623349e-04, 9.629060e-04
2.148438e+00, 1.009208e-03, 1.009877e-03
2.164063e+00, 1.057079e-03, 1.057848e-03
2.179688e+00, 1.105877e-03, 1.106747e-03
2.195313e+00, 1.155523e-03, 1.156495e-03
2.210938e+00, 1.205931e-03, 1.207005e-03
2.226563e+00, 1.257011e-03, 1.258186e-03
2.242188e+00, 1.308663e-03, 1.309938e-03
2.257813e+00, 1.360783e-03, 1.362157e-03
2.273438e+00, 1.413261e-03, 1.414729e-03
2.289063e+00, 1.465979e-03, 1.467540e-03
2.304688e+00, 1.518817e-03, 1.520466e-03
2.320313e+00, 1.571648e-03, 1.573380e-03
2.335938e+00, 1.624342e-03, 1.626151e-03
2.351563e+00, 1.676762e-03, 1.678643e-03
2.367188e+00, 1.728771e-03, 1.730717e-03
2.382813e+00, 1.780228e-03, 1.782231e-03
2.398438e+00, 1.830988e-03, 1.833040e-03
2.414063e+00, 1.880908e-03, 1.883000e-03
2.429688e+00, 1.929840e-03, 1.931963e-03
2.445313e+00, 1.977638e-03, 1.979783e-03
2.460938e+00, 2.024157e-03, 2.026313e-03
2.476563e+00, 2.069252e-03, 2.071408e-03
2.492188e+00, 2.112779e-03, 2.114925e-03
2.507813e+00, 2.154599e-03, 2.156724e-03
2.523438e+00, 2.194575e-03, 2.196668e-03
2.539063e+00, 2.232574e-03, 2.234624e-03
2.554688e+00, 2.268469e-03, 2.270464e-03
2.570313e+00, 2.302137e-03, 2.304067e-03
2.585938e+00, 2.333463e-03, 2.335317e-03
2.601563e+00, 2.362338e-03, 2.364105e-03
2.617188e+00, 2.388660e-03, 2.390330e-03
2.632813e+00, 2.412336e-03, 2.413899e-03
2.648438e+00, 2.433281e-03, 2.434729e-03
2.664063e+00, 2.451421e-03, 2.452745e-03
2.679688e+00, 2.466691e-03, 2.467882e-03
2.695313e+00, 2.479033e-03, 2.480085e-03
2.710938e+00, 2.488403e-03, 2.489309e-03
2.726563e+00, 2.494768e-03, 2.495522e-03
2.742188e+00, 2.498102e-03, 2.498701e-03
2.757813e+00, 2.498394e-03, 2.498834e-03
2.773438e+00, 2.495642e-03, 2.495920e-03
2.789063e+00, 2.489856e-03, 2.489970e-03
2.804688e+00, 2.481057e-03, 2.481006e-03
2.820313e+00, 2.469276e-03, 2.469060e-03
2.835938e+00, 2.454555e-03, 2.454176e-03
2.851563e+00, 2.436947e-03, 2.436408e-03
2.867188e+00, 2.416517e-03, 2.415820e-03
2.882813e+00, 2.393335e-03, 2.392486e-03
2.898438e+00, 2.367485e-03, 2.366488e-03
2.914063e+00, 2.339058e-03, 2.337919e-03
2.929688e+00, 2.308154e-03, 2.306880e-03
2.945313e+00, 2.274878e-03, 2.273477e-03
2.960938e+00, 2.239347e-03, 2.237826e-03
2.976563e+00, 2.201680e-03, 2.200049e-03
2.992188e+00, 2.162004e-03, 2.160273e-03
3.007813e+00, 2.120451e-03, 2.118630e-03
3.023438e+00, 2.077158e-03, 2.075257e-03
3.039063e+00, 2.032264e-03, 2.030293e-03
3.054688e+00, 1.985912e-03, 1.983882e-03
3.070313e+00, 1.938246e-03, 1.936169e-03
3.085938e+00, 1.889412e-03, 1.887299e-03
3.101563e+00, 1.839559e-03, 1.837420e-03
3.117188e+00, 1.788831e-03, 1.786679e-03
3.132813e+00, 1.737376e-03, 1.735221e-03
3.148438e+00, 1.685338e-03, 1.683190e-03
3.164063e+00, 1.632860e-03, 1.630729e-03
3.179688e+00, 1.580080e-03, 1.577977e-03
3.195313e+00, 1.527136e-03, 1.525070e-03
3.210938e+00, 1.474160e-03, 1.472140e-03
3.226563e+00, 1.421281e-03, 1.419314e-03
3.242188e+00, 1.368621e-03, 1.366716e-03
3.257813e+00, 1.316298e-03, 1.314462e-03
3.273438e+00, 1.264426e-03, 1.262665e-03
3.289063e+00, 1.213110e-03, 1.211431e-03
3.304688e+00, 1.162452e-03, 1.160858e-03
3.320313e+00, 1.112544e-03, 1.111041e-03
3.335938e+00, 1.063473e-03, 1.062065e-03
3.351563e+00, 1.015322e-03, 1.014010e-03
3.367188e+00, 9.681616e-04, 9.669490e-04
3.382813e+00, 9.220600e-04, 9.209482e-04
3.398438e+00, 8.770767e-04, 8.760665e-04
3.414063e+00, 8.332646e-04, 8.323561e-04
3.429688e+00, 7.906696e-04, 7.898624e-04
3.445313e+00, 7.493313e-04, 7.486244e-04
3.460938e+00, 7.092825e-04, 7.086743e-04
3.476563e+00, 6.705499e-04, 6.700383e-04
3.492188e+00, 6.331539e-04, 6.327363e-04
3.507813e+00, 5.971091e-04, 5.967826e-04
3.523438e+00, 5.624245e-04, 5.621856e-04
3.539063e+00, 5.291036e-04, 5.289487e-04
3.554688e+00, 4.971450e-04, 4.970700e-04
3.570313e+00, 4.665425e-04, 4.665431e-04
3.585938e+00, 4.372853e-04, 4.373571e-04
3.601563e+00, 4.093588e-04, 4.094971e-04
3.617188e+00, 3.827442e-04, 3.829444e-04
3.632813e+00, 3.574197e-04, 3.576768e-04
3.648438e+00, 3.333599e-04, 3.336692e-04
3.664063e+00, 3.105369e-04, 3.108935e-04
3.679688e+00, 2.889202e-04, 2.893193e-04
3.695313e+00, 2.684772e-04, 2.689140e-04
3.710938e+00, 2.491732e-04, 2.496431e-04
3.726563e+00, 2.309722e-04, 2.314706e-04
3.742188e+00, 2.138368e-04, 2.143594e-04
3.757813e+00, 1.977286e-04, 1.982710e-04
3.773438e+00, 1.826083e-04, 1.831666e-04
3.789063e+00, 1.684361e-04, 1.690066e-04
3.804688e+00, 1.551722e-04, 1.557511e-04
3.820313e+00, 1.427763e-04, 1.433602e-04
3.835938e+00, 1.312084e-04, 1.317943e-04
3.851563e+00, 1.204289e-04, 1.210137e-04
3.867188e+00, 1.103985e-04, 1.109796e-04
3.882813e+00, 1.010784e-04, 1.016533e-04
3.898438e+00, 9.243073e-05, 9.299729e-05
3.914063e+00, 8.441843e-05, 8.497462e-05
3.929688e+00, 7.700532e-05, 7.754940e-05
3.945313e+00, 7.015629e-05, 7.068672e-05
3.960938e+00, 6.383735e-05, 6.435280e-05
3.976563e+00, 5.801565e-05, 5.851501e-05
3.992188e+00, 5.265959e-05, 5.314193e-05
4.007813e+00, 4.773882e-05, 4.820339e-05
4.023438e+00, 4.322425e-05, 4.367049e-05
4.039063e+00, 3.908812e-05, 3.951561e-05
4.054688e+00, 3.530397e-05, 3.571245e-05
4.070313e+00, 3.184663e-05, 3.223597e-05
4.085938e+00, 2.869223e-05, 2.906244e-05
4.101563e+00, 2.581821e-05, 2.616939e-05
4.117188e+00, 2.320324e-05, 2.353561e-05
4.132813e+00, 2.082724e-05, 2.114109e-05
4.148438e+00, 1.867133e-05, 1.896704e-05
4.164063e+00, 1.671779e-05, 1.699581e-05
4.179688e+00, 1.495005e-05, 1.521089e-05
4.195313e+00, 1.335261e-05, 1.359682e-05
4.210938e+00, 1.191104e-05, 1.213921e-05
4.226563e+00, 1.061188e-05, 1.082465e-05
4.242188e+00, 9.442666e-06, 9.640670e-06
4.257813e+00, 8.391818e-06, 8.575727e-06
4.273438e+00, 7.448632e-06, 7.619121e-06
4.289063e+00, 6.603220e-06, 6.760970e-06
4.304688e+00, 5.846470e-06, 5.992159e-06
4.320313e+00, 5.169995e-06, 5.304298e-06
4.335938e+00, 4.566095e-06, 4.689674e-06
4.351563e+00, 4.027706e-06, 4.141214e-06
4.367188e+00, 3.548367e-06, 3.652438e-06
4.382813e+00, 3.122174e-06, 3.217424e-06
4.398438e+00, 2.743742e-06, 2.830766e-06
4.414063e+00, 2.408168e-06, 2.487538e-06
4.429688e+00, 2.110997e-06, 2.183262e-06
4.445313e+00, 1.848185e-06, 1.913869e-06
4.460938e+00, 1.616069e-06, 1.675671e-06
4.476563e+00, 1.411339e-06, 1.465330e-06
4.492188e+00, 1.231002e-06, 1.279830e-06
4.507813e+00, 1.072365e-06, 1.116450e-06
4.523438e+00, 9.330025e-07, 9.727400e-07
4.539063e+00, 8.107345e-07, 8.464949e-07
4.554688e+00, 7.036069e-07, 7.357362e-07
4.570313e+00, 6.098696e-07, 6.386901e-07
4.585938e+00, 5.279576e-07, 5.537687e-07
4.601563e+00, 4.564740e-07, 4.795532e-07
4.617188e+00, 3.941737e-07, 4.147778e-07
4.632813e+00, 3.399488e-07, 3.583145e-07
4.648438e+00, 2.928149e-07, 3.091601e-07
4.664063e+00, 2.518988e-07, 2.664236e-07
4.679688e+00, 2.164267e-07, 2.293149e-07
4.695313e+00, 1.857148e-07, 1.971342e-07
4.710938e+00, 1.591587e-07, 1.692629e-07
4.726563e+00, 1.362256e-07, 1.451550e-07
4.742188e+00, 1.164462e-07, 1.243290e-07
4.757813e+00, 9.940774e-08, 1.063612e-07
4.773438e+00, 8.474738e-08, 9.087906e-08
4.789063e+00, 7.214655e-08, 7.755590e-08
4.804688e+00, 6.132553e-08, 6.610527e-08
4.820313e+00, 5.203859e-08, 5.627656e-08
4.835938e+00, 4.406945e-08, 4.785080e-08
4.851563e+00, 3.722704e-08, 4.063695e-08
4.867188e+00, 3.134140e-08, 3.446856e-08
4.882813e+00, 2.625971e-08, 2.920085e-08
4.898438e+00, 2.184207e-08, 2.470802e-08
4.914063e+00, 1.795714e-08, 2.088097e-08
4.929688e+00, 1.447709e-08, 1.762519e-08
4.945313e+00, 1.127176e-08, 1.485891e-08
4.960938e+00, 8.201416e-09, 1.251153e-08
4.976563e+00, 5.107605e-09, 1.052214e-08
4.992188e+00, 1.801268e-09, 8.838279e-09
5.000000e+00, 2.660168e-25, 8.096568e-09


#At time: 1.000906e+02, nsteps= 884


0.000000e+00, 1.734674e-42, 3.411692e-11
7.812500e-03, 4.072618e-12, 3.746405e-11
2.343750e-02, 1.325975e-11, 4.514261e-11
3.906250e-02, 2.403600e-11, 5.434191e-11
5.468750e-02, 3.670208e-11, 6.535206e-11
7.031250e-02, 5.161402e-11, 7.851631e-11
8.593750e-02, 6.919277e-11, 9.424030e-11
1.015625e-01, 8.993543e-11, 1.130029e-10
1.171875e-01, 1.144283e-10, 1.353689e-10
1.328125e-01, 1.433620e-10, 1.620034e-10
1.484375e-01, 1.775492e-10, 1.936893e-10
1.640625e-01, 2.179448e-10, 2.313468e-10
1.796875e-01, 2.656699e-10, 2.760561e-10
1.953125e-01, 3.220389e-10, 3.290845e-10
2.109375e-01, 3.885912e-10, 3.919167e-10
2.265625e-01, 4.671277e-10, 4.662902e-10
2.421875e-01, 5.597529e-10, 5.542363e-10
2.578125e-01, 6.689231e-10, 6.581272e-10
2.734375e-01, 7.975023e-10, 7.807301e-10
2.890625e-01, 9.488261e-10, 9.252693e-10
3.046875e-01, 1.126775e-09, 1.095498e-09
3.203125e-01, 1.335858e-09, 1.295780e-09
3.359375e-01, 1.581309e-09, 1.531183e-09
3.515625e-01, 1.869197e-09, 1.807587e-09
3.671875e-01, 2.206552e-09, 2.131804e-09
3.828125e-01, 2.601505e-09, 2.511723e-09
3.984375e-01, 3.063455e-09, 2.956463e-09
4.140625e-01, 3.603249e-09, 3.476556e-09
4.296875e-01, 4.233396e-09, 4.084154e-09
4.453125e-01, 4.968303e-09, 4.793264e-09
4.609375e-01, 5.824547e-09, 5.620005e-09
4.765625e-01, 6.821176e-09, 6.582915e-09
4.921875e-01, 7.980057e-09, 7.703286e-09
5.078125e-01, 9.326264e-09, 9.005544e-09
5.234375e-01, 1.088851e-08, 1.051768e-08
5.390625e-01, 1.269966e-08, 1.227175e-08
5.546875e-01, 1.479726e-08, 1.430438e-08
5.703125e-01, 1.722415e-08, 1.665742e-08
5.859375e-01, 2.002922e-08, 1.937861e-08
6.015625e-01, 2.326811e-08, 2.252235e-08
6.171875e-01, 2.700413e-08, 2.615056e-08
6.328125e-01, 3.130924e-08, 3.033363e-08
6.484375e-01, 3.626508e-08, 3.515152e-08
6.640625e-01, 4.196422e-08, 4.069490e-08
6.796875e-01, 4.851151e-08, 4.706651e-08
6.953125e-01, 5.602550e-08, 5.438263e-08
7.109375e-01, 6.464018e-08, 6.277470e-08
7.265625e-01, 7.450670e-08, 7.239112e-08
7.421875e-01, 8.579548e-08, 8.339924e-08
7.578125e-01, 9.869837e-08, 9.598759e-08
7.734375e-01, 1.134311e-07, 1.103683e-07
7.890625e-01, 1.302360e-07, 1.267797e-07
8.046875e-01, 1.493850e-07, 1.454894e-07
8.203125e-01, 1.711828e-07, 1.667973e-07
8.359375e-01, 1.959702e-07, 1.910394e-07
8.515625e-01, 2.241285e-07, 2.185914e-07
8.671875e-01, 2.560835e-07, 2.498731e-07
8.828125e-01, 2.923097e-07, 2.853527e-07
8.984375e-01, 3.333361e-07, 3.255523e-07
9.140625e-01, 3.797508e-07, 3.710528e-07
9.296875e-01, 4.322078e-07, 4.225001e-07
9.453125e-01, 4.914327e-07, 4.806114e-07
9.609375e-01, 5.582297e-07, 5.461823e-07
9.765625e-01, 6.334895e-07, 6.200937e-07
9.921875e-01, 7.181969e-07, 7.033203e-07
1.007813e+00, 8.134394e-07, 7.969393e-07
1.023438e+00, 9.204169e-07, 9.021391e-07
1.039063e+00, 1.040451e-06, 1.020230e-06
1.054688e+00, 1.174996e-06, 1.152653e-06
1.070313e+00, 1.325650e-06, 1.300994e-06
1.085938e+00, 1.494168e-06, 1.466994e-06
1.101563e+00, 1.682470e-06, 1.652562e-06
1.117188e+00, 1.892664e-06, 1.859786e-06
1.132813e+00, 2.127048e-06, 2.090955e-06
1.148438e+00, 2.388135e-06, 2.348564e-06
1.164063e+00, 2.678666e-06, 2.635339e-06
1.179688e+00, 3.001622e-06, 2.954246e-06
1.195313e+00, 3.360249e-06, 3.308514e-06
1.210938e+00, 3.758070e-06, 3.701652e-06
1.226563e+00, 4.198907e-06, 4.137465e-06
1.242188e+00, 4.686900e-06, 4.620077e-06
1.257813e+00, 5.226526e-06, 5.153952e-06
1.273438e+00, 5.822622e-06, 5.743911e-06
1.289063e+00, 6.480405e-06, 6.395157e-06
1.304688e+00, 7.205494e-06, 7.113297e-06
1.320313e+00, 8.003934e-06, 7.904362e-06
1.335938e+00, 8.882215e-06, 8.774834e-06
1.351563e+00, 9.847302e-06, 9.731666e-06
1.367188e+00, 1.090665e-05, 1.078231e-05
1.382813e+00, 1.206823e-05, 1.193472e-05
1.398438e+00, 1.334056e-05, 1.319742e-05
1.414063e+00, 1.473271e-05, 1.457949e-05
1.429688e+00, 1.625434e-05, 1.609057e-05
1.445313e+00, 1.791573e-05, 1.774095e-05
1.460938e+00, 1.972775e-05, 1.954153e-05
1.476563e+00, 2.170197e-05, 2.150385e-05
1.492188e+00, 2.385057e-05, 2.364015e-05
1.507813e+00, 2.618645e-05, 2.596334e-05
1.523438e+00, 2.872321e-05, 2.848701e-05
1.539063e+00, 3.147512e-05, 3.122551e-05
1.554688e+00, 3.445721e-05, 3.419387e-05
1.570313e+00, 3.768523e-05, 3.740789e-05
1.585938e+00, 4.117565e-05, 4.088409e-05
1.601563e+00, 4.494569e-05, 4.463974e-05
1.617188e+00, 4.901331e-05, 4.869285e-05
1.632813e+00, 5.339717e-05, 5.306216e-05
1.648438e+00, 5.811668e-05, 5.776714e-05
1.664063e+00, 6.319193e-05, 6.282796e-05
1.679688e+00, 6.864372e-05, 6.826550e-05
1.695313e+00, 7.449349e-05, 7.410129e-05
1.710938e+00, 8.076332e-05, 8.035751e-05
1.726563e+00, 8.747587e-05, 8.705693e-05
1.742188e+00, 9.465439e-05, 9.422288e-05
1.757813e+00, 1.023226e-04, 1.018792e-04
1.773438e+00, 1.105047e-04, 1.100503e-04
1.789063e+00, 1.192252e-04, 1.187607e-04
1.804688e+00, 1.285091e-04, 1.280355e-04
1.820313e+00, 1.383815e-04, 1.379001e-04
1.835938e+00, 1.488677e-04, 1.483798e-04
1.851563e+00, 1.599931e-04, 1.595002e-04
1.867188e+00, 1.717831e-04, 1.712868e-04
1.882813e+00, 1.842628e-04, 1.837649e-04
1.898438e+00, 1.974574e-04, 1.969598e-04
1.914063e+00, 2.113915e-04, 2.108962e-04
1.929688e+00, 2.260892e-04, 2.255984e-04
1.945313e+00, 2.415741e-04, 2.410903e-04
1.960938e+00, 2.578691e-04, 2.573946e-04
1.976563e+00, 2.749960e-04, 2.745335e-04
1.992188e+00, 2.929758e-04, 2.925280e-04
2.007813e+00, 3.118283e-04, 3.113980e-04
2.023438e+00, 3.315717e-04, 3.311618e-04
2.039063e+00, 3.522229e-04, 3.518366e-04
2.054688e+00, 3.737972e-04, 3.734375e-04
2.070313e+00, 3.963078e-04, 3.959779e-04
2.085938e+00, 4.197662e-04, 4.194694e-04
2.101563e+00, 4.441815e-04, 4.439210e-04
2.117188e+00, 4.695607e-04, 4.693398e-04
2.132813e+00, 4.959080e-04, 4.957300e-04
2.148438e+00, 5.232252e-04, 5.230934e-04
2.164063e+00, 5.515112e-04, 5.514289e-04
2.179688e+00, 5.807620e-04, 5.807322e-04
2.195313e+00, 6.109703e-04, 6.109962e-04
2.210938e+00, 6.421258e-04, 6.422104e-04
2.226563e+00, 6.742147e-04, 6.743608e-04
2.242188e+00, 7.072198e-04, 7.074301e-04
2.257813e+00, 7.411201e-04, 7.413971e-04
2.273438e+00, 7.758913e-04, 7.762373e-04
2.289063e+00, 8.115048e-04, 8.119219e-04
2.304688e+00, 8.479287e-04, 8.484186e-04
2.320313e+00, 8.851270e-04, 8.856912e-04
2.335938e+00, 9.230596e-04, 9.236995e-04
2.351563e+00, 9.616827e-04, 9.623991e-04
2.367188e+00, 1.000949e-03, 1.001742e-03
2.382813e+00, 1.040806e-03, 1.041676e-03
2.398438e+00, 1.081198e-03, 1.082146e-03
2.414063e+00, 1.122067e-03, 1.123092e-03
2.429688e+00, 1.163350e-03, 1.164450e-03
2.445313e+00, 1.204979e-03, 1.206153e-03
2.460938e+00, 1.246885e-03, 1.248131e-03
2.476563e+00, 1.288995e-03, 1.290311e-03
2.492188e+00, 1.331231e-03, 1.332615e-03
2.507813e+00, 1.373516e-03, 1.374963e-03
2.523438e+00, 1.415765e-03, 1.417274e-03
2.539063e+00, 1.457896e-03, 1.459461e-03
2.554688e+00, 1.499822e-03, 1.501438e-03
2.570313e+00, 1.541452e-03, 1.543117e-03
2.585938e+00, 1.582698e-03, 1.584405e-03
2.601563e+00, 1.623468e-03, 1.625211e-03
2.617188e+00, 1.663668e-03, 1.665442e-03
2.632813e+00, 1.703206e-03, 1.705004e-03
2.648438e+00, 1.741988e-03, 1.743804e-03
2.664063e+00, 1.779920e-03, 1.781747e-03
2.679688e+00, 1.816909e-03, 1.818740e-03
2.695313e+00, 1.852862e-03, 1.854690e-03
2.710938e+00, 1.887688e-03, 1.889506e-03
2.726563e+00, 1.921298e-03, 1.923098e-03
2.742188e+00, 1.953603e-03, 1.955378e-03
2.757813e+00, 1.984519e-03, 1.986260e-03
2.773438e+00, 2.013962e-03, 2.015663e-03
2.789063e+00, 2.041852e-03, 2.043505e-03
2.804688e+00, 2.068114e-03, 2.069712e-03
2.820313e+00, 2.092674e-03, 2.094209e-03
2.835938e+00, 2.115465e-03, 2.116930e-03
2.851563e+00, 2.136421e-03, 2.137811e-03
2.867188e+00, 2.155485e-03, 2.156791e-03
2.882813e+00, 2.172600e-03, 2.173818e-03
2.898438e+00, 2.187719e-03, 2.188842e-03
2.914063e+00, 2.200797e-03, 2.201820e-03
2.929688e+00, 2.211797e-03, 2.212714e-03
2.945313e+00, 2.220686e-03, 2.221494e-03
2.960938e+00, 2.227438e-03, 2.228133e-03
2.976563e+00, 2.232034e-03, 2.232613e-03
2.992188e+00, 2.234460e-03, 2.234919e-03
3.007813e+00, 2.234708e-03, 2.235045e-03
3.023438e+00, 2.232777e-03, 2.232991e-03
3.039063e+00, 2.228674e-03, 2.228764e-03
3.054688e+00, 2.222409e-03, 2.222374e-03
3.070313e+00, 2.214001e-03, 2.213841e-03
3.085938e+00, 2.203474e-03, 2.203190e-03
3.101563e+00, 2.190858e-03, 2.190452e-03
3.117188e+00, 2.176190e-03, 2.175663e-03
3.132813e+00, 2.159511e-03, 2.158866e-03
3.148438e+00, 2.140869e-03, 2.140110e-03
3.164063e+00, 2.120318e-03, 2.119447e-03
3.179688e+00, 2.097914e-03, 2.096936e-03
3.195313e+00, 2.073721e-03, 2.072641e-03
3.210938e+00, 2.047806e-03, 2.046629e-03
3.226563e+00, 2.020241e-03, 2.018972e-03
3.242188e+00, 1.991101e-03, 1.989747e-03
3.257813e+00, 1.960464e-03, 1.959032e-03
3.273438e+00, 1.928415e-03, 1.926909e-03
3.289063e+00, 1.895036e-03, 1.893465e-03
3.304688e+00, 1.860416e-03, 1.858786e-03
3.320313e+00, 1.824644e-03, 1.822963e-03
3.335938e+00, 1.787811e-03, 1.786086e-03
3.351563e+00, 1.750010e-03, 1.748249e-03
3.367188e+00, 1.711333e-03, 1.709544e-03
3.382813e+00, 1.671876e-03, 1.670065e-03
3.398438e+00, 1.631731e-03, 1.629907e-03
3.414063e+00, 1.590993e-03, 1.589162e-03
3.429688e+00, 1.549755e-03, 1.547925e-03
3.445313e+00, 1.508109e-03, 1.506288e-03
3.460938e+00, 1.466147e-03, 1.464340e-03
3.476563e+00, 1.423958e-03, 1.422173e-03
3.492188e+00, 1.381629e-03, 1.379872e-03
3.507813e+00, 1.339247e-03, 1.337524e-03
3.523438e+00, 1.296894e-03, 1.295211e-03
3.539063e+00, 1.254651e-03, 1.253013e-03
3.554688e+00, 1.212595e-03, 1.211007e-03
3.570313e+00, 1.170802e-03, 1.169268e-03
3.585938e+00, 1.129341e-03, 1.127867e-03
3.601563e+00, 1.088282e-03, 1.086870e-03
3.617188e+00, 1.047688e-03, 1.046342e-03
3.632813e+00, 1.007620e-03, 1.006343e-03
3.648438e+00, 9.681341e-04, 9.669286e-04
3.664063e+00, 9.292839e-04, 9.281518e-04
3.679688e+00, 8.911183e-04, 8.900611e-04
3.695313e+00, 8.536822e-04, 8.527011e-04
3.710938e+00, 8.170167e-04, 8.161124e-04
3.726563e+00, 7.811589e-04, 7.803319e-04
3.742188e+00, 7.461422e-04, 7.453923e-04
3.757813e+00, 7.119958e-04, 7.113227e-04
3.773438e+00, 6.787453e-04, 6.781482e-04
3.789063e+00, 6.464124e-04, 6.458903e-04
3.804688e+00, 6.150154e-04, 6.145668e-04
3.820313e+00, 5.845688e-04, 5.841920e-04
3.835938e+00, 5.550837e-04, 5.547769e-04
3.851563e+00, 5.265681e-04, 5.263289e-04
3.867188e+00, 4.990266e-04, 4.988527e-04
3.882813e+00, 4.724608e-04, 4.723497e-04
3.898438e+00, 4.468697e-04, 4.468185e-04
3.914063e+00, 4.222493e-04, 4.222550e-04
3.929688e+00, 3.985930e-04, 3.986526e-04
3.945313e+00, 3.758920e-04, 3.760025e-04
3.960938e+00, 3.541352e-04, 3.542933e-04
3.976563e+00, 3.333095e-04, 3.335119e-04
3.992188e+00, 3.133998e-04, 3.136433e-04
4.007813e+00, 2.943894e-04, 2.946706e-04
4.023438e+00, 2.762599e-04, 2.765756e-04
4.039063e+00, 2.589917e-04, 2.593385e-04
4.054688e+00, 2.425637e-04, 2.429385e-04
4.070313e+00, 2.269540e-04, 2.273537e-04
4.085938e+00, 2.121396e-04, 2.125611e-04
4.101563e+00, 1.980969e-04, 1.985371e-04
4.117188e+00, 1.848014e-04, 1.852575e-04
4.132813e+00, 1.722283e-04, 1.726976e-04
4.148438e+00, 1.603523e-04, 1.608321e-04
4.164063e+00, 1.491481e-04, 1.496358e-04
4.179688e+00, 1.385898e-04, 1.390831e-04
4.195313e+00, 1.286520e-04, 1.291486e-04
4.210938e+00, 1.193089e-04, 1.198066e-04
4.226563e+00, 1.105351e-04, 1.110321e-04
4.242188e+00, 1.023054e-04, 1.027997e-04
4.257813e+00, 9.459494e-05, 9.508498e-05
4.273438e+00, 8.737921e-05, 8.786340e-05
4.289063e+00, 8.063416e-05, 8.111110e-05
4.304688e+00, 7.433626e-05, 7.480467e-05
4.320313e+00, 6.846253e-05, 6.892129e-05
4.335938e+00, 6.299058e-05, 6.343869e-05
4.351563e+00, 5.789867e-05, 5.833527e-05
4.367188e+00, 5.316575e-05, 5.359009e-05
4.382813e+00, 4.877142e-05, 4.918287e-05
4.398438e+00, 4.469602e-05, 4.509407e-05
4.414063e+00, 4.092063e-05, 4.130487e-05
4.429688e+00, 3.742706e-05, 3.779717e-05
4.445313e+00, 3.419785e-05, 3.455361e-05
4.460938e+00, 3.121630e-05, 3.155759e-05
4.476563e+00, 2.846648e-05, 2.879323e-05
4.492188e+00, 2.593315e-05, 2.624540e-05
4.507813e+00, 2.360185e-05, 2.389968e-05
4.523438e+00, 2.145883e-05, 2.174239e-05
4.539063e+00, 1.949103e-05, 1.976053e-05
4.554688e+00, 1.768610e-05, 1.794180e-05
4.570313e+00, 1.603237e-05, 1.627458e-05
4.585938e+00, 1.451882e-05, 1.474788e-05
4.601563e+00, 1.313506e-05, 1.335137e-05
4.617188e+00, 1.187132e-05, 1.207530e-05
4.632813e+00, 1.071843e-05, 1.091055e-05
4.648438e+00, 9.667783e-06, 9.848524e-06
4.664063e+00, 8.711305e-06, 8.881208e-06
4.679688e+00, 7.841448e-06, 8.001088e-06
4.695313e+00, 7.051155e-06, 7.201157e-06
4.710938e+00, 6.333831e-06, 6.474880e-06
4.726563e+00, 5.683314e-06, 5.816174e-06
4.742188e+00, 5.093851e-06, 5.219383e-06
4.757813e+00, 4.560060e-06, 4.679260e-06
4.773438e+00, 4.076902e-06, 4.190939e-06
4.789063e+00, 3.639638e-06, 3.749918e-06
4.804688e+00, 3.243792e-06, 3.352033e-06
4.820313e+00, 2.885104e-06, 2.993444e-06
4.835938e+00, 2.559475e-06, 2.670608e-06
4.851563e+00, 2.262900e-06, 2.380265e-06
4.867188e+00, 1.991392e-06, 2.119418e-06
4.882813e+00, 1.740885e-06, 1.885316e-06
4.898438e+00, 1.507115e-06, 1.675436e-06
4.914063e+00, 1.285463e-06, 1.487468e-06
4.929688e+00, 1.070769e-06, 1.319301e-06
4.945313e+00, 8.570761e-07, 1.169004e-06
4.960938e+00, 6.373180e-07, 1.034820e-06
4.976563e+00, 4.029029e-07, 9.151438e-07
4.992188e+00, 1.431821e-07, 8.085190e-07
5.000000e+00, 9.846461e-21, 7.596818e-07


