#At time: 0.000000e+00, nsteps= 0


0.000000e+00, 2.124177e-20, 2.124177e-20
7.812500e-03, 2.901634e-20, 2.901634e-20
2.343750e-02, 5.394562e-20, 5.394562e-20
3.906250e-02, 9.980425e-20, 9.980425e-20
5.468750e-02, 1.837475e-19, 1.837475e-19
7.031250e-02, 3.366457e-19, 3.366457e-19
8.593750e-02, 6.137680e-19, 6.137680e-19
1.015625e-01, 1.113563e-18, 1.113563e-18
1.171875e-01, 2.010504e-18, 2.010504e-18
1.328125e-01, 3.612221e-18, 3.612221e-18
1.484375e-01, 6.458373e-18, 6.458373e-18
1.640625e-01, 1.149083e-17, 1.149083e-17
1.796875e-01, 2.034506e-17, 2.034506e-17
1.953125e-01, 3.584645e-17, 3.584645e-17
2.109375e-01, 6.285107e-17, 6.285107e-17
2.265625e-01, 1.096626e-16, 1.096626e-16
2.421875e-01, 1.904075e-16, 1.904075e-16
2.578125e-01, 3.289946e-16, 3.289946e-16
2.734375e-01, 5.656829e-16, 5.656829e-16
2.890625e-01, 9.679138e-16, 9.679138e-16
3.046875e-01, 1.648085e-15, 1.648085e-15
3.203125e-01, 2.792558e-15, 2.792558e-15
3.359375e-01, 4.708734e-15, 4.708734e-15
3.515625e-01, 7.901061e-15, 7.901061e-15
3.671875e-01, 1.319308e-14, 1.319308e-14
3.828125e-01, 2.192231e-14, 2.192231e-14
3.984375e-01, 3.624983e-14, 3.624983e-14
4.140625e-01, 5.964924e-14, 5.964924e-14
4.296875e-01, 9.767499e-14, 9.767499e-14
4.453125e-01, 1.591627e-13, 1.591627e-13
4.609375e-01, 2.580944e-13, 2.580944e-13
4.765625e-01, 4.164810e-13, 4.164810e-13
4.921875e-01, 6.687924e-13, 6.687924e-13
5.078125e-01, 1.068727e-12, 1.068727e-12
5.234375e-01, 1.699503e-12, 1.699503e-12
5.390625e-01, 2.689405e-12, 2.689405e-12
5.546875e-01, 4.235162e-12, 4.235162e-12
5.703125e-01, 6.636869e-12, 6.636869e-12
5.859375e-01, 1.034989e-11, 1.034989e-11
6.015625e-01, 1.606157e-11, 1.606157e-11
6.171875e-01, 2.480387e-11, 2.480387e-11
6.328125e-01, 3.811802e-11, 3.811802e-11
6.484375e-01, 5.829357e-11, 5.829357e-11
6.640625e-01, 8.871364e-11, 8.871364e-11
6.796875e-01, 1.343506e-10, 1.343506e-10
6.953125e-01, 2.024735e-10, 2.024735e-10
7.109375e-01, 3.036520e-10, 3.036520e-10
7.265625e-01, 4.531726e-10, 4.531726e-10
7.421875e-01, 6.730239e-10, 6.730239e-10
7.578125e-01, 9.946649e-10, 9.946649e-10
7.734375e-01, 1.462859e-09, 1.462859e-09
7.890625e-01, 2.140955e-09, 2.140955e-09
8.046875e-01, 3.118115e-09, 3.118115e-09
8.203125e-01, 4.519144e-09, 4.519144e-09
8.359375e-01, 6.517777e-09, 6.517777e-09
8.515625e-01, 9.354538e-09, 9.354538e-09
8.671875e-01, 1.336056e-08, 1.336056e-08
8.828125e-01, 1.898918e-08, 1.898918e-08
8.984375e-01, 2.685761e-08, 2.685761e-08
9.140625e-01, 3.780139e-08, 3.780139e-08
9.296875e-01, 5.294534e-08, 5.294534e-08
9.453125e-01, 7.379502e-08, 7.379502e-08
9.609375e-01, 1.023542e-07, 1.023542e-07
9.765625e-01, 1.412746e-07, 1.412746e-07
9.921875e-01, 1.940446e-07, 1.940446e-07
1.007813e+00, 2.652275e-07, 2.652275e-07
1.023438e+00, 3.607573e-07, 3.607573e-07
1.039063e+00, 4.883047e-07, 4.883047e-07
1.054688e+00, 6.577278e-07, 6.577278e-07
1.070313e+00, 8.816190e-07, 8.816190e-07
1.085938e+00, 1.175967e-06, 1.175967e-06
1.101563e+00, 1.560949e-06, 1.560949e-06
1.117188e+00, 2.061872e-06, 2.061872e-06
1.132813e+00, 2.710279e-06, 2.710279e-06
1.148438e+00, 3.545241e-06, 3.545241e-06
1.164063e+00, 4.614844e-06, 4.614844e-06
1.179688e+00, 5.977887e-06, 5.977887e-06
1.195313e+00, 7.705801e-06, 7.705801e-06
1.210938e+00, 9.884787e-06, 9.884787e-06
1.226563e+00, 1.261817e-05, 1.261817e-05
1.242188e+00, 1.602893e-05, 1.602893e-05
1.257813e+00, 2.026247e-05, 2.026247e-05
1.273438e+00, 2.548940e-05, 2.548940e-05
1.289063e+00, 3.190848e-05, 3.190848e-05
1.304688e+00, 3.974955e-05, 3.974955e-05
1.320313e+00, 4.927625e-05, 4.927625e-05
1.335938e+00, 6.078865e-05, 6.078865e-05
1.351563e+00, 7.462543e-05, 7.462543e-05
1.367188e+00, 9.116550e-05, 9.116550e-05
1.382813e+00, 1.108291e-04, 1.108291e-04
1.398438e+00, 1.340776e-04, 1.340776e-04
1.414063e+00, 1.614129e-04, 1.614129e-04
1.429688e+00, 1.933747e-04, 1.933747e-04
1.445313e+00, 2.305369e-04, 2.305369e-04
1.460938e+00, 2.735021e-04, 2.735021e-04
1.476563e+00, 3.228943e-04, 3.228943e-04
1.492188e+00, 3.793495e-04, 3.793495e-04
1.507813e+00, 4.435045e-04, 4.435045e-04
1.523438e+00, 5.159836e-04, 5.159836e-04
1.539063e+00, 5.973836e-04, 5.973836e-04
1.554688e+00, 6.882561e-04, 6.882561e-04
1.570313e+00, 7.890895e-04, 7.890895e-04
1.585938e+00, 9.002888e-04, 9.002888e-04
1.601563e+00, 1.022155e-03, 1.022155e-03
1.617188e+00, 1.154865e-03, 1.154865e-03
1.632813e+00, 1.298450e-03, 1.298450e-03
1.648438e+00, 1.452776e-03, 1.452776e-03
1.664063e+00, 1.617526e-03, 1.617526e-03
1.679688e+00, 1.792187e-03, 1.792187e-03
1.695313e+00, 1.976037e-03, 1.976037e-03
1.710938e+00, 2.168133e-03, 2.168133e-03
1.726563e+00, 2.367317e-03, 2.367317e-03
1.742188e+00, 2.572209e-03, 2.572209e-03
1.757813e+00, 2.781221e-03, 2.781221e-03
1.773438e+00, 2.992569e-03, 2.992569e-03
1.789063e+00, 3.204293e-03, 3.204293e-03
1.804688e+00, 3.414285e-03, 3.414285e-03
1.820313e+00, 3.620318e-03, 3.620318e-03
1.835938e+00, 3.820086e-03, 3.820086e-03
1.851563e+00, 4.011242e-03, 4.011242e-03
1.867188e+00, 4.191448e-03, 4.191448e-03
1.882813e+00, 4.358417e-03, 4.358417e-03
1.898438e+00, 4.509961e-03, 4.509961e-03
1.914063e+00, 4.644043e-03, 4.644043e-03
1.929688e+00, 4.758819e-03, 4.758819e-03
1.945313e+00, 4.852678e-03, 4.852678e-03
1.960938e+00, 4.924285e-03, 4.924285e-03
1.976563e+00, 4.972609e-03, 4.972609e-03
1.992188e+00, 4.996949e-03, 4.996949e-03
2.007813e+00, 4.996949e-03, 4.996949e-03
2.023438e+00, 4.972609e-03, 4.972609e-03
2.039063e+00, 4.924285e-03, 4.924285e-03
2.054688e+00, 4.852678e-03, 4.852678e-03
2.070313e+00, 4.758819e-03, 4.758819e-03
2.085938e+00, 4.644043e-03, 4.644043e-03
2.101563e+00, 4.509961e-03, 4.509961e-03
2.117188e+00, 4.358417e-03, 4.358417e-03
2.132813e+00, 4.191448e-03, 4.191448e-03
2.148438e+00, 4.011242e-03, 4.011242e-03
2.164063e+00, 3.820086e-03, 3.820086e-03
2.179688e+00, 3.620318e-03, 3.620318e-03
2.195313e+00, 3.414285e-03, 3.414285e-03
2.210938e+00, 3.204293e-03, 3.204293e-03
2.226563e+00, 2.992569e-03, 2.992569e-03
2.242188e+00, 2.781221e-03, 2.781221e-03
2.257813e+00, 2.572209e-03, 2.572209e-03
2.273438e+00, 2.367317e-03, 2.367317e-03
2.289063e+00, 2.168133e-03, 2.168133e-03
2.304688e+00, 1.976037e-03, 1.976037e-03
2.320313e+00, 1.792187e-03, 1.792187e-03
2.335938e+00, 1.617526e-03, 1.617526e-03
2.351563e+00, 1.452776e-03, 1.452776e-03
2.367188e+00, 1.298450e-03, 1.298450e-03
2.382813e+00, 1.154865e-03, 1.154865e-03
2.398438e+00, 1.022155e-03, 1.022155e-03
2.414063e+00, 9.002888e-04, 9.002888e-04
2.429688e+00, 7.890895e-04, 7.890895e-04
2.445313e+00, 6.882561e-04, 6.882561e-04
2.460938e+00, 5.973836e-04, 5.973836e-04
2.476563e+00, 5.159836e-04, 5.159836e-04
2.492188e+00, 4.435045e-04, 4.435045e-04
2.507813e+00, 3.793495e-04, 3.793495e-04
2.523438e+00, 3.228943e-04, 3.228943e-04
2.539063e+00, 2.735021e-04, 2.735021e-04
2.554688e+00, 2.305369e-04, 2.305369e-04
2.570313e+00, 1.933747e-04, 1.933747e-04
2.585938e+00, 1.614129e-04, 1.614129e-04
2.601563e+00, 1.340776e-04, 1.340776e-04
2.617188e+00, 1.108291e-04, 1.108291e-04
2.632813e+00, 9.116550e-05, 9.116550e-05
2.648438e+00, 7.462543e-05, 7.462543e-05
2.664063e+00, 6.078865e-05, 6.078865e-05
2.679688e+00, 4.927625e-05, 4.927625e-05
2.695313e+00, 3.974955e-05, 3.974955e-05
2.710938e+00, 3.190848e-05, 3.190848e-05
2.726563e+00, 2.548940e-05, 2.548940e-05
2.742188e+00, 2.026247e-05, 2.026247e-05
2.757813e+00, 1.602893e-05, 1.602893e-05
2.773438e+00, 1.261817e-05, 1.261817e-05
2.789063e+00, 9.884787e-06, 9.884787e-06
2.804688e+00, 7.705801e-06, 7.705801e-06
2.820313e+00, 5.977887e-06, 5.977887e-06
2.835938e+00, 4.614844e-06, 4.614844e-06
2.851563e+00, 3.545241e-06, 3.545241e-06
2.867188e+00, 2.710279e-06, 2.710279e-06
2.882813e+00, 2.061872e-06, 2.061872e-06
2.898438e+00, 1.560949e-06, 1.560949e-06
2.914063e+00, 1.175967e-06, 1.175967e-06
2.929688e+00, 8.816190e-07, 8.816190e-07
2.945313e+00, 6.577278e-07, 6.577278e-07
2.960938e+00, 4.883047e-07, 4.883047e-07
2.976563e+00, 3.607573e-07, 3.607573e-07
2.992188e+00, 2.652275e-07, 2.652275e-07
3.007813e+00, 1.940446e-07, 1.940446e-07
3.023438e+00, 1.412746e-07, 1.412746e-07
3.039063e+00, 1.023542e-07, 1.023542e-07
3.054688e+00, 7.379502e-08, 7.379502e-08
3.070313e+00, 5.294534e-08, 5.294534e-08
3.085938e+00, 3.780139e-08, 3.780139e-08
3.101563e+00, 2.685761e-08, 2.685761e-08
3.117188e+00, 1.898918e-08, 1.898918e-08
3.132813e+00, 1.336056e-08, 1.336056e-08
3.148438e+00, 9.354538e-09, 9.354538e-09
3.164063e+00, 6.517777e-09, 6.517777e-09
3.179688e+00, 4.519144e-09, 4.519144e-09
3.195313e+00, 3.118115e-09, 3.118115e-09
3.210938e+00, 2.140955e-09, 2.140955e-09
3.226563e+00, 1.462859e-09, 1.462859e-09
3.242188e+00, 9.946649e-10, 9.946649e-10
3.257813e+00, 6.730239e-10, 6.730239e-10
3.273438e+00, 4.531726e-10, 4.531726e-10
3.289063e+00, 3.036520e-10, 3.036520e-10
3.304688e+00, 2.024735e-10, 2.024735e-10
3.320313e+00, 1.343506e-10, 1.343506e-10
3.335938e+00, 8.871364e-11, 8.871364e-11
3.351563e+00, 5.829357e-11, 5.829357e-11
3.367188e+00, 3.811802e-11, 3.811802e-11
3.382813e+00, 2.480387e-11, 2.480387e-11
3.398438e+00, 1.606157e-11, 1.606157e-11
3.414063e+00, 1.034989e-11, 1.034989e-11
3.429688e+00, 6.636869e-12, 6.636869e-12
3.445313e+00, 4.235162e-12, 4.235162e-12
3.460938e+00, 2.689405e-12, 2.689405e-12
3.476563e+00, 1.699503e-12, 1.699503e-12
3.492188e+00, 1.068727e-12, 1.068727e-12
3.507813e+00, 6.687924e-13, 6.687924e-13
3.523438e+00, 4.164810e-13, 4.164810e-13
3.539063e+00, 2.580944e-13, 2.580944e-13
3.554688e+00, 1.591627e-13, 1.591627e-13
3.570313e+00, 9.767499e-14, 9.767499e-14
3.585938e+00, 5.964924e-14, 5.964924e-14
3.601563e+00, 3.624983e-14, 3.624983e-14
3.617188e+00, 2.192231e-14, 2.192231e-14
3.632813e+00, 1.319308e-14, 1.319308e-14
3.648438e+00, 7.901061e-15, 7.901061e-15
3.664063e+00, 4.708734e-15, 4.708734e-15
3.679688e+00, 2.792558e-15, 2.792558e-15
3.695313e+00, 1.648085e-15, 1.648085e-15
3.710938e+00, 9.679138e-16, 9.679138e-16
3.726563e+00, 5.656829e-16, 5.656829e-16
3.742188e+00, 3.289946e-16, 3.289946e-16
3.757813e+00, 1.904075e-16, 1.904075e-16
3.773438e+00, 1.096626e-16, 1.096626e-16
3.789063e+00, 6.285107e-17, 6.285107e-17
3.804688e+00, 3.584645e-17, 3.584645e-17
3.820313e+00, 2.034506e-17, 2.034506e-17
3.835938e+00, 1.149083e-17, 1.149083e-17
3.851563e+00, 6.458373e-18, 6.458373e-18
3.867188e+00, 3.612221e-18, 3.612221e-18
3.882813e+00, 2.010504e-18, 2.010504e-18
3.898438e+00, 1.113563e-18, 1.113563e-18
3.914063e+00, 6.137680e-19, 6.137680e-19
3.929688e+00, 3.366457e-19, 3.366457e-19
3.945313e+00, 1.837475e-19, 1.837475e-19
3.960938e+00, 9.980425e-20, 9.980425e-20
3.976563e+00, 5.394562e-20, 5.394562e-20
3.992188e+00, 2.901634e-20, 2.901634e-20
4.007813e+00, 1.553133e-20, 1.553133e-20
4.023438e+00, 8.272828e-21, 8.272828e-21
4.039063e+00, 4.385093e-21, 4.385093e-21
4.054688e+00, 2.313039e-21, 2.313039e-21
4.070313e+00, 1.214134e-21, 1.214134e-21
4.085938e+00, 6.342051e-22, 6.342051e-22
4.101563e+00, 3.296645e-22, 3.296645e-22
4.117188e+00, 1.705274e-22, 1.705274e-22
4.132813e+00, 8.777996e-23, 8.777996e-23
4.148438e+00, 4.496516e-23, 4.496516e-23
4.164063e+00, 2.292114e-23, 2.292114e-23
4.179688e+00, 1.162722e-23, 1.162722e-23
4.195313e+00, 5.869416e-24, 5.869416e-24
4.210938e+00, 2.948447e-24, 2.948447e-24
4.226563e+00, 1.473911e-24, 1.473911e-24
4.242188e+00, 7.332101e-25, 7.332101e-25
4.257813e+00, 3.629653e-25, 3.629653e-25
4.273438e+00, 1.788057e-25, 1.788057e-25
4.289063e+00, 8.765502e-26, 8.765502e-26
4.304688e+00, 4.276138e-26, 4.276138e-26
4.320313e+00, 2.075899e-26, 2.075899e-26
4.335938e+00, 1.002859e-26, 1.002859e-26
4.351563e+00, 4.821178e-27, 4.821178e-27
4.367188e+00, 2.306459e-27, 2.306459e-27
4.382813e+00, 1.098039e-27, 1.098039e-27
4.398438e+00, 5.201988e-28, 5.201988e-28
4.414063e+00, 2.452450e-28, 2.452450e-28
4.429688e+00, 1.150563e-28, 1.150563e-28
4.445313e+00, 5.371559e-29, 5.371559e-29
4.460938e+00, 2.495568e-29, 2.495568e-29
4.476563e+00, 1.153767e-29, 1.153767e-29
4.492188e+00, 5.308186e-30, 5.308186e-30
4.507813e+00, 2.430264e-30, 2.430264e-30
4.523438e+00, 1.107236e-30, 1.107236e-30
4.539063e+00, 5.020034e-31, 5.020034e-31
4.554688e+00, 2.264917e-31, 2.264917e-31
4.570313e+00, 1.016898e-31, 1.016898e-31
4.585938e+00, 4.543411e-32, 4.543411e-32
4.601563e+00, 2.020068e-32, 2.020068e-32
4.617188e+00, 8.937774e-33, 8.937774e-33
4.632813e+00, 3.935249e-33, 3.935249e-33
4.648438e+00, 1.724227e-33, 1.724227e-33
4.664063e+00, 7.517892e-34, 7.517892e-34
4.679688e+00, 3.261949e-34, 3.261949e-34
4.695313e+00, 1.408438e-34, 1.408438e-34
4.710938e+00, 6.051702e-35, 6.051702e-35
4.726563e+00, 2.587598e-35, 2.587598e-35
4.742188e+00, 1.101021e-35, 1.101021e-35
4.757813e+00, 4.662017e-36, 4.662017e-36
4.773438e+00, 1.964407e-36, 1.964407e-36
4.789063e+00, 8.236988e-37, 8.236988e-37
4.804688e+00, 3.437042e-37, 3.437042e-37
4.820313e+00, 1.427187e-37, 1.427187e-37
4.835938e+00, 5.897338e-38, 5.897338e-38
4.851563e+00, 2.424994e-38, 2.424994e-38
4.867188e+00, 9.923043e-39, 9.923043e-39
4.882813e+00, 4.040717e-39, 4.040717e-39
4.898438e+00, 1.637387e-39, 1.637387e-39
4.914063e+00, 6.602734e-40, 6.602734e-40
4.929688e+00, 2.649571e-40, 2.649571e-40
4.945313e+00, 1.058052e-40, 1.058052e-40
4.960938e+00, 4.204531e-41, 4.204531e-41
4.976563e+00, 1.662676e-41, 1.662676e-41
4.992188e+00, 6.543003e-42, 6.543003e-42
5.000000e+00, 4.097006e-42, 4.097006e-42


#At time: 2.500488e+01, nsteps= 205


0.000000e+00, 1.358906e-20, 6.944824e-12
7.812500e-03, 1.923029e-12, 8.118307e-12
2.343750e-02, 5.953142e-12, 1.107334e-11
3.906250e-02, 1.054343e-11, 1.506717e-11
5.468750e-02, 1.611522e-11, 2.045148e-11
7.031250e-02, 2.317068e-11, 2.769219e-11
8.593750e-02, 3.233270e-11, 3.740502e-11
1.015625e-01, 4.439320e-11, 5.040136e-11
1.171875e-01, 6.037315e-11, 6.774767e-11
1.328125e-01, 8.159799e-11, 9.084193e-11
1.484375e-01, 1.097934e-10, 1.215117e-10
1.640625e-01, 1.472072e-10, 1.621398e-10
1.796875e-01, 1.967639e-10, 2.158247e-10
1.953125e-01, 2.622625e-10, 2.865842e-10
2.109375e-01, 3.486261e-10, 3.796150e-10
2.265625e-01, 4.622194e-10, 5.016192e-10
2.421875e-01, 6.112488e-10, 6.612183e-10
2.578125e-01, 8.062669e-10, 8.694714e-10
2.734375e-01, 1.060806e-09, 1.140527e-09
2.890625e-01, 1.392171e-09, 1.492436e-09
3.046875e-01, 1.822428e-09, 1.948165e-09
3.203125e-01, 2.379640e-09, 2.536853e-09
3.359375e-01, 3.099387e-09, 3.295375e-09
3.515625e-01, 4.026663e-09, 4.270259e-09
3.671875e-01, 5.218195e-09, 5.520055e-09
3.828125e-01, 6.745306e-09, 7.118237e-09
3.984375e-01, 8.697409e-09, 9.156747e-09
4.140625e-01, 1.118628e-08, 1.175032e-08
4.296875e-01, 1.435126e-08, 1.504175e-08
4.453125e-01, 1.836553e-08, 1.920819e-08
4.609375e-01, 2.344371e-08, 2.446891e-08
4.765625e-01, 2.985104e-08, 3.109442e-08
4.921875e-01, 3.791433e-08, 3.941760e-08
5.078125e-01, 4.803513e-08, 4.984684e-08
5.234375e-01, 6.070531e-08, 6.288180e-08
5.390625e-01, 7.652567e-08, 7.913199e-08
5.546875e-01, 9.622787e-08, 9.933882e-08
5.703125e-01, 1.207004e-07, 1.244015e-07
5.859375e-01, 1.510188e-07, 1.554076e-07
6.015625e-01, 1.884813e-07, 1.936684e-07
6.171875e-01, 2.346504e-07, 2.407603e-07
6.328125e-01, 2.914007e-07, 2.985733e-07
6.484375e-01, 3.609747e-07, 3.693659e-07
6.640625e-01, 4.460467e-07, 4.558295e-07
6.796875e-01, 5.497963e-07, 5.611615e-07
6.953125e-01, 6.759924e-07, 6.891490e-07
7.109375e-01, 8.290882e-07, 8.442639e-07
7.265625e-01, 1.014330e-06, 1.031771e-06
7.421875e-01, 1.237878e-06, 1.257847e-06
7.578125e-01, 1.506944e-06, 1.529721e-06
7.734375e-01, 1.829942e-06, 1.855824e-06
7.890625e-01, 2.216660e-06, 2.245954e-06
8.046875e-01, 2.678447e-06, 2.711470e-06
8.203125e-01, 3.228417e-06, 3.265492e-06
8.359375e-01, 3.881676e-06, 3.923126e-06
8.515625e-01, 4.655566e-06, 4.701708e-06
8.671875e-01, 5.569929e-06, 5.621068e-06
8.828125e-01, 6.647393e-06, 6.703813e-06
8.984375e-01, 7.913671e-06, 7.975625e-06
9.140625e-01, 9.397883e-06, 9.465584e-06
9.296875e-01, 1.113289e-05, 1.120650e-05
9.453125e-01, 1.315564e-05, 1.323525e-05
9.609375e-01, 1.550754e-05, 1.559317e-05
9.765625e-01, 1.823480e-05, 1.832636e-05
9.921875e-01, 2.138881e-05, 2.148612e-05
1.007813e+00, 2.502650e-05, 2.512925e-05
1.023438e+00, 2.921071e-05, 2.931844e-05
1.039063e+00, 3.401049e-05, 3.412260e-05
1.054688e+00, 3.950143e-05, 3.961714e-05
1.070313e+00, 4.576593e-05, 4.588428e-05
1.085938e+00, 5.289343e-05, 5.301326e-05
1.101563e+00, 6.098057e-05, 6.110053e-05
1.117188e+00, 7.013130e-05, 7.024982e-05
1.132813e+00, 8.045691e-05, 8.057221e-05
1.148438e+00, 9.207596e-05, 9.218604e-05
1.164063e+00, 1.051141e-04, 1.052167e-04
1.179688e+00, 1.197037e-04, 1.197966e-04
1.195313e+00, 1.359837e-04, 1.360641e-04
1.210938e+00, 1.540986e-04, 1.541640e-04
1.226563e+00, 1.741982e-04, 1.742456e-04
1.242188e+00, 1.964364e-04, 1.964629e-04
1.257813e+00, 2.209704e-04, 2.209730e-04
1.273438e+00, 2.479592e-04, 2.479348e-04
1.289063e+00, 2.775624e-04, 2.775082e-04
1.304688e+00, 3.099386e-04, 3.098516e-04
1.320313e+00, 3.452436e-04, 3.451212e-04
1.335938e+00, 3.836284e-04, 3.834681e-04
1.351563e+00, 4.252372e-04, 4.250370e-04
1.367188e+00, 4.702052e-04, 4.699634e-04
1.382813e+00, 5.186562e-04, 5.183715e-04
1.398438e+00, 5.707001e-04, 5.703718e-04
1.414063e+00, 6.264304e-04, 6.260582e-04
1.429688e+00, 6.859214e-04, 6.855060e-04
1.445313e+00, 7.492260e-04, 7.487686e-04
1.460938e+00, 8.163726e-04, 8.158753e-04
1.476563e+00, 8.873633e-04, 8.868288e-04
1.492188e+00, 9.621705e-04, 9.616025e-04
1.507813e+00, 1.040736e-03, 1.040139e-03
1.523438e+00, 1.122967e-03, 1.122346e-03
1.539063e+00, 1.208736e-03, 1.208097e-03
1.554688e+00, 1.297880e-03, 1.297230e-03
1.570313e+00, 1.390196e-03, 1.389542e-03
1.585938e+00, 1.485444e-03, 1.484795e-03
1.601563e+00, 1.583345e-03, 1.582708e-03
1.617188e+00, 1.683580e-03, 1.682966e-03
1.632813e+00, 1.785794e-03, 1.785210e-03
1.648438e+00, 1.889593e-03, 1.889049e-03
1.664063e+00, 1.994549e-03, 1.994055e-03
1.679688e+00, 2.100201e-03, 2.099765e-03
1.695313e+00, 2.206057e-03, 2.205688e-03
1.710938e+00, 2.311599e-03, 2.311305e-03
1.726563e+00, 2.416286e-03, 2.416074e-03
1.742188e+00, 2.519559e-03, 2.519434e-03
1.757813e+00, 2.620842e-03, 2.620811e-03
1.773438e+00, 2.719553e-03, 2.719619e-03
1.789063e+00, 2.815105e-03, 2.815272e-03
1.804688e+00, 2.906915e-03, 2.907183e-03
1.820313e+00, 2.994405e-03, 2.994776e-03
1.835938e+00, 3.077015e-03, 3.077486e-03
1.851563e+00, 3.154201e-03, 3.154769e-03
1.867188e+00, 3.225448e-03, 3.226108e-03
1.882813e+00, 3.290270e-03, 3.291016e-03
1.898438e+00, 3.348220e-03, 3.349045e-03
1.914063e+00, 3.398892e-03, 3.399788e-03
1.929688e+00, 3.441928e-03, 3.442884e-03
1.945313e+00, 3.477021e-03, 3.478026e-03
1.960938e+00, 3.503918e-03, 3.504960e-03
1.976563e+00, 3.522423e-03, 3.523490e-03
1.992188e+00, 3.532403e-03, 3.533482e-03
2.007813e+00, 3.533785e-03, 3.534863e-03
2.023438e+00, 3.526559e-03, 3.527622e-03
2.039063e+00, 3.510777e-03, 3.511812e-03
2.054688e+00, 3.486554e-03, 3.487550e-03
2.070313e+00, 3.454066e-03, 3.455010e-03
2.085938e+00, 3.413547e-03, 3.414429e-03
2.101563e+00, 3.365287e-03, 3.366097e-03
2.117188e+00, 3.309630e-03, 3.310358e-03
2.132813e+00, 3.246965e-03, 3.247605e-03
2.148438e+00, 3.177727e-03, 3.178273e-03
2.164063e+00, 3.102391e-03, 3.102837e-03
2.179688e+00, 3.021462e-03, 3.021806e-03
2.195313e+00, 2.935475e-03, 2.935716e-03
2.210938e+00, 2.844987e-03, 2.845124e-03
2.226563e+00, 2.750570e-03, 2.750606e-03
2.242188e+00, 2.652806e-03, 2.652743e-03
2.257813e+00, 2.552282e-03, 2.552125e-03
2.273438e+00, 2.449582e-03, 2.449336e-03
2.289063e+00, 2.345285e-03, 2.344956e-03
2.304688e+00, 2.239954e-03, 2.239550e-03
2.320313e+00, 2.134138e-03, 2.133668e-03
2.335938e+00, 2.028363e-03, 2.027835e-03
2.351563e+00, 1.923129e-03, 1.922552e-03
2.367188e+00, 1.818908e-03, 1.818292e-03
2.382813e+00, 1.716139e-03, 1.715492e-03
2.398438e+00, 1.615226e-03, 1.614558e-03
2.414063e+00, 1.516537e-03, 1.515858e-03
2.429688e+00, 1.420404e-03, 1.419722e-03
2.445313e+00, 1.327117e-03, 1.326440e-03
2.460938e+00, 1.236930e-03, 1.236266e-03
2.476563e+00, 1.150057e-03, 1.149413e-03
2.492188e+00, 1.066674e-03, 1.066056e-03
2.507813e+00, 9.869201e-04, 9.863332e-04
2.523438e+00, 9.108986e-04, 9.103475e-04
2.539063e+00, 8.386787e-04, 8.381669e-04
2.554688e+00, 7.702975e-04, 7.698280e-04
2.570313e+00, 7.057623e-04, 7.053370e-04
2.585938e+00, 6.450528e-04, 6.446730e-04
2.601563e+00, 5.881238e-04, 5.877898e-04
2.617188e+00, 5.349073e-04, 5.346191e-04
2.632813e+00, 4.853159e-04, 4.850726e-04
2.648438e+00, 4.392445e-04, 4.390447e-04
2.664063e+00, 3.965736e-04, 3.964155e-04
2.679688e+00, 3.571713e-04, 3.570527e-04
2.695313e+00, 3.208961e-04, 3.208143e-04
2.710938e+00, 2.875988e-04, 2.875511e-04
2.726563e+00, 2.571250e-04, 2.571083e-04
2.742188e+00, 2.293167e-04, 2.293280e-04
2.757813e+00, 2.040145e-04, 2.040506e-04
2.773438e+00, 1.810589e-04, 1.811167e-04
2.789063e+00, 1.602921e-04, 1.603684e-04
2.804688e+00, 1.415589e-04, 1.416508e-04
2.820313e+00, 1.247082e-04, 1.248128e-04
2.835938e+00, 1.095936e-04, 1.097081e-04
2.851563e+00, 9.607434e-05, 9.619631e-05
2.867188e+00, 8.401585e-05, 8.414297e-05
2.882813e+00, 7.329026e-05, 7.342046e-05
2.898438e+00, 6.377674e-05, 6.390814e-05
2.914063e+00, 5.536163e-05, 5.549260e-05
2.929688e+00, 4.793864e-05, 4.806775e-05
2.945313e+00, 4.140877e-05, 4.153482e-05
2.960938e+00, 3.568029e-05, 3.580227e-05
2.976563e+00, 3.066856e-05, 3.078568e-05
2.992188e+00, 2.629585e-05, 2.640747e-05
3.007813e+00, 2.249102e-05, 2.259667e-05
3.023438e+00, 1.918930e-05, 1.928866e-05
3.039063e+00, 1.633189e-05, 1.642478e-05
3.054688e+00, 1.386566e-05, 1.395201e-05
3.070313e+00, 1.174280e-05, 1.182262e-05
3.085938e+00, 9.920385e-06, 9.993798e-06
3.101563e+00, 8.360095e-06, 8.427276e-06
3.117188e+00, 7.027797e-06, 7.088979e-06
3.132813e+00, 5.893211e-06, 5.948671e-06
3.148438e+00, 4.929571e-06, 4.979618e-06
3.164063e+00, 4.113297e-06, 4.158263e-06
3.179688e+00, 3.423690e-06, 3.463919e-06
3.195313e+00, 2.842640e-06, 2.878480e-06
3.210938e+00, 2.354353e-06, 2.386155e-06
3.226563e+00, 1.945106e-06, 1.973212e-06
3.242188e+00, 1.603010e-06, 1.627754e-06
3.257813e+00, 1.317803e-06, 1.339503e-06
3.273438e+00, 1.080650e-06, 1.099609e-06
3.289063e+00, 8.839736e-07, 9.004769e-07
3.304688e+00, 7.212952e-07, 7.356087e-07
3.320313e+00, 5.870913e-07, 5.994609e-07
3.335938e+00, 4.766686e-07, 4.873206e-07
3.351563e+00, 3.860515e-07, 3.951923e-07
3.367188e+00, 3.118826e-07, 3.196995e-07
3.382813e+00, 2.513354e-07, 2.579974e-07
3.398438e+00, 2.020376e-07, 2.076961e-07
3.414063e+00, 1.620042e-07, 1.667943e-07
3.429688e+00, 1.295792e-07, 1.336208e-07
3.445313e+00, 1.033853e-07, 1.067841e-07
3.460938e+00, 8.228031e-08, 8.512929e-08
3.476563e+00, 6.532000e-08, 6.770040e-08
3.492188e+00, 5.172602e-08, 5.370853e-08
3.507813e+00, 4.085863e-08, 4.250451e-08
3.523438e+00, 3.219363e-08, 3.355573e-08
3.539063e+00, 2.530269e-08, 2.642641e-08
3.554688e+00, 1.983689e-08, 2.076105e-08
3.570313e+00, 1.551279e-08, 1.627048e-08
3.585938e+00, 1.210082e-08, 1.272013e-08
3.601563e+00, 9.415603e-09, 9.920238e-09
3.617188e+00, 7.307836e-09, 7.717784e-09
3.632813e+00, 5.657652e-09, 5.989671e-09
3.648438e+00, 4.369078e-09, 4.637171e-09
3.664063e+00, 3.365495e-09, 3.581320e-09
3.679688e+00, 2.585906e-09, 2.759134e-09
3.695313e+00, 1.981895e-09, 2.120520e-09
3.710938e+00, 1.515137e-09, 1.625743e-09
3.726563e+00, 1.155383e-09, 1.243372e-09
3.742188e+00, 8.788236e-10, 9.486153e-10
3.757813e+00, 6.667743e-10, 7.219697e-10
3.773438e+00, 5.046108e-10, 5.481351e-10
3.789063e+00, 3.809202e-10, 4.151415e-10
3.804688e+00, 2.868207e-10, 3.136494e-10
3.820313e+00, 2.154196e-10, 2.363919e-10
3.835938e+00, 1.613829e-10, 1.777299e-10
3.851563e+00, 1.205943e-10, 1.332994e-10
3.867188e+00, 8.988596e-11, 9.973228e-11
3.882813e+00, 6.682704e-11, 7.443601e-11
3.898438e+00, 4.955724e-11, 5.542048e-11
3.914063e+00, 3.665689e-11, 4.116208e-11
3.929688e+00, 2.704563e-11, 3.049749e-11
3.945313e+00, 1.990355e-11, 2.254087e-11
3.960938e+00, 1.461017e-11, 1.661947e-11
3.976563e+00, 1.069721e-11, 1.222372e-11
3.992188e+00, 7.812238e-12, 8.968699e-12
4.007813e+00, 5.690746e-12, 6.564405e-12
4.023438e+00, 4.134766e-12, 4.792930e-12
4.039063e+00, 2.996538e-12, 3.490973e-12
4.054688e+00, 2.166082e-12, 2.536483e-12
4.070313e+00, 1.561764e-12, 1.838472e-12
4.085938e+00, 1.123157e-12, 1.329297e-12
4.101563e+00, 8.056556e-13, 9.587971e-13
4.117188e+00, 5.764228e-13, 6.898764e-13
4.132813e+00, 4.113531e-13, 4.951716e-13
4.148438e+00, 2.927989e-13, 3.545520e-13
4.164063e+00, 2.078760e-13, 2.532468e-13
4.179688e+00, 1.472036e-13, 1.804462e-13
4.195313e+00, 1.039707e-13, 1.282601e-13
4.210938e+00, 7.324548e-14, 9.094417e-14
4.226563e+00, 5.146681e-14, 6.432772e-14
4.242188e+00, 3.607026e-14, 4.539011e-14
4.257813e+00, 2.521424e-14, 3.194951e-14
4.273438e+00, 1.757989e-14, 2.243401e-14
4.289063e+00, 1.222529e-14, 1.571410e-14
4.304688e+00, 8.479574e-15, 1.098024e-14
4.320313e+00, 5.866238e-15, 7.653744e-15
4.335938e+00, 4.047764e-15, 5.322013e-15
4.351563e+00, 2.785734e-15, 3.691626e-15
4.367188e+00, 1.912193e-15, 2.554461e-15
4.382813e+00, 1.309155e-15, 1.763278e-15
4.398438e+00, 8.939556e-16, 1.214177e-15
4.414063e+00, 6.088437e-16, 8.340325e-16
4.429688e+00, 4.135800e-16, 5.715100e-16
4.445313e+00, 2.802052e-16, 3.906650e-16
4.460938e+00, 1.893453e-16, 2.663944e-16
4.476563e+00, 1.276126e-16, 1.812113e-16
4.492188e+00, 8.578128e-17, 1.229661e-16
4.507813e+00, 5.751089e-17, 8.323872e-17
4.523438e+00, 3.845610e-17, 5.620891e-17
4.539063e+00, 2.564702e-17, 3.786384e-17
4.554688e+00, 1.705942e-17, 2.544392e-17
4.570313e+00, 1.131738e-17, 1.705624e-17
4.585938e+00, 7.488257e-18, 1.140571e-17
4.601563e+00, 4.941604e-18, 7.608536e-18
4.617188e+00, 3.252417e-18, 5.063137e-18
4.632813e+00, 2.134984e-18, 3.361075e-18
4.648438e+00, 1.397757e-18, 2.225750e-18
4.664063e+00, 9.126762e-19, 1.470329e-18
4.679688e+00, 5.943584e-19, 9.689300e-19
4.695313e+00, 3.860340e-19, 6.369570e-19
4.710938e+00, 2.500617e-19, 4.177030e-19
4.726563e+00, 1.615518e-19, 2.732530e-19
4.742188e+00, 1.040923e-19, 1.783208e-19
4.757813e+00, 6.689080e-20, 1.160858e-19
4.773438e+00, 4.287002e-20, 7.538689e-20
4.789063e+00, 2.740181e-20, 4.883739e-20
4.804688e+00, 1.746792e-20, 3.156086e-20
4.820313e+00, 1.110547e-20, 2.034628e-20
4.835938e+00, 7.041443e-21, 1.308462e-20
4.851563e+00, 4.452498e-21, 8.394153e-21
4.867188e+00, 2.807599e-21, 5.371957e-21
4.882813e+00, 1.765156e-21, 3.429478e-21
4.898438e+00, 1.106009e-21, 2.184054e-21
4.914063e+00, 6.898578e-22, 1.387517e-21
4.929688e+00, 4.270206e-22, 8.793329e-22
4.945313e+00, 2.601324e-22, 5.559146e-22
4.960938e+00, 1.522866e-22, 3.505925e-22
4.976563e+00, 7.929710e-23, 2.205652e-22
4.992188e+00, 2.455280e-23, 1.384239e-22
5.000000e+00, 3.365582e-42, 1.095597e-22


#At time: 5.000976e+01, nsteps= 410


0.000000e+00, 1.003731e-20, 4.380768e-09
7.812500e-03, 8.760541e-10, 4.861924e-09
2.343750e-02, 2.664505e-09, 5.981276e-09
3.906250e-02, 4.559791e-09, 7.346370e-09
5.468750e-02, 6.635261e-09, 9.008343e-09
7.031250e-02, 8.970112e-09, 1.102834e-08
8.593750e-02, 1.165186e-08, 1.347935e-08
1.015625e-01, 1.477898e-08, 1.644829e-08
1.171875e-01, 1.846386e-08, 2.003853e-08
1.328125e-01, 2.283602e-08, 2.437273e-08
1.484375e-01, 2.804578e-08, 2.959619e-08
1.640625e-01, 3.426832e-08, 3.588067e-08
1.796875e-01, 4.170840e-08, 4.342887e-08
1.953125e-01, 5.060556e-08, 5.247951e-08
2.109375e-01, 6.124021e-08, 6.331320e-08
2.265625e-01, 7.394041e-08, 7.625915e-08
2.421875e-01, 8.908966e-08, 9.170287e-08
2.578125e-01, 1.071357e-07, 1.100949e-07
2.734375e-01, 1.286007e-07, 1.319607e-07
2.890625e-01, 1.540922e-07, 1.579120e-07
3.046875e-01, 1.843164e-07, 1.886596e-07
3.203125e-01, 2.200922e-07, 2.250278e-07
3.359375e-01, 2.623679e-07, 2.679702e-07
3.515625e-01, 3.122390e-07, 3.185884e-07
3.671875e-01, 3.709688e-07, 3.781524e-07
3.828125e-01, 4.400113e-07, 4.481226e-07
3.984375e-01, 5.210365e-07, 5.301761e-07
4.140625e-01, 6.159587e-07, 6.262340e-07
4.296875e-01, 7.269673e-07, 7.384930e-07
4.453125e-01, 8.565619e-07, 8.694594e-07
4.609375e-01, 1.007590e-06, 1.021987e-06
4.765625e-01, 1.183287e-06, 1.199320e-06
4.921875e-01, 1.387326e-06, 1.405134e-06
5.078125e-01, 1.623861e-06, 1.643590e-06
5.234375e-01, 1.897588e-06, 1.919387e-06
5.390625e-01, 2.213796e-06, 2.237819e-06
5.546875e-01, 2.578435e-06, 2.604837e-06
5.703125e-01, 2.998183e-06, 3.027118e-06
5.859375e-01, 3.480515e-06, 3.512137e-06
6.015625e-01, 4.033784e-06, 4.068242e-06
6.171875e-01, 4.667300e-06, 4.704736e-06
6.328125e-01, 5.391418e-06, 5.431966e-06
6.484375e-01, 6.217628e-06, 6.261408e-06
6.640625e-01, 7.158649e-06, 7.205767e-06
6.796875e-01, 8.228530e-06, 8.279073e-06
6.953125e-01, 9.442750e-06, 9.496780e-06
7.109375e-01, 1.081832e-05, 1.087588e-05
7.265625e-01, 1.237391e-05, 1.243499e-05
7.421875e-01, 1.412992e-05, 1.419449e-05
7.578125e-01, 1.610862e-05, 1.617661e-05
7.734375e-01, 1.833425e-05, 1.840553e-05
7.890625e-01, 2.083311e-05, 2.090751e-05
8.046875e-01, 2.363369e-05, 2.371099e-05
8.203125e-01, 2.676676e-05, 2.684666e-05
8.359375e-01, 3.026543e-05, 3.034757e-05
8.515625e-01, 3.416529e-05, 3.424924e-05
8.671875e-01, 3.850441e-05, 3.858969e-05
8.828125e-01, 4.332348e-05, 4.340949e-05
8.984375e-01, 4.866579e-05, 4.875189e-05
9.140625e-01, 5.457731e-05, 5.466274e-05
9.296875e-01, 6.110664e-05, 6.119057e-05
9.453125e-01, 6.830505e-05, 6.838659e-05
9.609375e-01, 7.622642e-05, 7.630457e-05
9.765625e-01, 8.492719e-05, 8.500088e-05
9.921875e-01, 9.446624e-05, 9.453433e-05
1.007813e+00, 1.049048e-04, 1.049661e-04
1.023438e+00, 1.163062e-04, 1.163594e-04
1.039063e+00, 1.287360e-04, 1.287796e-04
1.054688e+00, 1.422610e-04, 1.422939e-04
1.070313e+00, 1.569501e-04, 1.569707e-04
1.085938e+00, 1.728728e-04, 1.728797e-04
1.101563e+00, 1.900998e-04, 1.900915e-04
1.117188e+00, 2.087019e-04, 2.086771e-04
1.132813e+00, 2.287501e-04, 2.287072e-04
1.148438e+00, 2.503146e-04, 2.502524e-04
1.164063e+00, 2.734648e-04, 2.733820e-04
1.179688e+00, 2.982684e-04, 2.981638e-04
1.195313e+00, 3.247907e-04, 3.246632e-04
1.210938e+00, 3.530942e-04, 3.529428e-04
1.226563e+00, 3.832379e-04, 3.830619e-04
1.242188e+00, 4.152764e-04, 4.150752e-04
1.257813e+00, 4.492594e-04, 4.490325e-04
1.273438e+00, 4.852307e-04, 4.849781e-04
1.289063e+00, 5.232277e-04, 5.229493e-04
1.304688e+00, 5.632803e-04, 5.629766e-04
1.320313e+00, 6.054106e-04, 6.050822e-04
1.335938e+00, 6.496315e-04, 6.492793e-04
1.351563e+00, 6.959465e-04, 6.955719e-04
1.367188e+00, 7.443489e-04, 7.439533e-04
1.382813e+00, 7.948208e-04, 7.944062e-04
1.398438e+00, 8.473326e-04, 8.469012e-04
1.414063e+00, 9.018427e-04, 9.013970e-04
1.429688e+00, 9.582966e-04, 9.578395e-04
1.445313e+00, 1.016627e-03, 1.016161e-03
1.460938e+00, 1.076751e-03, 1.076281e-03
1.476563e+00, 1.138576e-03, 1.138104e-03
1.492188e+00, 1.201990e-03, 1.201521e-03
1.507813e+00, 1.266872e-03, 1.266410e-03
1.523438e+00, 1.333083e-03, 1.332632e-03
1.539063e+00, 1.400473e-03, 1.400037e-03
1.554688e+00, 1.468876e-03, 1.468460e-03
1.570313e+00, 1.538113e-03, 1.537721e-03
1.585938e+00, 1.607995e-03, 1.607632e-03
1.601563e+00, 1.678318e-03, 1.677988e-03
1.617188e+00, 1.748868e-03, 1.748575e-03
1.632813e+00, 1.819420e-03, 1.819168e-03
1.648438e+00, 1.889741e-03, 1.889534e-03
1.664063e+00, 1.959589e-03, 1.959430e-03
1.679688e+00, 2.028715e-03, 2.028608e-03
1.695313e+00, 2.096866e-03, 2.096813e-03
1.710938e+00, 2.163783e-03, 2.163787e-03
1.726563e+00, 2.229207e-03, 2.229269e-03
1.742188e+00, 2.292877e-03, 2.292998e-03
1.757813e+00, 2.354533e-03, 2.354714e-03
1.773438e+00, 2.413918e-03, 2.414159e-03
1.789063e+00, 2.470779e-03, 2.471081e-03
1.804688e+00, 2.524871e-03, 2.525231e-03
1.820313e+00, 2.575955e-03, 2.576372e-03
1.835938e+00, 2.623802e-03, 2.624274e-03
1.851563e+00, 2.668197e-03, 2.668720e-03
1.867188e+00, 2.708934e-03, 2.709506e-03
1.882813e+00, 2.745826e-03, 2.746443e-03
1.898438e+00, 2.778699e-03, 2.779355e-03
1.914063e+00, 2.807398e-03, 2.808089e-03
1.929688e+00, 2.831785e-03, 2.832507e-03
1.945313e+00, 2.851745e-03, 2.852491e-03
1.960938e+00, 2.867180e-03, 2.867945e-03
1.976563e+00, 2.878017e-03, 2.878793e-03
1.992188e+00, 2.884202e-03, 2.884984e-03
2.007813e+00, 2.885706e-03, 2.886488e-03
2.023438e+00, 2.882520e-03, 2.883295e-03
2.039063e+00, 2.874661e-03, 2.875423e-03
2.054688e+00, 2.862167e-03, 2.862910e-03
2.070313e+00, 2.845098e-03, 2.845816e-03
2.085938e+00, 2.823537e-03, 2.824225e-03
2.101563e+00, 2.797588e-03, 2.798239e-03
2.117188e+00, 2.767375e-03, 2.767985e-03
2.132813e+00, 2.733040e-03, 2.733605e-03
2.148438e+00, 2.694747e-03, 2.695262e-03
2.164063e+00, 2.652674e-03, 2.653136e-03
2.179688e+00, 2.607016e-03, 2.607422e-03
2.195313e+00, 2.557981e-03, 2.558329e-03
2.210938e+00, 2.505790e-03, 2.506078e-03
2.226563e+00, 2.450675e-03, 2.450902e-03
2.242188e+00, 2.392878e-03, 2.393044e-03
2.257813e+00, 2.332648e-03, 2.332752e-03
2.273438e+00, 2.270238e-03, 2.270282e-03
2.289063e+00, 2.205907e-03, 2.205892e-03
2.304688e+00, 2.139916e-03, 2.139843e-03
2.320313e+00, 2.072524e-03, 2.072396e-03
2.335938e+00, 2.003992e-03, 2.003811e-03
2.351563e+00, 1.934576e-03, 1.934346e-03
2.367188e+00, 1.864528e-03, 1.864252e-03
2.382813e+00, 1.794094e-03, 1.793777e-03
2.398438e+00, 1.723515e-03, 1.723159e-03
2.414063e+00, 1.653019e-03, 1.652630e-03
2.429688e+00, 1.582828e-03, 1.582411e-03
2.445313e+00, 1.513153e-03, 1.512711e-03
2.460938e+00, 1.444192e-03, 1.443730e-03
2.476563e+00, 1.376131e-03, 1.375654e-03
2.492188e+00, 1.309144e-03, 1.308656e-03
2.507813e+00, 1.243392e-03, 1.242897e-03
2.523438e+00, 1.179020e-03, 1.178523e-03
2.539063e+00, 1.116161e-03, 1.115666e-03
2.554688e+00, 1.054934e-03, 1.054444e-03
2.570313e+00, 9.954415e-04, 9.949610e-04
2.585938e+00, 9.377751e-04, 9.373070e-04
2.601563e+00, 8.820108e-04, 8.815580e-04
2.617188e+00, 8.282115e-04, 8.277767e-04
2.632813e+00, 7.764270e-04, 7.760124e-04
2.648438e+00, 7.266946e-04, 7.263023e-04
2.664063e+00, 6.790396e-04, 6.786712e-04
2.679688e+00, 6.334757e-04, 6.331325e-04
2.695313e+00, 5.900060e-04, 5.896890e-04
2.710938e+00, 5.486235e-04, 5.483334e-04
2.726563e+00, 5.093119e-04, 5.090490e-04
2.742188e+00, 4.720462e-04, 4.718107e-04
2.757813e+00, 4.367937e-04, 4.365853e-04
2.773438e+00, 4.035146e-04, 4.033330e-04
2.789063e+00, 3.721629e-04, 3.720074e-04
2.804688e+00, 3.426870e-04, 3.425568e-04
2.820313e+00, 3.150307e-04, 3.149248e-04
2.835938e+00, 2.891337e-04, 2.890510e-04
2.851563e+00, 2.649323e-04, 2.648715e-04
2.867188e+00, 2.423602e-04, 2.423200e-04
2.882813e+00, 2.213492e-04, 2.213280e-04
2.898438e+00, 2.018294e-04, 2.018259e-04
2.914063e+00, 1.837304e-04, 1.837429e-04
2.929688e+00, 1.669810e-04, 1.670081e-04
2.945313e+00, 1.515105e-04, 1.515506e-04
2.960938e+00, 1.372485e-04, 1.373002e-04
2.976563e+00, 1.241258e-04, 1.241874e-04
2.992188e+00, 1.120742e-04, 1.121444e-04
3.007813e+00, 1.010271e-04, 1.011045e-04
3.023438e+00, 9.091988e-05, 9.100325e-05
3.039063e+00, 8.168993e-05, 8.177800e-05
3.054688e+00, 7.327683e-05, 7.336843e-05
3.070313e+00, 6.562255e-05, 6.571663e-05
3.085938e+00, 5.867155e-05, 5.876713e-05
3.101563e+00, 5.237089e-05, 5.246709e-05
3.117188e+00, 4.667025e-05, 4.676627e-05
3.132813e+00, 4.152196e-05, 4.161709e-05
3.148438e+00, 3.688102e-05, 3.697463e-05
3.164063e+00, 3.270508e-05, 3.279663e-05
3.179688e+00, 2.895440e-05, 2.904343e-05
3.195313e+00, 2.559179e-05, 2.567792e-05
3.210938e+00, 2.258258e-05, 2.266548e-05
3.226563e+00, 1.989449e-05, 1.997392e-05
3.242188e+00, 1.749759e-05, 1.757336e-05
3.257813e+00, 1.536419e-05, 1.543617e-05
3.273438e+00, 1.346874e-05, 1.353685e-05
3.289063e+00, 1.178772e-05, 1.185193e-05
3.304688e+00, 1.029955e-05, 1.035985e-05
3.320313e+00, 8.984458e-06, 9.040889e-06
3.335938e+00, 7.824389e-06, 7.877023e-06
3.351563e+00, 6.802896e-06, 6.851826e-06
3.367188e+00, 5.905025e-06, 5.950367e-06
3.382813e+00, 5.117219e-06, 5.159105e-06
3.398438e+00, 4.427213e-06, 4.465790e-06
3.414063e+00, 3.823937e-06, 3.859361e-06
3.429688e+00, 3.297423e-06, 3.329859e-06
3.445313e+00, 2.838717e-06, 2.868332e-06
3.460938e+00, 2.439791e-06, 2.466756e-06
3.476563e+00, 2.093467e-06, 2.117953e-06
3.492188e+00, 1.793339e-06, 1.815514e-06
3.507813e+00, 1.533703e-06, 1.553732e-06
3.523438e+00, 1.309490e-06, 1.327535e-06
3.539063e+00, 1.116208e-06, 1.132423e-06
3.554688e+00, 9.498825e-07, 9.644175e-07
3.570313e+00, 8.070048e-07, 8.200013e-07
3.585938e+00, 6.844844e-07, 6.960769e-07
3.601563e+00, 5.796047e-07, 5.899200e-07
3.617188e+00, 4.899830e-07, 4.991399e-07
3.632813e+00, 4.135334e-07, 4.216428e-07
3.648438e+00, 3.484339e-07, 3.555988e-07
3.664063e+00, 2.930961e-07, 2.994119e-07
3.679688e+00, 2.461384e-07, 2.516930e-07
3.695313e+00, 2.063612e-07, 2.112353e-07
3.710938e+00, 1.727252e-07, 1.769926e-07
3.726563e+00, 1.443319e-07, 1.480597e-07
3.742188e+00, 1.204058e-07, 1.236551e-07
3.757813e+00, 1.002792e-07, 1.031051e-07
3.773438e+00, 8.337812e-08, 8.583049e-08
3.789063e+00, 6.921036e-08, 7.133395e-08
3.804688e+00, 5.735449e-08, 5.918944e-08
3.820313e+00, 4.745051e-08, 4.903265e-08
3.835938e+00, 3.919143e-08, 4.055270e-08
3.851563e+00, 3.231601e-08, 3.348478e-08
3.867188e+00, 2.660239e-08, 2.760376e-08
3.882813e+00, 2.186247e-08, 2.271864e-08
3.898438e+00, 1.793716e-08, 1.866765e-08
3.914063e+00, 1.469207e-08, 1.531406e-08
3.929688e+00, 1.201400e-08, 1.254250e-08
3.945313e+00, 9.807687e-09, 1.025584e-08
3.960938e+00, 7.993187e-09, 8.372428e-09
3.976563e+00, 6.503502e-09, 6.823779e-09
3.992188e+00, 5.282606e-09, 5.552539e-09
4.007813e+00, 4.283734e-09, 4.510780e-09
4.023438e+00, 3.467926e-09, 3.658515e-09
4.039063e+00, 2.802784e-09, 2.962451e-09
4.054688e+00, 2.261423e-09, 2.394919e-09
4.070313e+00, 1.821571e-09, 1.932964e-09
4.085938e+00, 1.464812e-09, 1.557578e-09
4.101563e+00, 1.175950e-09, 1.253053e-09
4.117188e+00, 9.424688e-10, 1.006426e-09
4.132813e+00, 7.540768e-10, 8.070263e-10
4.148438e+00, 6.023299e-10, 6.460807e-10
4.164063e+00, 4.803116e-10, 5.163914e-10
4.179688e+00, 3.823678e-10, 4.120639e-10
4.195313e+00, 3.038846e-10, 3.282792e-10
4.210938e+00, 2.411042e-10, 2.611051e-10
4.226563e+00, 1.909718e-10, 2.073388e-10
4.242188e+00, 1.510087e-10, 1.643762e-10
4.257813e+00, 1.192071e-10, 1.301040e-10
4.273438e+00, 9.394415e-11, 1.028100e-10
4.289063e+00, 7.391017e-11, 8.110987e-11
4.304688e+00, 5.805040e-11, 6.388591e-11
4.320313e+00, 4.551686e-11, 5.023769e-11
4.335938e+00, 3.562913e-11, 3.944096e-11
4.351563e+00, 2.784219e-11, 3.091424e-11
4.367188e+00, 2.172034e-11, 2.419151e-11
4.382813e+00, 1.691587e-11, 1.889994e-11
4.398438e+00, 1.315184e-11, 1.474182e-11
4.414063e+00, 1.020803e-11, 1.147982e-11
4.429688e+00, 7.909722e-12, 8.925087e-12
4.445313e+00, 6.118476e-12, 6.927602e-12
4.460938e+00, 4.724848e-12, 5.368422e-12
4.476563e+00, 3.642458e-12, 4.153398e-12
4.492188e+00, 2.803258e-12, 3.208143e-12
4.507813e+00, 2.153737e-12, 2.473986e-12
4.523438e+00, 1.651898e-12, 1.904732e-12
4.539063e+00, 1.264836e-12, 1.464076e-12
4.554688e+00, 9.668194e-13, 1.123535e-12
4.570313e+00, 7.377614e-13, 8.608017e-13
4.585938e+00, 5.620121e-13, 6.584346e-13
4.601563e+00, 4.273996e-13, 5.028234e-13
4.617188e+00, 3.244747e-13, 3.833641e-13
4.632813e+00, 2.459152e-13, 2.918104e-13
4.648438e+00, 1.860575e-13, 2.217600e-13
4.664063e+00, 1.405289e-13, 1.682515e-13
4.679688e+00, 1.059597e-13, 1.274465e-13
4.695313e+00, 7.975741e-14, 9.638071e-14
4.710938e+00, 5.993167e-14, 7.276885e-14
4.726563e+00, 4.495681e-14, 5.485222e-14
4.742188e+00, 3.366562e-14, 4.127966e-14
4.757813e+00, 2.516674e-14, 3.101496e-14
4.773438e+00, 1.878071e-14, 2.326481e-14
4.789063e+00, 1.399048e-14, 1.742293e-14
4.804688e+00, 1.040335e-14, 1.302675e-14
4.820313e+00, 7.721529e-15, 9.723979e-15
4.835938e+00, 5.719614e-15, 7.246783e-15
4.851563e+00, 4.227237e-15, 5.391875e-15
4.867188e+00, 3.115807e-15, 4.005231e-15
4.882813e+00, 2.288352e-15, 2.970356e-15
4.898438e+00, 1.671757e-15, 2.199291e-15
4.914063e+00, 1.210835e-15, 1.625737e-15
4.929688e+00, 8.637761e-16, 1.199806e-15
4.945313e+00, 5.986641e-16, 8.840255e-16
4.960938e+00, 3.907643e-16, 6.502972e-16
4.976563e+00, 2.203957e-16, 4.775868e-16
4.992188e+00, 7.120905e-17, 3.501756e-16
5.000000e+00, 3.192147e-42, 2.996661e-16


#At time: 7.501464e+01, nsteps= 615


0.000000e+00, 7.862683e-21, 1.054300e-07
7.812500e-03, 1.620398e-08, 1.140117e-07
2.343750e-02, 4.898885e-08, 1.332056e-07
3.906250e-02, 8.284774e-08, 1.554409e-07
5.468750e-02, 1.184830e-07, 1.811667e-07
7.031250e-02, 1.566259e-07, 2.108925e-07
8.593750e-02, 1.980473e-07, 2.451962e-07
1.015625e-01, 2.435693e-07, 2.847321e-07
1.171875e-01, 2.940773e-07, 3.302395e-07
1.328125e-01, 3.505324e-07, 3.825530e-07
1.484375e-01, 4.139844e-07, 4.426129e-07
1.640625e-01, 4.855859e-07, 5.114774e-07
1.796875e-01, 5.666071e-07, 5.903353e-07
1.953125e-01, 6.584516e-07, 6.805202e-07
2.109375e-01, 7.626732e-07, 7.835257e-07
2.265625e-01, 8.809935e-07, 9.010219e-07
2.421875e-01, 1.015322e-06, 1.034874e-06
2.578125e-01, 1.167774e-06, 1.187160e-06
2.734375e-01, 1.340697e-06, 1.360195e-06
2.890625e-01, 1.536691e-06, 1.556550e-06
3.046875e-01, 1.758630e-06, 1.779078e-06
3.203125e-01, 2.009697e-06, 2.030938e-06
3.359375e-01, 2.293404e-06, 2.315626e-06
3.515625e-01, 2.613626e-06, 2.636999e-06
3.671875e-01, 2.974630e-06, 2.999311e-06
3.828125e-01, 3.381109e-06, 3.407241e-06
3.984375e-01, 3.838219e-06, 3.865933e-06
4.140625e-01, 4.351610e-06, 4.381024e-06
4.296875e-01, 4.927470e-06, 4.958689e-06
4.453125e-01, 5.572559e-06, 5.605677e-06
4.609375e-01, 6.294253e-06, 6.329351e-06
4.765625e-01, 7.100588e-06, 7.137732e-06
4.921875e-01, 8.000299e-06, 8.039540e-06
5.078125e-01, 9.002865e-06, 9.044241e-06
5.234375e-01, 1.011856e-05, 1.016209e-05
5.390625e-01, 1.135849e-05, 1.140417e-05
5.546875e-01, 1.273465e-05, 1.278246e-05
5.703125e-01, 1.425995e-05, 1.430985e-05
5.859375e-01, 1.594828e-05, 1.600021e-05
6.015625e-01, 1.781456e-05, 1.786842e-05
6.171875e-01, 1.987476e-05, 1.993043e-05
6.328125e-01, 2.214594e-05, 2.220328e-05
6.484375e-01, 2.464632e-05, 2.470514e-05
6.640625e-01, 2.739529e-05, 2.745539e-05
6.796875e-01, 3.041346e-05, 3.047459e-05
6.953125e-01, 3.372267e-05, 3.378453e-05
7.109375e-01, 3.734601e-05, 3.740830e-05
7.265625e-01, 4.130788e-05, 4.137023e-05
7.421875e-01, 4.563395e-05, 4.569597e-05
7.578125e-01, 5.035119e-05, 5.041244e-05
7.734375e-01, 5.548788e-05, 5.554788e-05
7.890625e-01, 6.107357e-05, 6.113180e-05
8.046875e-01, 6.713907e-05, 6.719498e-05
8.203125e-01, 7.371642e-05, 7.376943e-05
8.359375e-01, 8.083887e-05, 8.088834e-05
8.515625e-01, 8.854079e-05, 8.858606e-05
8.671875e-01, 9.685761e-05, 9.689799e-05
8.828125e-01, 1.058258e-04, 1.058605e-04
8.984375e-01, 1.154826e-04, 1.155110e-04
9.140625e-01, 1.258662e-04, 1.258875e-04
9.296875e-01, 1.370153e-04, 1.370287e-04
9.453125e-01, 1.489694e-04, 1.489741e-04
9.609375e-01, 1.617679e-04, 1.617632e-04
9.765625e-01, 1.754510e-04, 1.754359e-04
9.921875e-01, 1.900583e-04, 1.900323e-04
1.007813e+00, 2.056298e-04, 2.055920e-04
1.023438e+00, 2.222047e-04, 2.221544e-04
1.039063e+00, 2.398218e-04, 2.397582e-04
1.054688e+00, 2.585188e-04, 2.584414e-04
1.070313e+00, 2.783324e-04, 2.782406e-04
1.085938e+00, 2.992981e-04, 2.991913e-04
1.101563e+00, 3.214493e-04, 3.213271e-04
1.117188e+00, 3.448176e-04, 3.446797e-04
1.132813e+00, 3.694323e-04, 3.692784e-04
1.148438e+00, 3.953202e-04, 3.951501e-04
1.164063e+00, 4.225049e-04, 4.223186e-04
1.179688e+00, 4.510070e-04, 4.508045e-04
1.195313e+00, 4.808433e-04, 4.806248e-04
1.210938e+00, 5.120268e-04, 5.117927e-04
1.226563e+00, 5.445663e-04, 5.443170e-04
1.242188e+00, 5.784660e-04, 5.782021e-04
1.257813e+00, 6.137252e-04, 6.134475e-04
1.273438e+00, 6.503380e-04, 6.500474e-04
1.289063e+00, 6.882931e-04, 6.879907e-04
1.304688e+00, 7.275736e-04, 7.272606e-04
1.320313e+00, 7.681565e-04, 7.678343e-04
1.335938e+00, 8.100127e-04, 8.096827e-04
1.351563e+00, 8.531065e-04, 8.527705e-04
1.367188e+00, 8.973960e-04, 8.970557e-04
1.382813e+00, 9.428322e-04, 9.424896e-04
1.398438e+00, 9.893597e-04, 9.890168e-04
1.414063e+00, 1.036916e-03, 1.036575e-03
1.429688e+00, 1.085432e-03, 1.085095e-03
1.445313e+00, 1.134831e-03, 1.134500e-03
1.460938e+00, 1.185030e-03, 1.184708e-03
1.476563e+00, 1.235940e-03, 1.235629e-03
1.492188e+00, 1.287464e-03, 1.287167e-03
1.507813e+00, 1.339500e-03, 1.339219e-03
1.523438e+00, 1.391939e-03, 1.391676e-03
1.539063e+00, 1.444666e-03, 1.444423e-03
1.554688e+00, 1.497561e-03, 1.497342e-03
1.570313e+00, 1.550499e-03, 1.550305e-03
1.585938e+00, 1.603351e-03, 1.603185e-03
1.601563e+00, 1.655983e-03, 1.655845e-03
1.617188e+00, 1.708256e-03, 1.708150e-03
1.632813e+00, 1.760030e-03, 1.759957e-03
1.648438e+00, 1.811162e-03, 1.811124e-03
1.664063e+00, 1.861508e-03, 1.861504e-03
1.679688e+00, 1.910920e-03, 1.910953e-03
1.695313e+00, 1.959251e-03, 1.959322e-03
1.710938e+00, 2.006356e-03, 2.006465e-03
1.726563e+00, 2.052089e-03, 2.052235e-03
1.742188e+00, 2.096306e-03, 2.096490e-03
1.757813e+00, 2.138865e-03, 2.139087e-03
1.773438e+00, 2.179627e-03, 2.179886e-03
1.789063e+00, 2.218459e-03, 2.218755e-03
1.804688e+00, 2.255231e-03, 2.255561e-03
1.820313e+00, 2.289817e-03, 2.290182e-03
1.835938e+00, 2.322101e-03, 2.322497e-03
1.851563e+00, 2.351969e-03, 2.352395e-03
1.867188e+00, 2.379319e-03, 2.379772e-03
1.882813e+00, 2.404052e-03, 2.404531e-03
1.898438e+00, 2.426083e-03, 2.426584e-03
1.914063e+00, 2.445331e-03, 2.445852e-03
1.929688e+00, 2.461729e-03, 2.462266e-03
1.945313e+00, 2.475216e-03, 2.475767e-03
1.960938e+00, 2.485744e-03, 2.486305e-03
1.976563e+00, 2.493275e-03, 2.493843e-03
1.992188e+00, 2.497780e-03, 2.498352e-03
2.007813e+00, 2.499245e-03, 2.499816e-03
2.023438e+00, 2.497663e-03, 2.498231e-03
2.039063e+00, 2.493040e-03, 2.493601e-03
2.054688e+00, 2.485393e-03, 2.485943e-03
2.070313e+00, 2.474749e-03, 2.475286e-03
2.085938e+00, 2.461149e-03, 2.461668e-03
2.101563e+00, 2.444640e-03, 2.445139e-03
2.117188e+00, 2.425282e-03, 2.425759e-03
2.132813e+00, 2.403145e-03, 2.403597e-03
2.148438e+00, 2.378309e-03, 2.378732e-03
2.164063e+00, 2.350860e-03, 2.351252e-03
2.179688e+00, 2.320896e-03, 2.321256e-03
2.195313e+00, 2.288521e-03, 2.288847e-03
2.210938e+00, 2.253847e-03, 2.254137e-03
2.226563e+00, 2.216993e-03, 2.217246e-03
2.242188e+00, 2.178083e-03, 2.178298e-03
2.257813e+00, 2.137247e-03, 2.137424e-03
2.273438e+00, 2.094621e-03, 2.094759e-03
2.289063e+00, 2.050342e-03, 2.050441e-03
2.304688e+00, 2.004553e-03, 2.004613e-03
2.320313e+00, 1.957396e-03, 1.957418e-03
2.335938e+00, 1.909019e-03, 1.909004e-03
2.351563e+00, 1.859567e-03, 1.859515e-03
2.367188e+00, 1.809188e-03, 1.809101e-03
2.382813e+00, 1.758026e-03, 1.757906e-03
2.398438e+00, 1.706229e-03, 1.706076e-03
2.414063e+00, 1.653938e-03, 1.653755e-03
2.429688e+00, 1.601294e-03, 1.601083e-03
2.445313e+00, 1.548435e-03, 1.548198e-03
2.460938e+00, 1.495494e-03, 1.495233e-03
2.476563e+00, 1.442602e-03, 1.442319e-03
2.492188e+00, 1.389882e-03, 1.389581e-03
2.507813e+00, 1.337455e-03, 1.337138e-03
2.523438e+00, 1.285436e-03, 1.285104e-03
2.539063e+00, 1.233932e-03, 1.233589e-03
2.554688e+00, 1.183047e-03, 1.182695e-03
2.570313e+00, 1.132876e-03, 1.132517e-03
2.585938e+00, 1.083508e-03, 1.083146e-03
2.601563e+00, 1.035027e-03, 1.034663e-03
2.617188e+00, 9.875082e-04, 9.871442e-04
2.632813e+00, 9.410208e-04, 9.406594e-04
2.648438e+00, 8.956270e-04, 8.952702e-04
2.664063e+00, 8.513821e-04, 8.510319e-04
2.679688e+00, 8.083347e-04, 8.079927e-04
2.695313e+00, 7.665265e-04, 7.661944e-04
2.710938e+00, 7.259929e-04, 7.256721e-04
2.726563e+00, 6.867628e-04, 6.864546e-04
2.742188e+00, 6.488589e-04, 6.485645e-04
2.757813e+00, 6.122981e-04, 6.120183e-04
2.773438e+00, 5.770913e-04, 5.768270e-04
2.789063e+00, 5.432442e-04, 5.429961e-04
2.804688e+00, 5.107573e-04, 5.105259e-04
2.820313e+00, 4.796261e-04, 4.794119e-04
2.835938e+00, 4.498419e-04, 4.496449e-04
2.851563e+00, 4.213915e-04, 4.212118e-04
2.867188e+00, 3.942577e-04, 3.940954e-04
2.882813e+00, 3.684200e-04, 3.682749e-04
2.898438e+00, 3.438545e-04, 3.437263e-04
2.914063e+00, 3.205345e-04, 3.204228e-04
2.929688e+00, 2.984304e-04, 2.983348e-04
2.945313e+00, 2.775107e-04, 2.774306e-04
2.960938e+00, 2.577417e-04, 2.576765e-04
2.976563e+00, 2.390880e-04, 2.390370e-04
2.992188e+00, 2.215129e-04, 2.214753e-04
3.007813e+00, 2.049784e-04, 2.049536e-04
3.023438e+00, 1.894459e-04, 1.894330e-04
3.039063e+00, 1.748760e-04, 1.748742e-04
3.054688e+00, 1.612290e-04, 1.612374e-04
3.070313e+00, 1.484648e-04, 1.484826e-04
3.085938e+00, 1.365437e-04, 1.365700e-04
3.101563e+00, 1.254259e-04, 1.254600e-04
3.117188e+00, 1.150722e-04, 1.151132e-04
3.132813e+00, 1.054437e-04, 1.054908e-04
3.148438e+00, 9.650249e-05, 9.655488e-05
3.164063e+00, 8.821115e-05, 8.826809e-05
3.179688e+00, 8.053331e-05, 8.059409e-05
3.195313e+00, 7.343357e-05, 7.349750e-05
3.210938e+00, 6.687759e-05, 6.694404e-05
3.226563e+00, 6.083219e-05, 6.090054e-05
3.242188e+00, 5.526537e-05, 5.533505e-05
3.257813e+00, 5.014634e-05, 5.021685e-05
3.273438e+00, 4.544562e-05, 4.551646e-05
3.289063e+00, 4.113498e-05, 4.120572e-05
3.304688e+00, 3.718749e-05, 3.725773e-05
3.320313e+00, 3.357753e-05, 3.364691e-05
3.335938e+00, 3.028076e-05, 3.034897e-05
3.351563e+00, 2.727413e-05, 2.734090e-05
3.367188e+00, 2.453584e-05, 2.460092e-05
3.382813e+00, 2.204534e-05, 2.210854e-05
3.398438e+00, 1.978328e-05, 1.984442e-05
3.414063e+00, 1.773151e-05, 1.779045e-05
3.429688e+00, 1.587298e-05, 1.592962e-05
3.445313e+00, 1.419177e-05, 1.424602e-05
3.460938e+00, 1.267302e-05, 1.272483e-05
3.476563e+00, 1.130287e-05, 1.135220e-05
3.492188e+00, 1.006845e-05, 1.011529e-05
3.507813e+00, 8.957800e-06, 9.002149e-06
3.523438e+00, 7.959852e-06, 8.001736e-06
3.539063e+00, 7.064368e-06, 7.103823e-06
3.554688e+00, 6.261903e-06, 6.298976e-06
3.570313e+00, 5.543752e-06, 5.578504e-06
3.585938e+00, 4.901913e-06, 4.934412e-06
3.601563e+00, 4.329041e-06, 4.359363e-06
3.617188e+00, 3.818405e-06, 3.846632e-06
3.632813e+00, 3.363847e-06, 3.390066e-06
3.648438e+00, 2.959746e-06, 2.984047e-06
3.664063e+00, 2.600976e-06, 2.623451e-06
3.679688e+00, 2.282873e-06, 2.303617e-06
3.695313e+00, 2.001202e-06, 2.020308e-06
3.710938e+00, 1.752118e-06, 1.769680e-06
3.726563e+00, 1.532142e-06, 1.548253e-06
3.742188e+00, 1.338128e-06, 1.352879e-06
3.757813e+00, 1.167238e-06, 1.180717e-06
3.773438e+00, 1.016913e-06, 1.029207e-06
3.789063e+00, 8.848531e-07, 8.960445e-07
3.804688e+00, 7.689906e-07, 7.791594e-07
3.820313e+00, 6.674723e-07, 6.766951e-07
3.835938e+00, 5.786391e-07, 5.869886e-07
3.851563e+00, 5.010078e-07, 5.085530e-07
3.867188e+00, 4.332546e-07, 4.400609e-07
3.882813e+00, 3.741999e-07, 3.803288e-07
3.898438e+00, 3.227944e-07, 3.283035e-07
3.914063e+00, 2.781056e-07, 2.830492e-07
3.929688e+00, 2.393067e-07, 2.437351e-07
3.945313e+00, 2.056655e-07, 2.096256e-07
3.960938e+00, 1.765343e-07, 1.800696e-07
3.976563e+00, 1.513413e-07, 1.544921e-07
3.992188e+00, 1.295827e-07, 1.323861e-07
4.007813e+00, 1.108146e-07, 1.133048e-07
4.023438e+00, 9.464713e-08, 9.685546e-08
4.039063e+00, 8.073806e-08, 8.269321e-08
4.054688e+00, 6.878747e-08, 7.051566e-08
4.070313e+00, 5.853295e-08, 6.005805e-08
4.085938e+00, 4.974522e-08, 5.108893e-08
4.101563e+00, 4.222425e-08, 4.340625e-08
4.117188e+00, 3.579580e-08, 3.683390e-08
4.132813e+00, 3.030830e-08, 3.121857e-08
4.148438e+00, 2.563010e-08, 2.642703e-08
4.164063e+00, 2.164702e-08, 2.234362e-08
4.179688e+00, 1.826017e-08, 1.886813e-08
4.195313e+00, 1.538403e-08, 1.591380e-08
4.210938e+00, 1.294476e-08, 1.340568e-08
4.226563e+00, 1.087868e-08, 1.127908e-08
4.242188e+00, 9.130964e-09, 9.478262e-09
4.257813e+00, 7.654469e-09, 7.955245e-09
4.273438e+00, 6.408720e-09, 6.668810e-09
4.289063e+00, 5.359018e-09, 5.583583e-09
4.304688e+00, 4.475655e-09, 4.669255e-09
4.320313e+00, 3.733234e-09, 3.899889e-09
4.335938e+00, 3.110076e-09, 3.253319e-09
4.351563e+00, 2.587699e-09, 2.710635e-09
4.367188e+00, 2.150370e-09, 2.255721e-09
4.382813e+00, 1.784716e-09, 1.874864e-09
4.398438e+00, 1.479386e-09, 1.556410e-09
4.414063e+00, 1.224757e-09, 1.290471e-09
4.429688e+00, 1.012685e-09, 1.068667e-09
4.445313e+00, 8.362861e-10, 8.839063e-10
4.460938e+00, 6.897486e-10, 7.301973e-10
4.476563e+00, 5.681750e-10, 6.024820e-10
4.492188e+00, 4.674430e-10, 4.964985e-10
4.507813e+00, 3.840876e-10, 4.086596e-10
4.523438e+00, 3.152003e-10, 3.359506e-10
4.539063e+00, 2.583435e-10, 2.758411e-10
4.554688e+00, 2.114768e-10, 2.262104e-10
4.570313e+00, 1.728949e-10, 1.852832e-10
4.585938e+00, 1.411742e-10, 1.515757e-10
4.601563e+00, 1.151282e-10, 1.238491e-10
4.617188e+00, 9.376949e-11, 1.010709e-10
4.632813e+00, 7.627703e-11, 8.238142e-11
4.648438e+00, 6.196947e-11, 6.706601e-11
4.664063e+00, 5.028200e-11, 5.453126e-11
4.679688e+00, 4.074707e-11, 4.428519e-11
4.695313e+00, 3.297819e-11, 3.592043e-11
4.710938e+00, 2.665633e-11, 2.910009e-11
4.726563e+00, 2.151843e-11, 2.354600e-11
4.742188e+00, 1.734796e-11, 1.902874e-11
4.757813e+00, 1.396686e-11, 1.535934e-11
4.773438e+00, 1.122890e-11, 1.238241e-11
4.789063e+00, 9.014151e-12, 9.970290e-12
4.804688e+00, 7.224362e-12, 8.018263e-12
4.820313e+00, 5.779104e-12, 6.440546e-12
4.835938e+00, 4.612595e-12, 5.166959e-12
4.851563e+00, 3.671050e-12, 4.140162e-12
4.867188e+00, 2.910484e-12, 3.313367e-12
4.882813e+00, 2.294894e-12, 2.648449e-12
4.898438e+00, 1.794740e-12, 2.114383e-12
4.914063e+00, 1.385681e-12, 1.685954e-12
4.929688e+00, 1.047524e-12, 1.342696e-12
4.945313e+00, 7.633282e-13, 1.068020e-12
4.960938e+00, 5.186467e-13, 8.484991e-13
4.976563e+00, 3.008677e-13, 6.732760e-13
4.992188e+00, 9.863042e-14, 5.335865e-13
5.000000e+00, 3.210932e-42, 4.748013e-13


#At time: 1.000195e+02, nsteps= 820


0.000000e+00, 6.360418e-21, 6.931158e-07
7.812500e-03, 8.597751e-08, 7.379513e-07
2.343750e-02, 2.592296e-07, 8.358983e-07
3.906250e-02, 4.360505e-07, 9.459215e-07
5.468750e-02, 6.186791e-07, 1.069382e-06
7.031250e-02, 8.094072e-07, 1.207776e-06
8.593750e-02, 1.010598e-06, 1.362749e-06
1.015625e-01, 1.224705e-06, 1.536107e-06
1.171875e-01, 1.454292e-06, 1.729827e-06
1.328125e-01, 1.702051e-06, 1.946078e-06
1.484375e-01, 1.970823e-06, 2.187225e-06
1.640625e-01, 2.263620e-06, 2.455855e-06
1.796875e-01, 2.583643e-06, 2.754787e-06
1.953125e-01, 2.934304e-06, 3.087089e-06
2.109375e-01, 3.319248e-06, 3.456100e-06
2.265625e-01, 3.742376e-06, 3.865444e-06
2.421875e-01, 4.207864e-06, 4.319052e-06
2.578125e-01, 4.720192e-06, 4.821181e-06
2.734375e-01, 5.284160e-06, 5.376435e-06
2.890625e-01, 5.904919e-06, 5.989786e-06
3.046875e-01, 6.587988e-06, 6.666596e-06
3.203125e-01, 7.339286e-06, 7.412640e-06
3.359375e-01, 8.165150e-06, 8.234129e-06
3.515625e-01, 9.072364e-06, 9.137730e-06
3.671875e-01, 1.006818e-05, 1.013060e-05
3.828125e-01, 1.116035e-05, 1.122038e-05
3.984375e-01, 1.235714e-05, 1.241527e-05
4.140625e-01, 1.366737e-05, 1.372400e-05
4.296875e-01, 1.510041e-05, 1.515588e-05
4.453125e-01, 1.666624e-05, 1.672082e-05
4.609375e-01, 1.837544e-05, 1.842934e-05
4.765625e-01, 2.023923e-05, 2.029262e-05
4.921875e-01, 2.226950e-05, 2.232247e-05
5.078125e-01, 2.447879e-05, 2.453141e-05
5.234375e-01, 2.688034e-05, 2.693263e-05
5.390625e-01, 2.948809e-05, 2.954002e-05
5.546875e-01, 3.231672e-05, 3.236822e-05
5.703125e-01, 3.538161e-05, 3.543258e-05
5.859375e-01, 3.869890e-05, 3.874920e-05
6.015625e-01, 4.228545e-05, 4.233491e-05
6.171875e-01, 4.615888e-05, 4.620729e-05
6.328125e-01, 5.033753e-05, 5.038466e-05
6.484375e-01, 5.484049e-05, 5.488606e-05
6.640625e-01, 5.968755e-05, 5.973127e-05
6.796875e-01, 6.489921e-05, 6.494077e-05
6.953125e-01, 7.049667e-05, 7.053571e-05
7.109375e-01, 7.650175e-05, 7.653791e-05
7.265625e-01, 8.293693e-05, 8.296981e-05
7.421875e-01, 8.982525e-05, 8.985444e-05
7.578125e-01, 9.719030e-05, 9.721537e-05
7.734375e-01, 1.050562e-04, 1.050767e-04
7.890625e-01, 1.134473e-04, 1.134628e-04
8.046875e-01, 1.223887e-04, 1.223987e-04
8.203125e-01, 1.319054e-04, 1.319095e-04
8.359375e-01, 1.420229e-04, 1.420206e-04
8.515625e-01, 1.527666e-04, 1.527574e-04
8.671875e-01, 1.641622e-04, 1.641457e-04
8.828125e-01, 1.762351e-04, 1.762108e-04
8.984375e-01, 1.890107e-04, 1.889781e-04
9.140625e-01, 2.025139e-04, 2.024726e-04
9.296875e-01, 2.167695e-04, 2.167191e-04
9.453125e-01, 2.318015e-04, 2.317416e-04
9.609375e-01, 2.476333e-04, 2.475636e-04
9.765625e-01, 2.642875e-04, 2.642077e-04
9.921875e-01, 2.817859e-04, 2.816956e-04
1.007813e+00, 3.001489e-04, 3.000480e-04
1.023438e+00, 3.193958e-04, 3.192841e-04
1.039063e+00, 3.395446e-04, 3.394218e-04
1.054688e+00, 3.606113e-04, 3.604776e-04
1.070313e+00, 3.826106e-04, 3.824658e-04
1.085938e+00, 4.055551e-04, 4.053993e-04
1.101563e+00, 4.294552e-04, 4.292886e-04
1.117188e+00, 4.543192e-04, 4.541419e-04
1.132813e+00, 4.801529e-04, 4.799653e-04
1.148438e+00, 5.069596e-04, 5.067619e-04
1.164063e+00, 5.347397e-04, 5.345325e-04
1.179688e+00, 5.634909e-04, 5.632746e-04
1.195313e+00, 5.932076e-04, 5.929829e-04
1.210938e+00, 6.238814e-04, 6.236489e-04
1.226563e+00, 6.555001e-04, 6.552606e-04
1.242188e+00, 6.880484e-04, 6.878028e-04
1.257813e+00, 7.215074e-04, 7.212565e-04
1.273438e+00, 7.558543e-04, 7.555993e-04
1.289063e+00, 7.910629e-04, 7.908047e-04
1.304688e+00, 8.271029e-04, 8.268428e-04
1.320313e+00, 8.639403e-04, 8.636794e-04
1.335938e+00, 9.015370e-04, 9.012767e-04
1.351563e+00, 9.398513e-04, 9.395927e-04
1.367188e+00, 9.788371e-04, 9.785818e-04
1.382813e+00, 1.018445e-03, 1.018194e-03
1.398438e+00, 1.058620e-03, 1.058376e-03
1.414063e+00, 1.099307e-03, 1.099070e-03
1.429688e+00, 1.140442e-03, 1.140214e-03
1.445313e+00, 1.181962e-03, 1.181745e-03
1.460938e+00, 1.223798e-03, 1.223593e-03
1.476563e+00, 1.265878e-03, 1.265686e-03
1.492188e+00, 1.308127e-03, 1.307950e-03
1.507813e+00, 1.350467e-03, 1.350306e-03
1.523438e+00, 1.392816e-03, 1.392673e-03
1.539063e+00, 1.435092e-03, 1.434968e-03
1.554688e+00, 1.477208e-03, 1.477104e-03
1.570313e+00, 1.519076e-03, 1.518993e-03
1.585938e+00, 1.560607e-03, 1.560546e-03
1.601563e+00, 1.601709e-03, 1.601671e-03
1.617188e+00, 1.642290e-03, 1.642275e-03
1.632813e+00, 1.682255e-03, 1.682266e-03
1.648438e+00, 1.721513e-03, 1.721548e-03
1.664063e+00, 1.759968e-03, 1.760029e-03
1.679688e+00, 1.797526e-03, 1.797613e-03
1.695313e+00, 1.834096e-03, 1.834208e-03
1.710938e+00, 1.869583e-03, 1.869722e-03
1.726563e+00, 1.903899e-03, 1.904063e-03
1.742188e+00, 1.936953e-03, 1.937143e-03
1.757813e+00, 1.968659e-03, 1.968874e-03
1.773438e+00, 1.998933e-03, 1.999172e-03
1.789063e+00, 2.027692e-03, 2.027955e-03
1.804688e+00, 2.054859e-03, 2.055144e-03
1.820313e+00, 2.080359e-03, 2.080666e-03
1.835938e+00, 2.104122e-03, 2.104449e-03
1.851563e+00, 2.126080e-03, 2.126426e-03
1.867188e+00, 2.146173e-03, 2.146536e-03
1.882813e+00, 2.164343e-03, 2.164721e-03
1.898438e+00, 2.180537e-03, 2.180930e-03
1.914063e+00, 2.194711e-03, 2.195116e-03
1.929688e+00, 2.206823e-03, 2.207238e-03
1.945313e+00, 2.216838e-03, 2.217261e-03
1.960938e+00, 2.224726e-03, 2.225156e-03
1.976563e+00, 2.230465e-03, 2.230899e-03
1.992188e+00, 2.234039e-03, 2.234475e-03
2.007813e+00, 2.235436e-03, 2.235872e-03
2.023438e+00, 2.234652e-03, 2.235086e-03
2.039063e+00, 2.231691e-03, 2.232121e-03
2.054688e+00, 2.226560e-03, 2.226983e-03
2.070313e+00, 2.219274e-03, 2.219689e-03
2.085938e+00, 2.209855e-03, 2.210260e-03
2.101563e+00, 2.198331e-03, 2.198723e-03
2.117188e+00, 2.184733e-03, 2.185112e-03
2.132813e+00, 2.169103e-03, 2.169465e-03
2.148438e+00, 2.151484e-03, 2.151829e-03
2.164063e+00, 2.131927e-03, 2.132253e-03
2.179688e+00, 2.110487e-03, 2.110793e-03
2.195313e+00, 2.087226e-03, 2.087509e-03
2.210938e+00, 2.062207e-03, 2.062468e-03
2.226563e+00, 2.035502e-03, 2.035738e-03
2.242188e+00, 2.007182e-03, 2.007394e-03
2.257813e+00, 1.977326e-03, 1.977513e-03
2.273438e+00, 1.946015e-03, 1.946175e-03
2.289063e+00, 1.913331e-03, 1.913465e-03
2.304688e+00, 1.879361e-03, 1.879468e-03
2.320313e+00, 1.844193e-03, 1.844274e-03
2.335938e+00, 1.807918e-03, 1.807973e-03
2.351563e+00, 1.770628e-03, 1.770656e-03
2.367188e+00, 1.732415e-03, 1.732417e-03
2.382813e+00, 1.693373e-03, 1.693350e-03
2.398438e+00, 1.653596e-03, 1.653549e-03
2.414063e+00, 1.613178e-03, 1.613107e-03
2.429688e+00, 1.572213e-03, 1.572118e-03
2.445313e+00, 1.530792e-03, 1.530676e-03
2.460938e+00, 1.489009e-03, 1.488872e-03
2.476563e+00, 1.446952e-03, 1.446796e-03
2.492188e+00, 1.404712e-03, 1.404537e-03
2.507813e+00, 1.362373e-03, 1.362182e-03
2.523438e+00, 1.320022e-03, 1.319814e-03
2.539063e+00, 1.277738e-03, 1.277517e-03
2.554688e+00, 1.235602e-03, 1.235368e-03
2.570313e+00, 1.193688e-03, 1.193444e-03
2.585938e+00, 1.152071e-03, 1.151817e-03
2.601563e+00, 1.110820e-03, 1.110558e-03
2.617188e+00, 1.070000e-03, 1.069731e-03
2.632813e+00, 1.029673e-03, 1.029400e-03
2.648438e+00, 9.898992e-04, 9.896225e-04
2.664063e+00, 9.507322e-04, 9.504536e-04
2.679688e+00, 9.122233e-04, 9.119441e-04
2.695313e+00, 8.744194e-04, 8.741410e-04
2.710938e+00, 8.373635e-04, 8.370872e-04
2.726563e+00, 8.010948e-04, 8.008218e-04
2.742188e+00, 7.656483e-04, 7.653798e-04
2.757813e+00, 7.310555e-04, 7.307925e-04
2.773438e+00, 6.973436e-04, 6.970872e-04
2.789063e+00, 6.645365e-04, 6.642875e-04
2.804688e+00, 6.326540e-04, 6.324133e-04
2.820313e+00, 6.017126e-04, 6.014809e-04
2.835938e+00, 5.717253e-04, 5.715032e-04
2.851563e+00, 5.427014e-04, 5.424896e-04
2.867188e+00, 5.146475e-04, 5.144464e-04
2.882813e+00, 4.875668e-04, 4.873768e-04
2.898438e+00, 4.614594e-04, 4.612809e-04
2.914063e+00, 4.363231e-04, 4.361562e-04
2.929688e+00, 4.121525e-04, 4.119975e-04
2.945313e+00, 3.889403e-04, 3.887971e-04
2.960938e+00, 3.666764e-04, 3.665451e-04
2.976563e+00, 3.453489e-04, 3.452294e-04
2.992188e+00, 3.249437e-04, 3.248360e-04
3.007813e+00, 3.054451e-04, 3.053490e-04
3.023438e+00, 2.868357e-04, 2.867508e-04
3.039063e+00, 2.690965e-04, 2.690226e-04
3.054688e+00, 2.522074e-04, 2.521442e-04
3.070313e+00, 2.361470e-04, 2.360941e-04
3.085938e+00, 2.208929e-04, 2.208498e-04
3.101563e+00, 2.064219e-04, 2.063883e-04
3.117188e+00, 1.927100e-04, 1.926855e-04
3.132813e+00, 1.797329e-04, 1.797169e-04
3.148438e+00, 1.674656e-04, 1.674575e-04
3.164063e+00, 1.558827e-04, 1.558822e-04
3.179688e+00, 1.449589e-04, 1.449654e-04
3.195313e+00, 1.346685e-04, 1.346815e-04
3.210938e+00, 1.249861e-04, 1.250050e-04
3.226563e+00, 1.158862e-04, 1.159106e-04
3.242188e+00, 1.073436e-04, 1.073729e-04
3.257813e+00, 9.933321e-05, 9.936699e-05
3.273438e+00, 9.183054e-05, 9.186828e-05
3.289063e+00, 8.481134e-05, 8.485256e-05
3.304688e+00, 7.825188e-05, 7.829613e-05
3.320313e+00, 7.212896e-05, 7.217580e-05
3.335938e+00, 6.641995e-05, 6.646895e-05
3.351563e+00, 6.110282e-05, 6.115360e-05
3.367188e+00, 5.615622e-05, 5.620839e-05
3.382813e+00, 5.155945e-05, 5.161266e-05
3.398438e+00, 4.729251e-05, 4.734643e-05
3.414063e+00, 4.333613e-05, 4.339046e-05
3.429688e+00, 3.967177e-05, 3.972622e-05
3.445313e+00, 3.628161e-05, 3.633591e-05
3.460938e+00, 3.314858e-05, 3.320251e-05
3.476563e+00, 3.025637e-05, 3.030971e-05
3.492188e+00, 2.758939e-05, 2.764194e-05
3.507813e+00, 2.513279e-05, 2.518437e-05
3.523438e+00, 2.287244e-05, 2.292291e-05
3.539063e+00, 2.079493e-05, 2.084416e-05
3.554688e+00, 1.888755e-05, 1.893542e-05
3.570313e+00, 1.713827e-05, 1.718468e-05
3.585938e+00, 1.553571e-05, 1.558059e-05
3.601563e+00, 1.406916e-05, 1.411245e-05
3.617188e+00, 1.272853e-05, 1.277017e-05
3.632813e+00, 1.150432e-05, 1.154428e-05
3.648438e+00, 1.038763e-05, 1.042589e-05
3.664063e+00, 9.370108e-06, 9.406658e-06
3.679688e+00, 8.443944e-06, 8.478783e-06
3.695313e+00, 7.601837e-06, 7.634975e-06
3.710938e+00, 6.836979e-06, 6.868433e-06
3.726563e+00, 6.143026e-06, 6.172821e-06
3.742188e+00, 5.514075e-06, 5.542244e-06
3.757813e+00, 4.944647e-06, 4.971226e-06
3.773438e+00, 4.429656e-06, 4.454689e-06
3.789063e+00, 3.964394e-06, 3.987927e-06
3.804688e+00, 3.544506e-06, 3.566588e-06
3.820313e+00, 3.165967e-06, 3.186652e-06
3.835938e+00, 2.825069e-06, 2.844410e-06
3.851563e+00, 2.518393e-06, 2.536447e-06
3.867188e+00, 2.242795e-06, 2.259620e-06
3.882813e+00, 1.995388e-06, 2.011041e-06
3.898438e+00, 1.773522e-06, 1.788061e-06
3.914063e+00, 1.574770e-06, 1.588253e-06
3.929688e+00, 1.396913e-06, 1.409396e-06
3.945313e+00, 1.237920e-06, 1.249460e-06
3.960938e+00, 1.095941e-06, 1.106592e-06
3.976563e+00, 9.692886e-07, 9.791042e-07
3.992188e+00, 8.564261e-07, 8.654582e-07
4.007813e+00, 7.559580e-07, 7.642566e-07
4.023438e+00, 6.666169e-07, 6.742303e-07
4.039063e+00, 5.872537e-07, 5.942282e-07
4.054688e+00, 5.168279e-07, 5.232078e-07
4.070313e+00, 4.543984e-07, 4.602260e-07
4.085938e+00, 3.991151e-07, 4.044306e-07
4.101563e+00, 3.502111e-07, 3.550527e-07
4.117188e+00, 3.069956e-07, 3.113993e-07
4.132813e+00, 2.688466e-07, 2.728464e-07
4.148438e+00, 2.352053e-07, 2.388333e-07
4.164063e+00, 2.055701e-07, 2.088563e-07
4.179688e+00, 1.794910e-07, 1.824635e-07
4.195313e+00, 1.565652e-07, 1.592504e-07
4.210938e+00, 1.364325e-07, 1.388549e-07
4.226563e+00, 1.187708e-07, 1.209532e-07
4.242188e+00, 1.032932e-07, 1.052567e-07
4.257813e+00, 8.974350e-08, 9.150782e-08
4.273438e+00, 7.789396e-08, 7.947718e-08
4.289063e+00, 6.754200e-08, 6.896086e-08
4.304688e+00, 5.850774e-08, 5.977765e-08
4.320313e+00, 5.063162e-08, 5.176676e-08
4.335938e+00, 4.377230e-08, 4.478567e-08
4.351563e+00, 3.780471e-08, 3.870821e-08
4.367188e+00, 3.261829e-08, 3.342282e-08
4.382813e+00, 2.811547e-08, 2.883095e-08
4.398438e+00, 2.421018e-08, 2.484568e-08
4.414063e+00, 2.082665e-08, 2.139039e-08
4.429688e+00, 1.789818e-08, 1.839765e-08
4.445313e+00, 1.536621e-08, 1.580819e-08
4.460938e+00, 1.317932e-08, 1.356994e-08
4.476563e+00, 1.129242e-08, 1.163723e-08
4.492188e+00, 9.666049e-09, 9.970043e-09
4.507813e+00, 8.265679e-09, 8.533369e-09
4.523438e+00, 7.061151e-09, 7.296591e-09
4.539063e+00, 6.026145e-09, 6.232976e-09
4.554688e+00, 5.137719e-09, 5.319206e-09
4.570313e+00, 4.375899e-09, 4.534967e-09
4.585938e+00, 3.723315e-09, 3.862579e-09
4.601563e+00, 3.164876e-09, 3.286674e-09
4.617188e+00, 2.687490e-09, 2.793906e-09
4.632813e+00, 2.279807e-09, 2.372701e-09
4.648438e+00, 1.932002e-09, 2.013029e-09
4.664063e+00, 1.635578e-09, 1.706212e-09
4.679688e+00, 1.383195e-09, 1.444748e-09
4.695313e+00, 1.168517e-09, 1.222157e-09
4.710938e+00, 9.860845e-10, 1.032851e-09
4.726563e+00, 8.311934e-10, 8.720165e-10
4.742188e+00, 6.997977e-10, 7.355081e-10
4.757813e+00, 5.884187e-10, 6.197638e-10
4.773438e+00, 4.940684e-10, 5.217241e-10
4.789063e+00, 4.141819e-10, 4.387645e-10
4.804688e+00, 3.465581e-10, 3.686363e-10
4.820313e+00, 2.893086e-10, 3.094145e-10
4.835938e+00, 2.408129e-10, 2.594533e-10
4.851563e+00, 1.996793e-10, 2.173470e-10
4.867188e+00, 1.647105e-10, 1.818963e-10
4.882813e+00, 1.348741e-10, 1.520794e-10
4.898438e+00, 1.092763e-10, 1.270260e-10
4.914063e+00, 8.713867e-11, 1.059963e-10
4.929688e+00, 6.777801e-11, 8.836189e-11
4.945313e+00, 5.058783e-11, 7.358938e-11
4.960938e+00, 3.502196e-11, 6.122675e-11
4.976563e+00, 2.057951e-11, 5.089127e-11
4.992188e+00, 6.790762e-12, 4.225920e-11
5.000000e+00, 3.335345e-42, 3.849473e-11


