1.00e-03   1.00e+00   5.00e+00   1.00e+03    5.1266e-03    7220
1.00e-02   1.00e+00   5.00e+00   1.00e+01    9.1004e-02    8833
1.00e-02   1.00e+00   5.00e+00   1.00e+01    3.6989e-01    8833
1.00e-02   1.00e+00   5.00e+00   1.00e+01    5.6920e-04    8833
1.00e-02   1.00e+00   5.00e+00   1.00e+01    1.5030e-04    34049
1.00e-02   1.00e+00   5.00e+00   1.00e+03    1.00e-02   1.00e+00   5.00e+00   1.00e+03    8.1348e-03    34049
1.00e-02   1.00e+01   5.00e+00   1.00e+03    3.6637e-01    34049
1.00e-02   5.00e+01   5.00e+00   1.00e+03    4.9129e-04    34049
1.00e-02   5.00e+01   3.00e+00   1.00e+03    2.9477e-04    34049
1.00e-02   1.00e+02   3.00e+00   1.00e+03    1.1238e-04    34049
1.00e-03   1.00e+02   3.00e+00   1.00e+03    2.7775e-14    3405
1.00e-03   1.00e+02   3.00e+00   1.00e+03    2.7775e-14    3405
1.00e-03   1.00e+02   3.00e+00   1.00e+03    2.7623e-14    7220
1.00e-03   1.00e+02   3.00e+00   1.00e+03    5.9736e-06    7220
1.00e-03   1.00e+02   5.00e+00   1.00e+03    9.9559e-06    7220
1.00e-03   2.00e+01   5.00e+00   1.00e+03    1.0784e-04    7220
1.00e-03   2.00e+01   5.00e+00   1.00e+03    1.0785e-04    7220
