#At time: 0.000000e+00, nsteps= 0


-1.000000e+00, 1.234098e-07, 1.234098e-07
-9.921875e-01, 1.293245e-07, 1.293245e-07
-9.765625e-01, 1.419658e-07, 1.419658e-07
-9.609375e-01, 1.557667e-07, 1.557667e-07
-9.453125e-01, 1.708259e-07, 1.708259e-07
-9.296875e-01, 1.872495e-07, 1.872495e-07
-9.140625e-01, 2.051518e-07, 2.051518e-07
-8.984375e-01, 2.246561e-07, 2.246561e-07
-8.828125e-01, 2.458945e-07, 2.458945e-07
-8.671875e-01, 2.690094e-07, 2.690094e-07
-8.515625e-01, 2.941535e-07, 2.941535e-07
-8.359375e-01, 3.214908e-07, 3.214908e-07
-8.203125e-01, 3.511972e-07, 3.511972e-07
-8.046875e-01, 3.834613e-07, 3.834613e-07
-7.890625e-01, 4.184850e-07, 4.184850e-07
-7.734375e-01, 4.564846e-07, 4.564846e-07
-7.578125e-01, 4.976917e-07, 4.976917e-07
-7.421875e-01, 5.423536e-07, 5.423536e-07
-7.265625e-01, 5.907350e-07, 5.907350e-07
-7.109375e-01, 6.431181e-07, 6.431181e-07
-6.953125e-01, 6.998046e-07, 6.998046e-07
-6.796875e-01, 7.611158e-07, 7.611158e-07
-6.640625e-01, 8.273945e-07, 8.273945e-07
-6.484375e-01, 8.990057e-07, 8.990057e-07
-6.328125e-01, 9.763381e-07, 9.763381e-07
-6.171875e-01, 1.059805e-06, 1.059805e-06
-6.015625e-01, 1.149846e-06, 1.149846e-06
-5.859375e-01, 1.246927e-06, 1.246927e-06
-5.703125e-01, 1.351546e-06, 1.351546e-06
-5.546875e-01, 1.464226e-06, 1.464226e-06
-5.390625e-01, 1.585527e-06, 1.585527e-06
-5.234375e-01, 1.716039e-06, 1.716039e-06
-5.078125e-01, 1.856386e-06, 1.856386e-06
-4.921875e-01, 2.007232e-06, 2.007232e-06
-4.765625e-01, 2.169276e-06, 2.169276e-06
-4.609375e-01, 2.343257e-06, 2.343257e-06
-4.453125e-01, 2.529956e-06, 2.529956e-06
-4.296875e-01, 2.730197e-06, 2.730197e-06
-4.140625e-01, 2.944849e-06, 2.944849e-06
-3.984375e-01, 3.174826e-06, 3.174826e-06
-3.828125e-01, 3.421092e-06, 3.421092e-06
-3.671875e-01, 3.684661e-06, 3.684661e-06
-3.515625e-01, 3.966599e-06, 3.966599e-06
-3.359375e-01, 4.268025e-06, 4.268025e-06
-3.203125e-01, 4.590115e-06, 4.590115e-06
-3.046875e-01, 4.934103e-06, 4.934103e-06
-2.890625e-01, 5.301279e-06, 5.301279e-06
-2.734375e-01, 5.692999e-06, 5.692999e-06
-2.578125e-01, 6.110680e-06, 6.110680e-06
-2.421875e-01, 6.555802e-06, 6.555802e-06
-2.265625e-01, 7.029916e-06, 7.029916e-06
-2.109375e-01, 7.534637e-06, 7.534637e-06
-1.953125e-01, 8.071653e-06, 8.071653e-06
-1.796875e-01, 8.642723e-06, 8.642723e-06
-1.640625e-01, 9.249678e-06, 9.249678e-06
-1.484375e-01, 9.894426e-06, 9.894426e-06
-1.328125e-01, 1.057895e-05, 1.057895e-05
-1.171875e-01, 1.130531e-05, 1.130531e-05
-1.015625e-01, 1.207564e-05, 1.207564e-05
-8.593750e-02, 1.289217e-05, 1.289217e-05
-7.031250e-02, 1.375719e-05, 1.375719e-05
-5.468750e-02, 1.467308e-05, 1.467308e-05
-3.906250e-02, 1.564231e-05, 1.564231e-05
-2.343750e-02, 1.666742e-05, 1.666742e-05
-7.812500e-03, 1.775104e-05, 1.775104e-05
7.812500e-03, 1.889589e-05, 1.889589e-05
2.343750e-02, 2.010475e-05, 2.010475e-05
3.906250e-02, 2.138050e-05, 2.138050e-05
5.468750e-02, 2.272611e-05, 2.272611e-05
7.031250e-02, 2.414462e-05, 2.414462e-05
8.593750e-02, 2.563914e-05, 2.563914e-05
1.015625e-01, 2.721288e-05, 2.721288e-05
1.171875e-01, 2.886912e-05, 2.886912e-05
1.328125e-01, 3.061121e-05, 3.061121e-05
1.484375e-01, 3.244257e-05, 3.244257e-05
1.640625e-01, 3.436672e-05, 3.436672e-05
1.796875e-01, 3.638722e-05, 3.638722e-05
1.953125e-01, 3.850770e-05, 3.850770e-05
2.109375e-01, 4.073186e-05, 4.073186e-05
2.265625e-01, 4.306345e-05, 4.306345e-05
2.421875e-01, 4.550629e-05, 4.550629e-05
2.578125e-01, 4.806422e-05, 4.806422e-05
2.734375e-01, 5.074115e-05, 5.074115e-05
2.890625e-01, 5.354102e-05, 5.354102e-05
3.046875e-01, 5.646781e-05, 5.646781e-05
3.203125e-01, 5.952552e-05, 5.952552e-05
3.359375e-01, 6.271817e-05, 6.271817e-05
3.515625e-01, 6.604981e-05, 6.604981e-05
3.671875e-01, 6.952446e-05, 6.952446e-05
3.828125e-01, 7.314618e-05, 7.314618e-05
3.984375e-01, 7.691899e-05, 7.691899e-05
4.140625e-01, 8.084692e-05, 8.084692e-05
4.296875e-01, 8.493395e-05, 8.493395e-05
4.453125e-01, 8.918404e-05, 8.918404e-05
4.609375e-01, 9.360108e-05, 9.360108e-05
4.765625e-01, 9.818893e-05, 9.818893e-05
4.921875e-01, 1.029514e-04, 1.029514e-04
5.078125e-01, 1.078921e-04, 1.078921e-04
5.234375e-01, 1.130148e-04, 1.130148e-04
5.390625e-01, 1.183228e-04, 1.183228e-04
5.546875e-01, 1.238198e-04, 1.238198e-04
5.703125e-01, 1.295088e-04, 1.295088e-04
5.859375e-01, 1.353931e-04, 1.353931e-04
6.015625e-01, 1.414757e-04, 1.414757e-04
6.171875e-01, 1.477593e-04, 1.477593e-04
6.328125e-01, 1.542468e-04, 1.542468e-04
6.484375e-01, 1.609404e-04, 1.609404e-04
6.640625e-01, 1.678425e-04, 1.678425e-04
6.796875e-01, 1.749552e-04, 1.749552e-04
6.953125e-01, 1.822803e-04, 1.822803e-04
7.109375e-01, 1.898194e-04, 1.898194e-04
7.265625e-01, 1.975738e-04, 1.975738e-04
7.421875e-01, 2.055446e-04, 2.055446e-04
7.578125e-01, 2.137326e-04, 2.137326e-04
7.734375e-01, 2.221382e-04, 2.221382e-04
7.890625e-01, 2.307617e-04, 2.307617e-04
8.046875e-01, 2.396030e-04, 2.396030e-04
8.203125e-01, 2.486615e-04, 2.486615e-04
8.359375e-01, 2.579366e-04, 2.579366e-04
8.515625e-01, 2.674270e-04, 2.674270e-04
8.671875e-01, 2.771312e-04, 2.771312e-04
8.828125e-01, 2.870474e-04, 2.870474e-04
8.984375e-01, 2.971733e-04, 2.971733e-04
9.140625e-01, 3.075061e-04, 3.075061e-04
9.296875e-01, 3.180429e-04, 3.180429e-04
9.453125e-01, 3.287802e-04, 3.287802e-04
9.609375e-01, 3.397141e-04, 3.397141e-04
9.765625e-01, 3.508402e-04, 3.508402e-04
9.921875e-01, 3.621539e-04, 3.621539e-04
1.007813e+00, 3.736499e-04, 3.736499e-04
1.023438e+00, 3.853226e-04, 3.853226e-04
1.039063e+00, 3.971660e-04, 3.971660e-04
1.054688e+00, 4.091736e-04, 4.091736e-04
1.070313e+00, 4.213385e-04, 4.213385e-04
1.085938e+00, 4.336532e-04, 4.336532e-04
1.101563e+00, 4.461099e-04, 4.461099e-04
1.117188e+00, 4.587004e-04, 4.587004e-04
1.132813e+00, 4.714161e-04, 4.714161e-04
1.148438e+00, 4.842477e-04, 4.842477e-04
1.164063e+00, 4.971858e-04, 4.971858e-04
1.179688e+00, 5.102203e-04, 5.102203e-04
1.195313e+00, 5.233410e-04, 5.233410e-04
1.210938e+00, 5.365371e-04, 5.365371e-04
1.226563e+00, 5.497973e-04, 5.497973e-04
1.242188e+00, 5.631103e-04, 5.631103e-04
1.257813e+00, 5.764641e-04, 5.764641e-04
1.273438e+00, 5.898464e-04, 5.898464e-04
1.289063e+00, 6.032448e-04, 6.032448e-04
1.304688e+00, 6.166464e-04, 6.166464e-04
1.320313e+00, 6.300380e-04, 6.300380e-04
1.335938e+00, 6.434062e-04, 6.434062e-04
1.351563e+00, 6.567373e-04, 6.567373e-04
1.367188e+00, 6.700174e-04, 6.700174e-04
1.382813e+00, 6.832323e-04, 6.832323e-04
1.398438e+00, 6.963677e-04, 6.963677e-04
1.414063e+00, 7.094092e-04, 7.094092e-04
1.429688e+00, 7.223422e-04, 7.223422e-04
1.445313e+00, 7.351518e-04, 7.351518e-04
1.460938e+00, 7.478234e-04, 7.478234e-04
1.476563e+00, 7.603421e-04, 7.603421e-04
1.492188e+00, 7.726929e-04, 7.726929e-04
1.507813e+00, 7.848611e-04, 7.848611e-04
1.523438e+00, 7.968317e-04, 7.968317e-04
1.539063e+00, 8.085899e-04, 8.085899e-04
1.554688e+00, 8.201211e-04, 8.201211e-04
1.570313e+00, 8.314107e-04, 8.314107e-04
1.585938e+00, 8.424443e-04, 8.424443e-04
1.601563e+00, 8.532076e-04, 8.532076e-04
1.617188e+00, 8.636865e-04, 8.636865e-04
1.632813e+00, 8.738674e-04, 8.738674e-04
1.648438e+00, 8.837366e-04, 8.837366e-04
1.664063e+00, 8.932811e-04, 8.932811e-04
1.679688e+00, 9.024878e-04, 9.024878e-04
1.695313e+00, 9.113443e-04, 9.113443e-04
1.710938e+00, 9.198385e-04, 9.198385e-04
1.726563e+00, 9.279587e-04, 9.279587e-04
1.742188e+00, 9.356935e-04, 9.356935e-04
1.757813e+00, 9.430323e-04, 9.430323e-04
1.773438e+00, 9.499646e-04, 9.499646e-04
1.789063e+00, 9.564807e-04, 9.564807e-04
1.804688e+00, 9.625715e-04, 9.625715e-04
1.820313e+00, 9.682281e-04, 9.682281e-04
1.835938e+00, 9.734425e-04, 9.734425e-04
1.851563e+00, 9.782073e-04, 9.782073e-04
1.867188e+00, 9.825155e-04, 9.825155e-04
1.882813e+00, 9.863610e-04, 9.863610e-04
1.898438e+00, 9.897381e-04, 9.897381e-04
1.914063e+00, 9.926420e-04, 9.926420e-04
1.929688e+00, 9.950684e-04, 9.950684e-04
1.945313e+00, 9.970137e-04, 9.970137e-04
1.960938e+00, 9.984753e-04, 9.984753e-04
1.976563e+00, 9.994508e-04, 9.994508e-04
1.992188e+00, 9.999390e-04, 9.999390e-04
2.007813e+00, 9.999390e-04, 9.999390e-04
2.023438e+00, 9.994508e-04, 9.994508e-04
2.039063e+00, 9.984753e-04, 9.984753e-04
2.054688e+00, 9.970137e-04, 9.970137e-04
2.070313e+00, 9.950684e-04, 9.950684e-04
2.085938e+00, 9.926420e-04, 9.926420e-04
2.101563e+00, 9.897381e-04, 9.897381e-04
2.117188e+00, 9.863610e-04, 9.863610e-04
2.132813e+00, 9.825155e-04, 9.825155e-04
2.148438e+00, 9.782073e-04, 9.782073e-04
2.164063e+00, 9.734425e-04, 9.734425e-04
2.179688e+00, 9.682281e-04, 9.682281e-04
2.195313e+00, 9.625715e-04, 9.625715e-04
2.210938e+00, 9.564807e-04, 9.564807e-04
2.226563e+00, 9.499646e-04, 9.499646e-04
2.242188e+00, 9.430323e-04, 9.430323e-04
2.257813e+00, 9.356935e-04, 9.356935e-04
2.273438e+00, 9.279587e-04, 9.279587e-04
2.289063e+00, 9.198385e-04, 9.198385e-04
2.304688e+00, 9.113443e-04, 9.113443e-04
2.320313e+00, 9.024878e-04, 9.024878e-04
2.335938e+00, 8.932811e-04, 8.932811e-04
2.351563e+00, 8.837366e-04, 8.837366e-04
2.367188e+00, 8.738674e-04, 8.738674e-04
2.382813e+00, 8.636865e-04, 8.636865e-04
2.398438e+00, 8.532076e-04, 8.532076e-04
2.414063e+00, 8.424443e-04, 8.424443e-04
2.429688e+00, 8.314107e-04, 8.314107e-04
2.445313e+00, 8.201211e-04, 8.201211e-04
2.460938e+00, 8.085899e-04, 8.085899e-04
2.476563e+00, 7.968317e-04, 7.968317e-04
2.492188e+00, 7.848611e-04, 7.848611e-04
2.507813e+00, 7.726929e-04, 7.726929e-04
2.523438e+00, 7.603421e-04, 7.603421e-04
2.539063e+00, 7.478234e-04, 7.478234e-04
2.554688e+00, 7.351518e-04, 7.351518e-04
2.570313e+00, 7.223422e-04, 7.223422e-04
2.585938e+00, 7.094092e-04, 7.094092e-04
2.601563e+00, 6.963677e-04, 6.963677e-04
2.617188e+00, 6.832323e-04, 6.832323e-04
2.632813e+00, 6.700174e-04, 6.700174e-04
2.648438e+00, 6.567373e-04, 6.567373e-04
2.664063e+00, 6.434062e-04, 6.434062e-04
2.679688e+00, 6.300380e-04, 6.300380e-04
2.695313e+00, 6.166464e-04, 6.166464e-04
2.710938e+00, 6.032448e-04, 6.032448e-04
2.726563e+00, 5.898464e-04, 5.898464e-04
2.742188e+00, 5.764641e-04, 5.764641e-04
2.757813e+00, 5.631103e-04, 5.631103e-04
2.773438e+00, 5.497973e-04, 5.497973e-04
2.789063e+00, 5.365371e-04, 5.365371e-04
2.804688e+00, 5.233410e-04, 5.233410e-04
2.820313e+00, 5.102203e-04, 5.102203e-04
2.835938e+00, 4.971858e-04, 4.971858e-04
2.851563e+00, 4.842477e-04, 4.842477e-04
2.867188e+00, 4.714161e-04, 4.714161e-04
2.882813e+00, 4.587004e-04, 4.587004e-04
2.898438e+00, 4.461099e-04, 4.461099e-04
2.914063e+00, 4.336532e-04, 4.336532e-04
2.929688e+00, 4.213385e-04, 4.213385e-04
2.945313e+00, 4.091736e-04, 4.091736e-04
2.960938e+00, 3.971660e-04, 3.971660e-04
2.976563e+00, 3.853226e-04, 3.853226e-04
2.992188e+00, 3.736499e-04, 3.736499e-04
3.007813e+00, 3.621539e-04, 3.621539e-04
3.023438e+00, 3.508402e-04, 3.508402e-04
3.039063e+00, 3.397141e-04, 3.397141e-04
3.054688e+00, 3.287802e-04, 3.287802e-04
3.070313e+00, 3.180429e-04, 3.180429e-04
3.085938e+00, 3.075061e-04, 3.075061e-04
3.101563e+00, 2.971733e-04, 2.971733e-04
3.117188e+00, 2.870474e-04, 2.870474e-04
3.132813e+00, 2.771312e-04, 2.771312e-04
3.148438e+00, 2.674270e-04, 2.674270e-04
3.164063e+00, 2.579366e-04, 2.579366e-04
3.179688e+00, 2.486615e-04, 2.486615e-04
3.195313e+00, 2.396030e-04, 2.396030e-04
3.210938e+00, 2.307617e-04, 2.307617e-04
3.226563e+00, 2.221382e-04, 2.221382e-04
3.242188e+00, 2.137326e-04, 2.137326e-04
3.257813e+00, 2.055446e-04, 2.055446e-04
3.273438e+00, 1.975738e-04, 1.975738e-04
3.289063e+00, 1.898194e-04, 1.898194e-04
3.304688e+00, 1.822803e-04, 1.822803e-04
3.320313e+00, 1.749552e-04, 1.749552e-04
3.335938e+00, 1.678425e-04, 1.678425e-04
3.351563e+00, 1.609404e-04, 1.609404e-04
3.367188e+00, 1.542468e-04, 1.542468e-04
3.382813e+00, 1.477593e-04, 1.477593e-04
3.398438e+00, 1.414757e-04, 1.414757e-04
3.414063e+00, 1.353931e-04, 1.353931e-04
3.429688e+00, 1.295088e-04, 1.295088e-04
3.445313e+00, 1.238198e-04, 1.238198e-04
3.460938e+00, 1.183228e-04, 1.183228e-04
3.476563e+00, 1.130148e-04, 1.130148e-04
3.492188e+00, 1.078921e-04, 1.078921e-04
3.507813e+00, 1.029514e-04, 1.029514e-04
3.523438e+00, 9.818893e-05, 9.818893e-05
3.539063e+00, 9.360108e-05, 9.360108e-05
3.554688e+00, 8.918404e-05, 8.918404e-05
3.570313e+00, 8.493395e-05, 8.493395e-05
3.585938e+00, 8.084692e-05, 8.084692e-05
3.601563e+00, 7.691899e-05, 7.691899e-05
3.617188e+00, 7.314618e-05, 7.314618e-05
3.632813e+00, 6.952446e-05, 6.952446e-05
3.648438e+00, 6.604981e-05, 6.604981e-05
3.664063e+00, 6.271817e-05, 6.271817e-05
3.679688e+00, 5.952552e-05, 5.952552e-05
3.695313e+00, 5.646781e-05, 5.646781e-05
3.710938e+00, 5.354102e-05, 5.354102e-05
3.726563e+00, 5.074115e-05, 5.074115e-05
3.742188e+00, 4.806422e-05, 4.806422e-05
3.757813e+00, 4.550629e-05, 4.550629e-05
3.773438e+00, 4.306345e-05, 4.306345e-05
3.789063e+00, 4.073186e-05, 4.073186e-05
3.804688e+00, 3.850770e-05, 3.850770e-05
3.820313e+00, 3.638722e-05, 3.638722e-05
3.835938e+00, 3.436672e-05, 3.436672e-05
3.851563e+00, 3.244257e-05, 3.244257e-05
3.867188e+00, 3.061121e-05, 3.061121e-05
3.882813e+00, 2.886912e-05, 2.886912e-05
3.898438e+00, 2.721288e-05, 2.721288e-05
3.914063e+00, 2.563914e-05, 2.563914e-05
3.929688e+00, 2.414462e-05, 2.414462e-05
3.945313e+00, 2.272611e-05, 2.272611e-05
3.960938e+00, 2.138050e-05, 2.138050e-05
3.976563e+00, 2.010475e-05, 2.010475e-05
3.992188e+00, 1.889589e-05, 1.889589e-05
4.007813e+00, 1.775104e-05, 1.775104e-05
4.023438e+00, 1.666742e-05, 1.666742e-05
4.039063e+00, 1.564231e-05, 1.564231e-05
4.054688e+00, 1.467308e-05, 1.467308e-05
4.070313e+00, 1.375719e-05, 1.375719e-05
4.085938e+00, 1.289217e-05, 1.289217e-05
4.101563e+00, 1.207564e-05, 1.207564e-05
4.117188e+00, 1.130531e-05, 1.130531e-05
4.132813e+00, 1.057895e-05, 1.057895e-05
4.148438e+00, 9.894426e-06, 9.894426e-06
4.164063e+00, 9.249678e-06, 9.249678e-06
4.179688e+00, 8.642723e-06, 8.642723e-06
4.195313e+00, 8.071653e-06, 8.071653e-06
4.210938e+00, 7.534637e-06, 7.534637e-06
4.226563e+00, 7.029916e-06, 7.029916e-06
4.242188e+00, 6.555802e-06, 6.555802e-06
4.257813e+00, 6.110680e-06, 6.110680e-06
4.273438e+00, 5.692999e-06, 5.692999e-06
4.289063e+00, 5.301279e-06, 5.301279e-06
4.304688e+00, 4.934103e-06, 4.934103e-06
4.320313e+00, 4.590115e-06, 4.590115e-06
4.335938e+00, 4.268025e-06, 4.268025e-06
4.351563e+00, 3.966599e-06, 3.966599e-06
4.367188e+00, 3.684661e-06, 3.684661e-06
4.382813e+00, 3.421092e-06, 3.421092e-06
4.398438e+00, 3.174826e-06, 3.174826e-06
4.414063e+00, 2.944849e-06, 2.944849e-06
4.429688e+00, 2.730197e-06, 2.730197e-06
4.445313e+00, 2.529956e-06, 2.529956e-06
4.460938e+00, 2.343257e-06, 2.343257e-06
4.476563e+00, 2.169276e-06, 2.169276e-06
4.492188e+00, 2.007232e-06, 2.007232e-06
4.507813e+00, 1.856386e-06, 1.856386e-06
4.523438e+00, 1.716039e-06, 1.716039e-06
4.539063e+00, 1.585527e-06, 1.585527e-06
4.554688e+00, 1.464226e-06, 1.464226e-06
4.570313e+00, 1.351546e-06, 1.351546e-06
4.585938e+00, 1.246927e-06, 1.246927e-06
4.601563e+00, 1.149846e-06, 1.149846e-06
4.617188e+00, 1.059805e-06, 1.059805e-06
4.632813e+00, 9.763381e-07, 9.763381e-07
4.648438e+00, 8.990057e-07, 8.990057e-07
4.664063e+00, 8.273945e-07, 8.273945e-07
4.679688e+00, 7.611158e-07, 7.611158e-07
4.695313e+00, 6.998046e-07, 6.998046e-07
4.710938e+00, 6.431181e-07, 6.431181e-07
4.726563e+00, 5.907350e-07, 5.907350e-07
4.742188e+00, 5.423536e-07, 5.423536e-07
4.757813e+00, 4.976917e-07, 4.976917e-07
4.773438e+00, 4.564846e-07, 4.564846e-07
4.789063e+00, 4.184850e-07, 4.184850e-07
4.804688e+00, 3.834613e-07, 3.834613e-07
4.820313e+00, 3.511972e-07, 3.511972e-07
4.835938e+00, 3.214908e-07, 3.214908e-07
4.851563e+00, 2.941535e-07, 2.941535e-07
4.867188e+00, 2.690094e-07, 2.690094e-07
4.882813e+00, 2.458945e-07, 2.458945e-07
4.898438e+00, 2.246561e-07, 2.246561e-07
4.914063e+00, 2.051518e-07, 2.051518e-07
4.929688e+00, 1.872495e-07, 1.872495e-07
4.945313e+00, 1.708259e-07, 1.708259e-07
4.960938e+00, 1.557667e-07, 1.557667e-07
4.976563e+00, 1.419658e-07, 1.419658e-07
4.992188e+00, 1.293245e-07, 1.293245e-07
5.000000e+00, 1.234098e-07, 1.234098e-07


#At time: 2.507267e+01, nsteps= 207


-1.000000e+00, 1.011555e-07, 2.329378e-07
-9.921875e-01, 1.183763e-07, 2.431490e-07
-9.765625e-01, 1.533216e-07, 2.648458e-07
-9.609375e-01, 1.889170e-07, 2.883505e-07
-9.453125e-01, 2.253740e-07, 3.138021e-07
-9.296875e-01, 2.629124e-07, 3.413486e-07
-9.140625e-01, 3.017594e-07, 3.711485e-07
-8.984375e-01, 3.421509e-07, 4.033709e-07
-8.828125e-01, 3.843317e-07, 4.381962e-07
-8.671875e-01, 4.285563e-07, 4.758171e-07
-8.515625e-01, 4.750889e-07, 5.164386e-07
-8.359375e-01, 5.242049e-07, 5.602794e-07
-8.203125e-01, 5.761907e-07, 6.075721e-07
-8.046875e-01, 6.313452e-07, 6.585645e-07
-7.890625e-01, 6.899797e-07, 7.135198e-07
-7.734375e-01, 7.524197e-07, 7.727180e-07
-7.578125e-01, 8.190047e-07, 8.364564e-07
-7.421875e-01, 8.900902e-07, 9.050506e-07
-7.265625e-01, 9.660476e-07, 9.788355e-07
-7.109375e-01, 1.047266e-06, 1.058166e-06
-6.953125e-01, 1.134153e-06, 1.143418e-06
-6.796875e-01, 1.227137e-06, 1.234991e-06
-6.640625e-01, 1.326664e-06, 1.333306e-06
-6.484375e-01, 1.433205e-06, 1.438808e-06
-6.328125e-01, 1.547252e-06, 1.551970e-06
-6.171875e-01, 1.669324e-06, 1.673289e-06
-6.015625e-01, 1.799964e-06, 1.803292e-06
-5.859375e-01, 1.939742e-06, 1.942533e-06
-5.703125e-01, 2.089257e-06, 2.091596e-06
-5.546875e-01, 2.249137e-06, 2.251099e-06
-5.390625e-01, 2.420043e-06, 2.421691e-06
-5.234375e-01, 2.602668e-06, 2.604055e-06
-5.078125e-01, 2.797738e-06, 2.798909e-06
-4.921875e-01, 3.006015e-06, 3.007008e-06
-4.765625e-01, 3.228299e-06, 3.229147e-06
-4.609375e-01, 3.465429e-06, 3.466157e-06
-4.453125e-01, 3.718282e-06, 3.718912e-06
-4.296875e-01, 3.987778e-06, 3.988328e-06
-4.140625e-01, 4.274879e-06, 4.275365e-06
-3.984375e-01, 4.580593e-06, 4.581025e-06
-3.828125e-01, 4.905972e-06, 4.906361e-06
-3.671875e-01, 5.252117e-06, 5.252469e-06
-3.515625e-01, 5.620177e-06, 5.620499e-06
-3.359375e-01, 6.011351e-06, 6.011647e-06
-3.203125e-01, 6.426891e-06, 6.427163e-06
-3.046875e-01, 6.868099e-06, 6.868351e-06
-2.890625e-01, 7.336334e-06, 7.336567e-06
-2.734375e-01, 7.833011e-06, 7.833225e-06
-2.578125e-01, 8.359597e-06, 8.359793e-06
-2.421875e-01, 8.917624e-06, 8.917801e-06
-2.265625e-01, 9.508676e-06, 9.508834e-06
-2.109375e-01, 1.013440e-05, 1.013454e-05
-1.953125e-01, 1.079651e-05, 1.079663e-05
-1.796875e-01, 1.149677e-05, 1.149686e-05
-1.640625e-01, 1.223702e-05, 1.223708e-05
-1.484375e-01, 1.301914e-05, 1.301919e-05
-1.328125e-01, 1.384511e-05, 1.384513e-05
-1.171875e-01, 1.471695e-05, 1.471693e-05
-1.015625e-01, 1.563675e-05, 1.563670e-05
-8.593750e-02, 1.660665e-05, 1.660657e-05
-7.031250e-02, 1.762890e-05, 1.762878e-05
-5.468750e-02, 1.870576e-05, 1.870560e-05
-3.906250e-02, 1.983960e-05, 1.983939e-05
-2.343750e-02, 2.103282e-05, 2.103257e-05
-7.812500e-03, 2.228792e-05, 2.228762e-05
7.812500e-03, 2.360743e-05, 2.360708e-05
2.343750e-02, 2.499396e-05, 2.499356e-05
3.906250e-02, 2.645019e-05, 2.644973e-05
5.468750e-02, 2.797883e-05, 2.797832e-05
7.031250e-02, 2.958270e-05, 2.958212e-05
8.593750e-02, 3.126462e-05, 3.126397e-05
1.015625e-01, 3.302750e-05, 3.302679e-05
1.171875e-01, 3.487431e-05, 3.487352e-05
1.328125e-01, 3.680804e-05, 3.680718e-05
1.484375e-01, 3.883175e-05, 3.883082e-05
1.640625e-01, 4.094855e-05, 4.094754e-05
1.796875e-01, 4.316159e-05, 4.316049e-05
1.953125e-01, 4.547403e-05, 4.547286e-05
2.109375e-01, 4.788911e-05, 4.788785e-05
2.265625e-01, 5.041008e-05, 5.040872e-05
2.421875e-01, 5.304020e-05, 5.303875e-05
2.578125e-01, 5.578279e-05, 5.578125e-05
2.734375e-01, 5.864116e-05, 5.863952e-05
2.890625e-01, 6.161864e-05, 6.161690e-05
3.046875e-01, 6.471857e-05, 6.471673e-05
3.203125e-01, 6.794429e-05, 6.794235e-05
3.359375e-01, 7.129913e-05, 7.129709e-05
3.515625e-01, 7.478643e-05, 7.478428e-05
3.671875e-01, 7.840949e-05, 7.840723e-05
3.828125e-01, 8.217159e-05, 8.216923e-05
3.984375e-01, 8.607599e-05, 8.607352e-05
4.140625e-01, 9.012589e-05, 9.012332e-05
4.296875e-01, 9.432448e-05, 9.432179e-05
4.453125e-01, 9.867485e-05, 9.867206e-05
4.609375e-01, 1.031801e-04, 1.031772e-04
4.765625e-01, 1.078431e-04, 1.078401e-04
4.921875e-01, 1.126669e-04, 1.126638e-04
5.078125e-01, 1.176542e-04, 1.176510e-04
5.234375e-01, 1.228077e-04, 1.228044e-04
5.390625e-01, 1.281302e-04, 1.281268e-04
5.546875e-01, 1.336239e-04, 1.336204e-04
5.703125e-01, 1.392914e-04, 1.392878e-04
5.859375e-01, 1.451349e-04, 1.451312e-04
6.015625e-01, 1.511564e-04, 1.511526e-04
6.171875e-01, 1.573579e-04, 1.573540e-04
6.328125e-01, 1.637411e-04, 1.637371e-04
6.484375e-01, 1.703076e-04, 1.703036e-04
6.640625e-01, 1.770589e-04, 1.770549e-04
6.796875e-01, 1.839962e-04, 1.839921e-04
6.953125e-01, 1.911204e-04, 1.911162e-04
7.109375e-01, 1.984324e-04, 1.984282e-04
7.265625e-01, 2.059327e-04, 2.059285e-04
7.421875e-01, 2.136217e-04, 2.136174e-04
7.578125e-01, 2.214994e-04, 2.214952e-04
7.734375e-01, 2.295658e-04, 2.295615e-04
7.890625e-01, 2.378204e-04, 2.378161e-04
8.046875e-01, 2.462624e-04, 2.462581e-04
8.203125e-01, 2.548910e-04, 2.548868e-04
8.359375e-01, 2.637049e-04, 2.637006e-04
8.515625e-01, 2.727025e-04, 2.726983e-04
8.671875e-01, 2.818819e-04, 2.818778e-04
8.828125e-01, 2.912411e-04, 2.912370e-04
8.984375e-01, 3.007775e-04, 3.007735e-04
9.140625e-01, 3.104884e-04, 3.104845e-04
9.296875e-01, 3.203706e-04, 3.203668e-04
9.453125e-01, 3.304206e-04, 3.304169e-04
9.609375e-01, 3.406347e-04, 3.406312e-04
9.765625e-01, 3.510088e-04, 3.510054e-04
9.921875e-01, 3.615383e-04, 3.615351e-04
1.007813e+00, 3.722185e-04, 3.722154e-04
1.023438e+00, 3.830441e-04, 3.830412e-04
1.039063e+00, 3.940097e-04, 3.940070e-04
1.054688e+00, 4.051095e-04, 4.051070e-04
1.070313e+00, 4.163371e-04, 4.163348e-04
1.085938e+00, 4.276860e-04, 4.276840e-04
1.101563e+00, 4.391494e-04, 4.391476e-04
1.117188e+00, 4.507200e-04, 4.507185e-04
1.132813e+00, 4.623902e-04, 4.623889e-04
1.148438e+00, 4.741521e-04, 4.741511e-04
1.164063e+00, 4.859975e-04, 4.859968e-04
1.179688e+00, 4.979178e-04, 4.979174e-04
1.195313e+00, 5.099041e-04, 5.099041e-04
1.210938e+00, 5.219473e-04, 5.219476e-04
1.226563e+00, 5.340380e-04, 5.340386e-04
1.242188e+00, 5.461662e-04, 5.461672e-04
1.257813e+00, 5.583221e-04, 5.583234e-04
1.273438e+00, 5.704954e-04, 5.704970e-04
1.289063e+00, 5.826754e-04, 5.826774e-04
1.304688e+00, 5.948514e-04, 5.948538e-04
1.320313e+00, 6.070125e-04, 6.070152e-04
1.335938e+00, 6.191473e-04, 6.191504e-04
1.351563e+00, 6.312445e-04, 6.312480e-04
1.367188e+00, 6.432926e-04, 6.432965e-04
1.382813e+00, 6.552798e-04, 6.552841e-04
1.398438e+00, 6.671942e-04, 6.671989e-04
1.414063e+00, 6.790239e-04, 6.790289e-04
1.429688e+00, 6.907567e-04, 6.907621e-04
1.445313e+00, 7.023805e-04, 7.023863e-04
1.460938e+00, 7.138830e-04, 7.138891e-04
1.476563e+00, 7.252520e-04, 7.252585e-04
1.492188e+00, 7.364751e-04, 7.364820e-04
1.507813e+00, 7.475401e-04, 7.475474e-04
1.523438e+00, 7.584348e-04, 7.584424e-04
1.539063e+00, 7.691468e-04, 7.691547e-04
1.554688e+00, 7.796640e-04, 7.796723e-04
1.570313e+00, 7.899745e-04, 7.899831e-04
1.585938e+00, 8.000662e-04, 8.000751e-04
1.601563e+00, 8.099273e-04, 8.099365e-04
1.617188e+00, 8.195461e-04, 8.195556e-04
1.632813e+00, 8.289113e-04, 8.289211e-04
1.648438e+00, 8.380116e-04, 8.380216e-04
1.664063e+00, 8.468359e-04, 8.468462e-04
1.679688e+00, 8.553735e-04, 8.553840e-04
1.695313e+00, 8.636138e-04, 8.636245e-04
1.710938e+00, 8.715467e-04, 8.715575e-04
1.726563e+00, 8.791622e-04, 8.791732e-04
1.742188e+00, 8.864508e-04, 8.864619e-04
1.757813e+00, 8.934033e-04, 8.934145e-04
1.773438e+00, 9.000109e-04, 9.000222e-04
1.789063e+00, 9.062650e-04, 9.062764e-04
1.804688e+00, 9.121578e-04, 9.121692e-04
1.820313e+00, 9.176816e-04, 9.176930e-04
1.835938e+00, 9.228292e-04, 9.228406e-04
1.851563e+00, 9.275940e-04, 9.276054e-04
1.867188e+00, 9.319697e-04, 9.319811e-04
1.882813e+00, 9.359506e-04, 9.359619e-04
1.898438e+00, 9.395315e-04, 9.395427e-04
1.914063e+00, 9.427077e-04, 9.427188e-04
1.929688e+00, 9.454750e-04, 9.454860e-04
1.945313e+00, 9.478297e-04, 9.478405e-04
1.960938e+00, 9.497688e-04, 9.497793e-04
1.976563e+00, 9.512895e-04, 9.512999e-04
1.992188e+00, 9.523900e-04, 9.524001e-04
2.007813e+00, 9.530687e-04, 9.530785e-04
2.023438e+00, 9.533247e-04, 9.533343e-04
2.039063e+00, 9.531578e-04, 9.531671e-04
2.054688e+00, 9.525681e-04, 9.525770e-04
2.070313e+00, 9.515564e-04, 9.515650e-04
2.085938e+00, 9.501241e-04, 9.501323e-04
2.101563e+00, 9.482730e-04, 9.482808e-04
2.117188e+00, 9.460056e-04, 9.460130e-04
2.132813e+00, 9.433249e-04, 9.433320e-04
2.148438e+00, 9.402346e-04, 9.402411e-04
2.164063e+00, 9.367385e-04, 9.367447e-04
2.179688e+00, 9.328414e-04, 9.328471e-04
2.195313e+00, 9.285484e-04, 9.285536e-04
2.210938e+00, 9.238651e-04, 9.238698e-04
2.226563e+00, 9.187975e-04, 9.188018e-04
2.242188e+00, 9.133524e-04, 9.133562e-04
2.257813e+00, 9.075367e-04, 9.075400e-04
2.273438e+00, 9.013580e-04, 9.013607e-04
2.289063e+00, 8.948242e-04, 8.948264e-04
2.304688e+00, 8.879436e-04, 8.879452e-04
2.320313e+00, 8.807249e-04, 8.807261e-04
2.335938e+00, 8.731774e-04, 8.731781e-04
2.351563e+00, 8.653105e-04, 8.653107e-04
2.367188e+00, 8.571341e-04, 8.571337e-04
2.382813e+00, 8.486581e-04, 8.486572e-04
2.398438e+00, 8.398932e-04, 8.398918e-04
2.414063e+00, 8.308501e-04, 8.308482e-04
2.429688e+00, 8.215396e-04, 8.215372e-04
2.445313e+00, 8.119731e-04, 8.119702e-04
2.460938e+00, 8.021620e-04, 8.021586e-04
2.476563e+00, 7.921177e-04, 7.921139e-04
2.492188e+00, 7.818522e-04, 7.818479e-04
2.507813e+00, 7.713774e-04, 7.713726e-04
2.523438e+00, 7.607052e-04, 7.607000e-04
2.539063e+00, 7.498479e-04, 7.498422e-04
2.554688e+00, 7.388175e-04, 7.388115e-04
2.570313e+00, 7.276265e-04, 7.276201e-04
2.585938e+00, 7.162870e-04, 7.162802e-04
2.601563e+00, 7.048114e-04, 7.048043e-04
2.617188e+00, 6.932119e-04, 6.932045e-04
2.632813e+00, 6.815009e-04, 6.814931e-04
2.648438e+00, 6.696904e-04, 6.696823e-04
2.664063e+00, 6.577926e-04, 6.577843e-04
2.679688e+00, 6.458195e-04, 6.458110e-04
2.695313e+00, 6.337831e-04, 6.337743e-04
2.710938e+00, 6.216950e-04, 6.216860e-04
2.726563e+00, 6.095669e-04, 6.095577e-04
2.742188e+00, 5.974102e-04, 5.974008e-04
2.757813e+00, 5.852361e-04, 5.852266e-04
2.773438e+00, 5.730558e-04, 5.730462e-04
2.789063e+00, 5.608800e-04, 5.608703e-04
2.804688e+00, 5.487194e-04, 5.487096e-04
2.820313e+00, 5.365842e-04, 5.365743e-04
2.835938e+00, 5.244846e-04, 5.244747e-04
2.851563e+00, 5.124303e-04, 5.124204e-04
2.867188e+00, 5.004310e-04, 5.004211e-04
2.882813e+00, 4.884958e-04, 4.884859e-04
2.898438e+00, 4.766337e-04, 4.766238e-04
2.914063e+00, 4.648533e-04, 4.648435e-04
2.929688e+00, 4.531629e-04, 4.531531e-04
2.945313e+00, 4.415704e-04, 4.415608e-04
2.960938e+00, 4.300836e-04, 4.300741e-04
2.976563e+00, 4.187098e-04, 4.187004e-04
2.992188e+00, 4.074559e-04, 4.074466e-04
3.007813e+00, 3.963285e-04, 3.963194e-04
3.023438e+00, 3.853340e-04, 3.853250e-04
3.039063e+00, 3.744782e-04, 3.744694e-04
3.054688e+00, 3.637667e-04, 3.637582e-04
3.070313e+00, 3.532049e-04, 3.531966e-04
3.085938e+00, 3.427976e-04, 3.427894e-04
3.101563e+00, 3.325493e-04, 3.325414e-04
3.117188e+00, 3.224642e-04, 3.224565e-04
3.132813e+00, 3.125462e-04, 3.125388e-04
3.148438e+00, 3.027989e-04, 3.027917e-04
3.164063e+00, 2.932254e-04, 2.932185e-04
3.179688e+00, 2.838285e-04, 2.838219e-04
3.195313e+00, 2.746109e-04, 2.746046e-04
3.210938e+00, 2.655748e-04, 2.655687e-04
3.226563e+00, 2.567220e-04, 2.567162e-04
3.242188e+00, 2.480542e-04, 2.480487e-04
3.257813e+00, 2.395727e-04, 2.395675e-04
3.273438e+00, 2.312786e-04, 2.312737e-04
3.289063e+00, 2.231725e-04, 2.231679e-04
3.304688e+00, 2.152550e-04, 2.152506e-04
3.320313e+00, 2.075262e-04, 2.075222e-04
3.335938e+00, 1.999862e-04, 1.999824e-04
3.351563e+00, 1.926346e-04, 1.926311e-04
3.367188e+00, 1.854709e-04, 1.854677e-04
3.382813e+00, 1.784943e-04, 1.784914e-04
3.398438e+00, 1.717040e-04, 1.717013e-04
3.414063e+00, 1.650987e-04, 1.650963e-04
3.429688e+00, 1.586770e-04, 1.586749e-04
3.445313e+00, 1.524375e-04, 1.524356e-04
3.460938e+00, 1.463783e-04, 1.463767e-04
3.476563e+00, 1.404976e-04, 1.404962e-04
3.492188e+00, 1.347933e-04, 1.347922e-04
3.507813e+00, 1.292632e-04, 1.292623e-04
3.523438e+00, 1.239050e-04, 1.239043e-04
3.539063e+00, 1.187162e-04, 1.187158e-04
3.554688e+00, 1.136942e-04, 1.136940e-04
3.570313e+00, 1.088363e-04, 1.088363e-04
3.585938e+00, 1.041398e-04, 1.041400e-04
3.601563e+00, 9.960171e-05, 9.960208e-05
3.617188e+00, 9.521911e-05, 9.521965e-05
3.632813e+00, 9.098894e-05, 9.098966e-05
3.648438e+00, 8.690813e-05, 8.690900e-05
3.664063e+00, 8.297349e-05, 8.297452e-05
3.679688e+00, 7.918184e-05, 7.918301e-05
3.695313e+00, 7.552992e-05, 7.553123e-05
3.710938e+00, 7.201446e-05, 7.201590e-05
3.726563e+00, 6.863214e-05, 6.863371e-05
3.742188e+00, 6.537966e-05, 6.538134e-05
3.757813e+00, 6.225368e-05, 6.225546e-05
3.773438e+00, 5.925085e-05, 5.925272e-05
3.789063e+00, 5.636784e-05, 5.636980e-05
3.804688e+00, 5.360131e-05, 5.360335e-05
3.820313e+00, 5.094794e-05, 5.095005e-05
3.835938e+00, 4.840442e-05, 4.840660e-05
3.851563e+00, 4.596748e-05, 4.596972e-05
3.867188e+00, 4.363386e-05, 4.363614e-05
3.882813e+00, 4.140032e-05, 4.140265e-05
3.898438e+00, 3.926368e-05, 3.926605e-05
3.914063e+00, 3.722079e-05, 3.722319e-05
3.929688e+00, 3.526853e-05, 3.527095e-05
3.945313e+00, 3.340383e-05, 3.340627e-05
3.960938e+00, 3.162368e-05, 3.162614e-05
3.976563e+00, 2.992512e-05, 2.992758e-05
3.992188e+00, 2.830521e-05, 2.830768e-05
4.007813e+00, 2.676112e-05, 2.676358e-05
4.023438e+00, 2.529002e-05, 2.529248e-05
4.039063e+00, 2.388919e-05, 2.389164e-05
4.054688e+00, 2.255594e-05, 2.255837e-05
4.070313e+00, 2.128764e-05, 2.129006e-05
4.085938e+00, 2.008174e-05, 2.008413e-05
4.101563e+00, 1.893575e-05, 1.893811e-05
4.117188e+00, 1.784722e-05, 1.784956e-05
4.132813e+00, 1.681381e-05, 1.681612e-05
4.148438e+00, 1.583320e-05, 1.583547e-05
4.164063e+00, 1.490317e-05, 1.490540e-05
4.179688e+00, 1.402154e-05, 1.402373e-05
4.195313e+00, 1.318620e-05, 1.318836e-05
4.210938e+00, 1.239513e-05, 1.239725e-05
4.226563e+00, 1.164635e-05, 1.164842e-05
4.242188e+00, 1.093794e-05, 1.093997e-05
4.257813e+00, 1.026806e-05, 1.027005e-05
4.273438e+00, 9.634927e-06, 9.636871e-06
4.289063e+00, 9.036819e-06, 9.038719e-06
4.304688e+00, 8.472076e-06, 8.473932e-06
4.320313e+00, 7.939098e-06, 7.940911e-06
4.335938e+00, 7.436344e-06, 7.438117e-06
4.351563e+00, 6.962332e-06, 6.964067e-06
4.367188e+00, 6.515636e-06, 6.517336e-06
4.382813e+00, 6.094886e-06, 6.096556e-06
4.398438e+00, 5.698767e-06, 5.700413e-06
4.414063e+00, 5.326016e-06, 5.327646e-06
4.429688e+00, 4.975424e-06, 4.977045e-06
4.445313e+00, 4.645829e-06, 4.647455e-06
4.460938e+00, 4.336121e-06, 4.337765e-06
4.476563e+00, 4.045236e-06, 4.046915e-06
4.492188e+00, 3.772156e-06, 3.773892e-06
4.507813e+00, 3.515908e-06, 3.517726e-06
4.523438e+00, 3.275562e-06, 3.277494e-06
4.539063e+00, 3.050228e-06, 3.052314e-06
4.554688e+00, 2.839059e-06, 2.841343e-06
4.570313e+00, 2.641242e-06, 2.643780e-06
4.585938e+00, 2.456005e-06, 2.458863e-06
4.601563e+00, 2.282608e-06, 2.285865e-06
4.617188e+00, 2.120346e-06, 2.124096e-06
4.632813e+00, 1.968545e-06, 1.972899e-06
4.648438e+00, 1.826563e-06, 1.831652e-06
4.664063e+00, 1.693785e-06, 1.699763e-06
4.679688e+00, 1.569625e-06, 1.576670e-06
4.695313e+00, 1.453518e-06, 1.461843e-06
4.710938e+00, 1.344929e-06, 1.354777e-06
4.726563e+00, 1.243340e-06, 1.254996e-06
4.742188e+00, 1.148256e-06, 1.162048e-06
4.757813e+00, 1.059200e-06, 1.075507e-06
4.773438e+00, 9.757142e-07, 9.949684e-07
4.789063e+00, 8.973526e-07, 9.200529e-07
4.804688e+00, 8.236864e-07, 8.504007e-07
4.820313e+00, 7.542968e-07, 7.856727e-07
4.835938e+00, 6.887776e-07, 7.255494e-07
4.851563e+00, 6.267292e-07, 6.697297e-07
4.867188e+00, 5.677614e-07, 6.179302e-07
4.882813e+00, 5.114871e-07, 5.698842e-07
4.898438e+00, 4.575254e-07, 5.253406e-07
4.914063e+00, 4.054947e-07, 4.840639e-07
4.929688e+00, 3.550162e-07, 4.458324e-07
4.945313e+00, 3.057066e-07, 4.104383e-07
4.960938e+00, 2.571819e-07, 3.776864e-07
4.976563e+00, 2.090498e-07, 3.473938e-07
4.992188e+00, 1.609132e-07, 3.193891e-07
5.000000e+00, 1.366647e-07, 3.061942e-07


#At time: 5.002422e+01, nsteps= 413


-1.000000e+00, 8.323448e-08, 3.925755e-07
-9.921875e-01, 1.111469e-07, 4.084578e-07
-9.765625e-01, 1.677446e-07, 4.420412e-07
-9.609375e-01, 2.254201e-07, 4.781912e-07
-9.453125e-01, 2.844261e-07, 5.170871e-07
-9.296875e-01, 3.450242e-07, 5.589193e-07
-9.140625e-01, 4.074858e-07, 6.038900e-07
-8.984375e-01, 4.720920e-07, 6.522137e-07
-8.828125e-01, 5.391351e-07, 7.041176e-07
-8.671875e-01, 6.089186e-07, 7.598430e-07
-8.515625e-01, 6.817582e-07, 8.196450e-07
-8.359375e-01, 7.579824e-07, 8.837939e-07
-8.203125e-01, 8.379331e-07, 9.525758e-07
-8.046875e-01, 9.219669e-07, 1.026293e-06
-7.890625e-01, 1.010455e-06, 1.105265e-06
-7.734375e-01, 1.103785e-06, 1.189830e-06
-7.578125e-01, 1.202361e-06, 1.280344e-06
-7.421875e-01, 1.306605e-06, 1.377183e-06
-7.265625e-01, 1.416957e-06, 1.480744e-06
-7.109375e-01, 1.533877e-06, 1.591445e-06
-6.953125e-01, 1.657844e-06, 1.709726e-06
-6.796875e-01, 1.789360e-06, 1.836051e-06
-6.640625e-01, 1.928948e-06, 1.970908e-06
-6.484375e-01, 2.077155e-06, 2.114809e-06
-6.328125e-01, 2.234552e-06, 2.268293e-06
-6.171875e-01, 2.401736e-06, 2.431927e-06
-6.015625e-01, 2.579329e-06, 2.606306e-06
-5.859375e-01, 2.767981e-06, 2.792051e-06
-5.703125e-01, 2.968372e-06, 2.989817e-06
-5.546875e-01, 3.181210e-06, 3.200290e-06
-5.390625e-01, 3.407234e-06, 3.424185e-06
-5.234375e-01, 3.647215e-06, 3.662254e-06
-5.078125e-01, 3.901958e-06, 3.915281e-06
-4.921875e-01, 4.172301e-06, 4.184087e-06
-4.765625e-01, 4.459118e-06, 4.469530e-06
-4.609375e-01, 4.763318e-06, 4.772504e-06
-4.453125e-01, 5.085851e-06, 5.093942e-06
-4.296875e-01, 5.427701e-06, 5.434818e-06
-4.140625e-01, 5.789895e-06, 5.796146e-06
-3.984375e-01, 6.173501e-06, 6.178982e-06
-3.828125e-01, 6.579628e-06, 6.584424e-06
-3.671875e-01, 7.009426e-06, 7.013617e-06
-3.515625e-01, 7.464093e-06, 7.467746e-06
-3.359375e-01, 7.944870e-06, 7.948045e-06
-3.203125e-01, 8.453042e-06, 8.455795e-06
-3.046875e-01, 8.989945e-06, 8.992322e-06
-2.890625e-01, 9.556958e-06, 9.559002e-06
-2.734375e-01, 1.015551e-05, 1.015726e-05
-2.578125e-01, 1.078709e-05, 1.078857e-05
-2.421875e-01, 1.145321e-05, 1.145446e-05
-2.265625e-01, 1.215547e-05, 1.215650e-05
-2.109375e-01, 1.289548e-05, 1.289631e-05
-1.953125e-01, 1.367493e-05, 1.367559e-05
-1.796875e-01, 1.449556e-05, 1.449606e-05
-1.640625e-01, 1.535915e-05, 1.535950e-05
-1.484375e-01, 1.626754e-05, 1.626775e-05
-1.328125e-01, 1.722262e-05, 1.722269e-05
-1.171875e-01, 1.822633e-05, 1.822628e-05
-1.015625e-01, 1.928067e-05, 1.928050e-05
-8.593750e-02, 2.038769e-05, 2.038741e-05
-7.031250e-02, 2.154948e-05, 2.154909e-05
-5.468750e-02, 2.276820e-05, 2.276770e-05
-3.906250e-02, 2.404605e-05, 2.404543e-05
-2.343750e-02, 2.538527e-05, 2.538454e-05
-7.812500e-03, 2.678817e-05, 2.678733e-05
7.812500e-03, 2.825710e-05, 2.825614e-05
2.343750e-02, 2.979443e-05, 2.979336e-05
3.906250e-02, 3.140262e-05, 3.140144e-05
5.468750e-02, 3.308415e-05, 3.308284e-05
7.031250e-02, 3.484153e-05, 3.484010e-05
8.593750e-02, 3.667733e-05, 3.667578e-05
1.015625e-01, 3.859414e-05, 3.859246e-05
1.171875e-01, 4.059461e-05, 4.059280e-05
1.328125e-01, 4.268139e-05, 4.267945e-05
1.484375e-01, 4.485718e-05, 4.485510e-05
1.640625e-01, 4.712471e-05, 4.712249e-05
1.796875e-01, 4.948672e-05, 4.948436e-05
1.953125e-01, 5.194598e-05, 5.194347e-05
2.109375e-01, 5.450526e-05, 5.450260e-05
2.265625e-01, 5.716736e-05, 5.716455e-05
2.421875e-01, 5.993509e-05, 5.993213e-05
2.578125e-01, 6.281125e-05, 6.280813e-05
2.734375e-01, 6.579865e-05, 6.579537e-05
2.890625e-01, 6.890009e-05, 6.889665e-05
3.046875e-01, 7.211837e-05, 7.211477e-05
3.203125e-01, 7.545626e-05, 7.545249e-05
3.359375e-01, 7.891651e-05, 7.891259e-05
3.515625e-01, 8.250187e-05, 8.249778e-05
3.671875e-01, 8.621503e-05, 8.621077e-05
3.828125e-01, 9.005865e-05, 9.005423e-05
3.984375e-01, 9.403535e-05, 9.403077e-05
4.140625e-01, 9.814771e-05, 9.814296e-05
4.296875e-01, 1.023982e-04, 1.023933e-04
4.453125e-01, 1.067894e-04, 1.067843e-04
4.609375e-01, 1.113235e-04, 1.113183e-04
4.765625e-01, 1.160029e-04, 1.159976e-04
4.921875e-01, 1.208299e-04, 1.208244e-04
5.078125e-01, 1.258065e-04, 1.258008e-04
5.234375e-01, 1.309348e-04, 1.309290e-04
5.390625e-01, 1.362167e-04, 1.362107e-04
5.546875e-01, 1.416540e-04, 1.416479e-04
5.703125e-01, 1.472484e-04, 1.472422e-04
5.859375e-01, 1.530015e-04, 1.529952e-04
6.015625e-01, 1.589147e-04, 1.589083e-04
6.171875e-01, 1.649893e-04, 1.649828e-04
6.328125e-01, 1.712264e-04, 1.712198e-04
6.484375e-01, 1.776270e-04, 1.776204e-04
6.640625e-01, 1.841919e-04, 1.841852e-04
6.796875e-01, 1.909217e-04, 1.909150e-04
6.953125e-01, 1.978170e-04, 1.978101e-04
7.109375e-01, 2.048778e-04, 2.048710e-04
7.265625e-01, 2.121044e-04, 2.120975e-04
7.421875e-01, 2.194965e-04, 2.194897e-04
7.578125e-01, 2.270539e-04, 2.270470e-04
7.734375e-01, 2.347759e-04, 2.347691e-04
7.890625e-01, 2.426618e-04, 2.426550e-04
8.046875e-01, 2.507105e-04, 2.507038e-04
8.203125e-01, 2.589209e-04, 2.589142e-04
8.359375e-01, 2.672913e-04, 2.672847e-04
8.515625e-01, 2.758201e-04, 2.758136e-04
8.671875e-01, 2.845052e-04, 2.844989e-04
8.828125e-01, 2.933444e-04, 2.933383e-04
8.984375e-01, 3.023353e-04, 3.023293e-04
9.140625e-01, 3.114749e-04, 3.114691e-04
9.296875e-01, 3.207603e-04, 3.207547e-04
9.453125e-01, 3.301881e-04, 3.301827e-04
9.609375e-01, 3.397548e-04, 3.397497e-04
9.765625e-01, 3.494565e-04, 3.494516e-04
9.921875e-01, 3.592889e-04, 3.592843e-04
1.007813e+00, 3.692478e-04, 3.692434e-04
1.023438e+00, 3.793283e-04, 3.793243e-04
1.039063e+00, 3.895255e-04, 3.895218e-04
1.054688e+00, 3.998341e-04, 3.998308e-04
1.070313e+00, 4.102486e-04, 4.102457e-04
1.085938e+00, 4.207632e-04, 4.207606e-04
1.101563e+00, 4.313716e-04, 4.313695e-04
1.117188e+00, 4.420677e-04, 4.420659e-04
1.132813e+00, 4.528447e-04, 4.528434e-04
1.148438e+00, 4.636957e-04, 4.636948e-04
1.164063e+00, 4.746136e-04, 4.746132e-04
1.179688e+00, 4.855909e-04, 4.855910e-04
1.195313e+00, 4.966201e-04, 4.966207e-04
1.210938e+00, 5.076931e-04, 5.076942e-04
1.226563e+00, 5.188019e-04, 5.188036e-04
1.242188e+00, 5.299382e-04, 5.299404e-04
1.257813e+00, 5.410933e-04, 5.410961e-04
1.273438e+00, 5.522585e-04, 5.522618e-04
1.289063e+00, 5.634248e-04, 5.634287e-04
1.304688e+00, 5.745831e-04, 5.745875e-04
1.320313e+00, 5.857240e-04, 5.857290e-04
1.335938e+00, 5.968380e-04, 5.968437e-04
1.351563e+00, 6.079156e-04, 6.079218e-04
1.367188e+00, 6.189469e-04, 6.189537e-04
1.382813e+00, 6.299220e-04, 6.299295e-04
1.398438e+00, 6.408310e-04, 6.408390e-04
1.414063e+00, 6.516637e-04, 6.516724e-04
1.429688e+00, 6.624100e-04, 6.624192e-04
1.445313e+00, 6.730596e-04, 6.730694e-04
1.460938e+00, 6.836023e-04, 6.836127e-04
1.476563e+00, 6.940277e-04, 6.940386e-04
1.492188e+00, 7.043254e-04, 7.043370e-04
1.507813e+00, 7.144853e-04, 7.144973e-04
1.523438e+00, 7.244968e-04, 7.245094e-04
1.539063e+00, 7.343499e-04, 7.343630e-04
1.554688e+00, 7.440341e-04, 7.440478e-04
1.570313e+00, 7.535395e-04, 7.535536e-04
1.585938e+00, 7.628558e-04, 7.628704e-04
1.601563e+00, 7.719732e-04, 7.719883e-04
1.617188e+00, 7.808819e-04, 7.808974e-04
1.632813e+00, 7.895720e-04, 7.895879e-04
1.648438e+00, 7.980341e-04, 7.980504e-04
1.664063e+00, 8.062588e-04, 8.062755e-04
1.679688e+00, 8.142369e-04, 8.142539e-04
1.695313e+00, 8.219596e-04, 8.219769e-04
1.710938e+00, 8.294179e-04, 8.294355e-04
1.726563e+00, 8.366035e-04, 8.366214e-04
1.742188e+00, 8.435082e-04, 8.435262e-04
1.757813e+00, 8.501238e-04, 8.501421e-04
1.773438e+00, 8.564429e-04, 8.564613e-04
1.789063e+00, 8.624580e-04, 8.624765e-04
1.804688e+00, 8.681620e-04, 8.681806e-04
1.820313e+00, 8.735483e-04, 8.735670e-04
1.835938e+00, 8.786105e-04, 8.786292e-04
1.851563e+00, 8.833426e-04, 8.833612e-04
1.867188e+00, 8.877389e-04, 8.877575e-04
1.882813e+00, 8.917943e-04, 8.918128e-04
1.898438e+00, 8.955037e-04, 8.955221e-04
1.914063e+00, 8.988628e-04, 8.988811e-04
1.929688e+00, 9.018676e-04, 9.018856e-04
1.945313e+00, 9.045143e-04, 9.045321e-04
1.960938e+00, 9.067998e-04, 9.068173e-04
1.976563e+00, 9.087212e-04, 9.087384e-04
1.992188e+00, 9.102764e-04, 9.102932e-04
2.007813e+00, 9.114633e-04, 9.114798e-04
2.023438e+00, 9.122805e-04, 9.122966e-04
2.039063e+00, 9.127270e-04, 9.127427e-04
2.054688e+00, 9.128024e-04, 9.128175e-04
2.070313e+00, 9.125064e-04, 9.125210e-04
2.085938e+00, 9.118394e-04, 9.118536e-04
2.101563e+00, 9.108024e-04, 9.108159e-04
2.117188e+00, 9.093964e-04, 9.094094e-04
2.132813e+00, 9.076233e-04, 9.076356e-04
2.148438e+00, 9.054851e-04, 9.054969e-04
2.164063e+00, 9.029846e-04, 9.029956e-04
2.179688e+00, 9.001247e-04, 9.001350e-04
2.195313e+00, 8.969088e-04, 8.969185e-04
2.210938e+00, 8.933409e-04, 8.933499e-04
2.226563e+00, 8.894253e-04, 8.894335e-04
2.242188e+00, 8.851666e-04, 8.851741e-04
2.257813e+00, 8.805700e-04, 8.805767e-04
2.273438e+00, 8.756410e-04, 8.756469e-04
2.289063e+00, 8.703853e-04, 8.703904e-04
2.304688e+00, 8.648093e-04, 8.648136e-04
2.320313e+00, 8.589195e-04, 8.589230e-04
2.335938e+00, 8.527228e-04, 8.527254e-04
2.351563e+00, 8.462264e-04, 8.462283e-04
2.367188e+00, 8.394379e-04, 8.394390e-04
2.382813e+00, 8.323652e-04, 8.323654e-04
2.398438e+00, 8.250163e-04, 8.250157e-04
2.414063e+00, 8.173997e-04, 8.173983e-04
2.429688e+00, 8.095239e-04, 8.095218e-04
2.445313e+00, 8.013980e-04, 8.013950e-04
2.460938e+00, 7.930308e-04, 7.930271e-04
2.476563e+00, 7.844319e-04, 7.844273e-04
2.492188e+00, 7.756105e-04, 7.756052e-04
2.507813e+00, 7.665764e-04, 7.665703e-04
2.523438e+00, 7.573393e-04, 7.573325e-04
2.539063e+00, 7.479091e-04, 7.479017e-04
2.554688e+00, 7.382959e-04, 7.382878e-04
2.570313e+00, 7.285099e-04, 7.285011e-04
2.585938e+00, 7.185611e-04, 7.185516e-04
2.601563e+00, 7.084598e-04, 7.084498e-04
2.617188e+00, 6.982165e-04, 6.982058e-04
2.632813e+00, 6.878413e-04, 6.878301e-04
2.648438e+00, 6.773446e-04, 6.773329e-04
2.664063e+00, 6.667368e-04, 6.667246e-04
2.679688e+00, 6.560281e-04, 6.560154e-04
2.695313e+00, 6.452289e-04, 6.452157e-04
2.710938e+00, 6.343493e-04, 6.343356e-04
2.726563e+00, 6.233994e-04, 6.233854e-04
2.742188e+00, 6.123893e-04, 6.123749e-04
2.757813e+00, 6.013289e-04, 6.013142e-04
2.773438e+00, 5.902281e-04, 5.902131e-04
2.789063e+00, 5.790966e-04, 5.790813e-04
2.804688e+00, 5.679439e-04, 5.679283e-04
2.820313e+00, 5.567793e-04, 5.567636e-04
2.835938e+00, 5.456122e-04, 5.455963e-04
2.851563e+00, 5.344515e-04, 5.344355e-04
2.867188e+00, 5.233062e-04, 5.232900e-04
2.882813e+00, 5.121848e-04, 5.121686e-04
2.898438e+00, 5.010959e-04, 5.010796e-04
2.914063e+00, 4.900476e-04, 4.900313e-04
2.929688e+00, 4.790479e-04, 4.790316e-04
2.945313e+00, 4.681046e-04, 4.680884e-04
2.960938e+00, 4.572253e-04, 4.572091e-04
2.976563e+00, 4.464171e-04, 4.464010e-04
2.992188e+00, 4.356870e-04, 4.356711e-04
3.007813e+00, 4.250419e-04, 4.250261e-04
3.023438e+00, 4.144882e-04, 4.144725e-04
3.039063e+00, 4.040321e-04, 4.040166e-04
3.054688e+00, 3.936795e-04, 3.936643e-04
3.070313e+00, 3.834361e-04, 3.834212e-04
3.085938e+00, 3.733074e-04, 3.732927e-04
3.101563e+00, 3.632983e-04, 3.632839e-04
3.117188e+00, 3.534137e-04, 3.533996e-04
3.132813e+00, 3.436583e-04, 3.436445e-04
3.148438e+00, 3.340361e-04, 3.340227e-04
3.164063e+00, 3.245513e-04, 3.245382e-04
3.179688e+00, 3.152075e-04, 3.151948e-04
3.195313e+00, 3.060081e-04, 3.059958e-04
3.210938e+00, 2.969564e-04, 2.969445e-04
3.226563e+00, 2.880552e-04, 2.880436e-04
3.242188e+00, 2.793071e-04, 2.792960e-04
3.257813e+00, 2.707145e-04, 2.707038e-04
3.273438e+00, 2.622794e-04, 2.622692e-04
3.289063e+00, 2.540039e-04, 2.539941e-04
3.304688e+00, 2.458893e-04, 2.458800e-04
3.320313e+00, 2.379371e-04, 2.379282e-04
3.335938e+00, 2.301485e-04, 2.301400e-04
3.351563e+00, 2.225242e-04, 2.225162e-04
3.367188e+00, 2.150649e-04, 2.150574e-04
3.382813e+00, 2.077712e-04, 2.077641e-04
3.398438e+00, 2.006431e-04, 2.006364e-04
3.414063e+00, 1.936807e-04, 1.936745e-04
3.429688e+00, 1.868838e-04, 1.868781e-04
3.445313e+00, 1.802521e-04, 1.802469e-04
3.460938e+00, 1.737850e-04, 1.737802e-04
3.476563e+00, 1.674818e-04, 1.674774e-04
3.492188e+00, 1.613415e-04, 1.613375e-04
3.507813e+00, 1.553630e-04, 1.553595e-04
3.523438e+00, 1.495453e-04, 1.495421e-04
3.539063e+00, 1.438868e-04, 1.438840e-04
3.554688e+00, 1.383861e-04, 1.383837e-04
3.570313e+00, 1.330415e-04, 1.330395e-04
3.585938e+00, 1.278513e-04, 1.278496e-04
3.601563e+00, 1.228135e-04, 1.228123e-04
3.617188e+00, 1.179263e-04, 1.179254e-04
3.632813e+00, 1.131875e-04, 1.131869e-04
3.648438e+00, 1.085949e-04, 1.085946e-04
3.664063e+00, 1.041462e-04, 1.041463e-04
3.679688e+00, 9.983914e-05, 9.983953e-05
3.695313e+00, 9.567126e-05, 9.567194e-05
3.710938e+00, 9.164006e-05, 9.164102e-05
3.726563e+00, 8.774301e-05, 8.774423e-05
3.742188e+00, 8.397749e-05, 8.397896e-05
3.757813e+00, 8.034086e-05, 8.034258e-05
3.773438e+00, 7.683044e-05, 7.683238e-05
3.789063e+00, 7.344350e-05, 7.344566e-05
3.804688e+00, 7.017730e-05, 7.017967e-05
3.820313e+00, 6.702907e-05, 6.703162e-05
3.835938e+00, 6.399601e-05, 6.399875e-05
3.851563e+00, 6.107534e-05, 6.107824e-05
3.867188e+00, 5.826424e-05, 5.826730e-05
3.882813e+00, 5.555991e-05, 5.556311e-05
3.898438e+00, 5.295953e-05, 5.296286e-05
3.914063e+00, 5.046032e-05, 5.046377e-05
3.929688e+00, 4.805948e-05, 4.806304e-05
3.945313e+00, 4.575424e-05, 4.575790e-05
3.960938e+00, 4.354185e-05, 4.354559e-05
3.976563e+00, 4.141956e-05, 4.142339e-05
3.992188e+00, 3.938469e-05, 3.938859e-05
4.007813e+00, 3.743454e-05, 3.743850e-05
4.023438e+00, 3.556647e-05, 3.557048e-05
4.039063e+00, 3.377786e-05, 3.378193e-05
4.054688e+00, 3.206615e-05, 3.207025e-05
4.070313e+00, 3.042878e-05, 3.043292e-05
4.085938e+00, 2.886326e-05, 2.886743e-05
4.101563e+00, 2.736714e-05, 2.737133e-05
4.117188e+00, 2.593800e-05, 2.594222e-05
4.132813e+00, 2.457348e-05, 2.457772e-05
4.148438e+00, 2.327125e-05, 2.327551e-05
4.164063e+00, 2.202906e-05, 2.203334e-05
4.179688e+00, 2.084466e-05, 2.084897e-05
4.195313e+00, 1.971591e-05, 1.972024e-05
4.210938e+00, 1.864066e-05, 1.864503e-05
4.226563e+00, 1.761686e-05, 1.762128e-05
4.242188e+00, 1.664248e-05, 1.664696e-05
4.257813e+00, 1.571557e-05, 1.572012e-05
4.273438e+00, 1.483420e-05, 1.483884e-05
4.289063e+00, 1.399651e-05, 1.400127e-05
4.304688e+00, 1.320070e-05, 1.320560e-05
4.320313e+00, 1.244501e-05, 1.245008e-05
4.335938e+00, 1.172773e-05, 1.173301e-05
4.351563e+00, 1.104721e-05, 1.105274e-05
4.367188e+00, 1.040185e-05, 1.040768e-05
4.382813e+00, 9.790080e-06, 9.796280e-06
4.398438e+00, 9.210413e-06, 9.217045e-06
4.414063e+00, 8.661388e-06, 8.668531e-06
4.429688e+00, 8.141599e-06, 8.149344e-06
4.445313e+00, 7.649685e-06, 7.658136e-06
4.460938e+00, 7.184333e-06, 7.193608e-06
4.476563e+00, 6.744275e-06, 6.754509e-06
4.492188e+00, 6.328286e-06, 6.339633e-06
4.507813e+00, 5.935185e-06, 5.947819e-06
4.523438e+00, 5.563832e-06, 5.577950e-06
4.539063e+00, 5.213129e-06, 5.228955e-06
4.554688e+00, 4.882015e-06, 4.899800e-06
4.570313e+00, 4.569470e-06, 4.589498e-06
4.585938e+00, 4.274508e-06, 4.297099e-06
4.601563e+00, 3.996180e-06, 4.021691e-06
4.617188e+00, 3.733569e-06, 3.762404e-06
4.632813e+00, 3.485793e-06, 3.518402e-06
4.648438e+00, 3.252000e-06, 3.288886e-06
4.664063e+00, 3.031365e-06, 3.073091e-06
4.679688e+00, 2.823094e-06, 2.870287e-06
4.695313e+00, 2.626418e-06, 2.679776e-06
4.710938e+00, 2.440592e-06, 2.500892e-06
4.726563e+00, 2.264895e-06, 2.333000e-06
4.742188e+00, 2.098625e-06, 2.175494e-06
4.757813e+00, 1.941103e-06, 2.027796e-06
4.773438e+00, 1.791664e-06, 1.889357e-06
4.789063e+00, 1.649662e-06, 1.759653e-06
4.804688e+00, 1.514463e-06, 1.638187e-06
4.820313e+00, 1.385445e-06, 1.524484e-06
4.835938e+00, 1.261997e-06, 1.418097e-06
4.851563e+00, 1.143516e-06, 1.318597e-06
4.867188e+00, 1.029406e-06, 1.225580e-06
4.882813e+00, 9.190722e-07, 1.138661e-06
4.898438e+00, 8.119244e-07, 1.057476e-06
4.914063e+00, 7.073705e-07, 9.816799e-07
4.929688e+00, 6.048159e-07, 9.109459e-07
4.945313e+00, 5.036606e-07, 8.449648e-07
4.960938e+00, 4.032972e-07, 7.834439e-07
4.976563e+00, 3.031076e-07, 7.261068e-07
4.992188e+00, 2.024608e-07, 6.726922e-07
5.000000e+00, 1.517072e-07, 6.473782e-07


#At time: 7.509690e+01, nsteps= 620


-1.000000e+00, 6.857708e-08, 6.093126e-07
-9.921875e-01, 1.090452e-07, 6.322177e-07
-9.765625e-01, 1.910690e-07, 6.804517e-07
-9.609375e-01, 2.746542e-07, 7.320907e-07
-9.453125e-01, 3.600977e-07, 7.873528e-07
-9.296875e-01, 4.477067e-07, 8.464686e-07
-9.140625e-01, 5.377988e-07, 9.096812e-07
-8.984375e-01, 6.307029e-07, 9.772474e-07
-8.828125e-01, 7.267597e-07, 1.049438e-06
-8.671875e-01, 8.263227e-07, 1.126538e-06
-8.515625e-01, 9.297582e-07, 1.208849e-06
-8.359375e-01, 1.037447e-06, 1.296687e-06
-8.203125e-01, 1.149783e-06, 1.390385e-06
-8.046875e-01, 1.267177e-06, 1.490294e-06
-7.890625e-01, 1.390055e-06, 1.596782e-06
-7.734375e-01, 1.518860e-06, 1.710237e-06
-7.578125e-01, 1.654052e-06, 1.831066e-06
-7.421875e-01, 1.796110e-06, 1.959695e-06
-7.265625e-01, 1.945531e-06, 2.096573e-06
-7.109375e-01, 2.102834e-06, 2.242170e-06
-6.953125e-01, 2.268556e-06, 2.396977e-06
-6.796875e-01, 2.443257e-06, 2.561510e-06
-6.640625e-01, 2.627521e-06, 2.736310e-06
-6.484375e-01, 2.821951e-06, 2.921941e-06
-6.328125e-01, 3.027178e-06, 3.118994e-06
-6.171875e-01, 3.243855e-06, 3.328086e-06
-6.015625e-01, 3.472665e-06, 3.549862e-06
-5.859375e-01, 3.714313e-06, 3.784995e-06
-5.703125e-01, 3.969535e-06, 4.034187e-06
-5.546875e-01, 4.239094e-06, 4.298172e-06
-5.390625e-01, 4.523781e-06, 4.577711e-06
-5.234375e-01, 4.824422e-06, 4.873601e-06
-5.078125e-01, 5.141868e-06, 5.186668e-06
-4.921875e-01, 5.477007e-06, 5.517773e-06
-4.765625e-01, 5.830756e-06, 5.867812e-06
-4.609375e-01, 6.204070e-06, 6.237714e-06
-4.453125e-01, 6.597934e-06, 6.628445e-06
-4.296875e-01, 7.013371e-06, 7.041006e-06
-4.140625e-01, 7.451439e-06, 7.476439e-06
-3.984375e-01, 7.913234e-06, 7.935819e-06
-3.828125e-01, 8.399888e-06, 8.420263e-06
-3.671875e-01, 8.912573e-06, 8.930926e-06
-3.515625e-01, 9.452498e-06, 9.469003e-06
-3.359375e-01, 1.002091e-05, 1.003573e-05
-3.203125e-01, 1.061911e-05, 1.063238e-05
-3.046875e-01, 1.124841e-05, 1.126028e-05
-2.890625e-01, 1.191019e-05, 1.192078e-05
-2.734375e-01, 1.260587e-05, 1.261528e-05
-2.578125e-01, 1.333689e-05, 1.334524e-05
-2.421875e-01, 1.410476e-05, 1.411213e-05
-2.265625e-01, 1.491101e-05, 1.491749e-05
-2.109375e-01, 1.575722e-05, 1.576289e-05
-1.953125e-01, 1.664502e-05, 1.664994e-05
-1.796875e-01, 1.757607e-05, 1.758032e-05
-1.640625e-01, 1.855209e-05, 1.855571e-05
-1.484375e-01, 1.957482e-05, 1.957787e-05
-1.328125e-01, 2.064605e-05, 2.064858e-05
-1.171875e-01, 2.176763e-05, 2.176967e-05
-1.015625e-01, 2.294142e-05, 2.294301e-05
-8.593750e-02, 2.416934e-05, 2.417052e-05
-7.031250e-02, 2.545334e-05, 2.545414e-05
-5.468750e-02, 2.679543e-05, 2.679586e-05
-3.906250e-02, 2.819763e-05, 2.819772e-05
-2.343750e-02, 2.966201e-05, 2.966178e-05
-7.812500e-03, 3.119067e-05, 3.119015e-05
7.812500e-03, 3.278576e-05, 3.278495e-05
2.343750e-02, 3.444944e-05, 3.444836e-05
3.906250e-02, 3.618392e-05, 3.618257e-05
5.468750e-02, 3.799142e-05, 3.798983e-05
7.031250e-02, 3.987421e-05, 3.987237e-05
8.593750e-02, 4.183458e-05, 4.183250e-05
1.015625e-01, 4.387482e-05, 4.387251e-05
1.171875e-01, 4.599726e-05, 4.599472e-05
1.328125e-01, 4.820426e-05, 4.820150e-05
1.484375e-01, 5.049816e-05, 5.049518e-05
1.640625e-01, 5.288135e-05, 5.287815e-05
1.796875e-01, 5.535621e-05, 5.535280e-05
1.953125e-01, 5.792512e-05, 5.792150e-05
2.109375e-01, 6.059048e-05, 6.058665e-05
2.265625e-01, 6.335468e-05, 6.335063e-05
2.421875e-01, 6.622010e-05, 6.621585e-05
2.578125e-01, 6.918913e-05, 6.918467e-05
2.734375e-01, 7.226412e-05, 7.225946e-05
2.890625e-01, 7.544744e-05, 7.544257e-05
3.046875e-01, 7.874140e-05, 7.873633e-05
3.203125e-01, 8.214832e-05, 8.214305e-05
3.359375e-01, 8.567046e-05, 8.566499e-05
3.515625e-01, 8.931006e-05, 8.930439e-05
3.671875e-01, 9.306933e-05, 9.306347e-05
3.828125e-01, 9.695042e-05, 9.694436e-05
3.984375e-01, 1.009554e-04, 1.009492e-04
4.140625e-01, 1.050864e-04, 1.050800e-04
4.296875e-01, 1.093454e-04, 1.093388e-04
4.453125e-01, 1.137342e-04, 1.137274e-04
4.609375e-01, 1.182548e-04, 1.182478e-04
4.765625e-01, 1.229089e-04, 1.229017e-04
4.921875e-01, 1.276981e-04, 1.276909e-04
5.078125e-01, 1.326242e-04, 1.326168e-04
5.234375e-01, 1.376886e-04, 1.376811e-04
5.390625e-01, 1.428928e-04, 1.428851e-04
5.546875e-01, 1.482379e-04, 1.482301e-04
5.703125e-01, 1.537253e-04, 1.537173e-04
5.859375e-01, 1.593559e-04, 1.593479e-04
6.015625e-01, 1.651307e-04, 1.651226e-04
6.171875e-01, 1.710506e-04, 1.710424e-04
6.328125e-01, 1.771162e-04, 1.771079e-04
6.484375e-01, 1.833280e-04, 1.833197e-04
6.640625e-01, 1.896864e-04, 1.896781e-04
6.796875e-01, 1.961917e-04, 1.961833e-04
6.953125e-01, 2.028439e-04, 2.028355e-04
7.109375e-01, 2.096429e-04, 2.096345e-04
7.265625e-01, 2.165884e-04, 2.165801e-04
7.421875e-01, 2.236801e-04, 2.236717e-04
7.578125e-01, 2.309172e-04, 2.309089e-04
7.734375e-01, 2.382990e-04, 2.382908e-04
7.890625e-01, 2.458244e-04, 2.458163e-04
8.046875e-01, 2.534923e-04, 2.534843e-04
8.203125e-01, 2.613012e-04, 2.612933e-04
8.359375e-01, 2.692496e-04, 2.692418e-04
8.515625e-01, 2.773355e-04, 2.773280e-04
8.671875e-01, 2.855571e-04, 2.855497e-04
8.828125e-01, 2.939120e-04, 2.939049e-04
8.984375e-01, 3.023978e-04, 3.023909e-04
9.140625e-01, 3.110118e-04, 3.110051e-04
9.296875e-01, 3.197511e-04, 3.197447e-04
9.453125e-01, 3.286125e-04, 3.286064e-04
9.609375e-01, 3.375927e-04, 3.375870e-04
9.765625e-01, 3.466882e-04, 3.466828e-04
9.921875e-01, 3.558950e-04, 3.558900e-04
1.007813e+00, 3.652092e-04, 3.652045e-04
1.023438e+00, 3.746264e-04, 3.746222e-04
1.039063e+00, 3.841423e-04, 3.841385e-04
1.054688e+00, 3.937519e-04, 3.937486e-04
1.070313e+00, 4.034505e-04, 4.034476e-04
1.085938e+00, 4.132327e-04, 4.132303e-04
1.101563e+00, 4.230932e-04, 4.230914e-04
1.117188e+00, 4.330264e-04, 4.330251e-04
1.132813e+00, 4.430265e-04, 4.430257e-04
1.148438e+00, 4.530873e-04, 4.530871e-04
1.164063e+00, 4.632026e-04, 4.632030e-04
1.179688e+00, 4.733660e-04, 4.733670e-04
1.195313e+00, 4.835708e-04, 4.835724e-04
1.210938e+00, 4.938102e-04, 4.938124e-04
1.226563e+00, 5.040771e-04, 5.040799e-04
1.242188e+00, 5.143642e-04, 5.143678e-04
1.257813e+00, 5.246643e-04, 5.246685e-04
1.273438e+00, 5.349698e-04, 5.349746e-04
1.289063e+00, 5.452728e-04, 5.452784e-04
1.304688e+00, 5.555657e-04, 5.555720e-04
1.320313e+00, 5.658404e-04, 5.658473e-04
1.335938e+00, 5.760888e-04, 5.760964e-04
1.351563e+00, 5.863026e-04, 5.863109e-04
1.367188e+00, 5.964735e-04, 5.964825e-04
1.382813e+00, 6.065930e-04, 6.066028e-04
1.398438e+00, 6.166527e-04, 6.166632e-04
1.414063e+00, 6.266439e-04, 6.266550e-04
1.429688e+00, 6.365579e-04, 6.365697e-04
1.445313e+00, 6.463860e-04, 6.463986e-04
1.460938e+00, 6.561194e-04, 6.561327e-04
1.476563e+00, 6.657495e-04, 6.657634e-04
1.492188e+00, 6.752673e-04, 6.752819e-04
1.507813e+00, 6.846640e-04, 6.846793e-04
1.523438e+00, 6.939309e-04, 6.939468e-04
1.539063e+00, 7.030593e-04, 7.030758e-04
1.554688e+00, 7.120403e-04, 7.120574e-04
1.570313e+00, 7.208653e-04, 7.208830e-04
1.585938e+00, 7.295258e-04, 7.295441e-04
1.601563e+00, 7.380132e-04, 7.380320e-04
1.617188e+00, 7.463191e-04, 7.463384e-04
1.632813e+00, 7.544351e-04, 7.544549e-04
1.648438e+00, 7.623531e-04, 7.623734e-04
1.664063e+00, 7.700650e-04, 7.700857e-04
1.679688e+00, 7.775630e-04, 7.775841e-04
1.695313e+00, 7.848392e-04, 7.848607e-04
1.710938e+00, 7.918862e-04, 7.919080e-04
1.726563e+00, 7.986965e-04, 7.987186e-04
1.742188e+00, 8.052630e-04, 8.052853e-04
1.757813e+00, 8.115787e-04, 8.116013e-04
1.773438e+00, 8.176368e-04, 8.176597e-04
1.789063e+00, 8.234310e-04, 8.234540e-04
1.804688e+00, 8.289550e-04, 8.289781e-04
1.820313e+00, 8.342028e-04, 8.342260e-04
1.835938e+00, 8.391686e-04, 8.391919e-04
1.851563e+00, 8.438472e-04, 8.438704e-04
1.867188e+00, 8.482332e-04, 8.482564e-04
1.882813e+00, 8.523221e-04, 8.523452e-04
1.898438e+00, 8.561091e-04, 8.561321e-04
1.914063e+00, 8.595902e-04, 8.596130e-04
1.929688e+00, 8.627614e-04, 8.627840e-04
1.945313e+00, 8.656193e-04, 8.656417e-04
1.960938e+00, 8.681606e-04, 8.681827e-04
1.976563e+00, 8.703826e-04, 8.704043e-04
1.992188e+00, 8.722826e-04, 8.723040e-04
2.007813e+00, 8.738587e-04, 8.738797e-04
2.023438e+00, 8.751089e-04, 8.751295e-04
2.039063e+00, 8.760320e-04, 8.760521e-04
2.054688e+00, 8.766269e-04, 8.766464e-04
2.070313e+00, 8.768929e-04, 8.769119e-04
2.085938e+00, 8.768297e-04, 8.768481e-04
2.101563e+00, 8.764373e-04, 8.764551e-04
2.117188e+00, 8.757163e-04, 8.757334e-04
2.132813e+00, 8.746674e-04, 8.746838e-04
2.148438e+00, 8.732918e-04, 8.733075e-04
2.164063e+00, 8.715911e-04, 8.716060e-04
2.179688e+00, 8.695672e-04, 8.695813e-04
2.195313e+00, 8.672222e-04, 8.672356e-04
2.210938e+00, 8.645590e-04, 8.645715e-04
2.226563e+00, 8.615803e-04, 8.615920e-04
2.242188e+00, 8.582896e-04, 8.583004e-04
2.257813e+00, 8.546905e-04, 8.547004e-04
2.273438e+00, 8.507870e-04, 8.507960e-04
2.289063e+00, 8.465834e-04, 8.465914e-04
2.304688e+00, 8.420843e-04, 8.420914e-04
2.320313e+00, 8.372948e-04, 8.373009e-04
2.335938e+00, 8.322199e-04, 8.322251e-04
2.351563e+00, 8.268652e-04, 8.268695e-04
2.367188e+00, 8.212366e-04, 8.212399e-04
2.382813e+00, 8.153402e-04, 8.153424e-04
2.398438e+00, 8.091821e-04, 8.091834e-04
2.414063e+00, 8.027692e-04, 8.027695e-04
2.429688e+00, 7.961080e-04, 7.961074e-04
2.445313e+00, 7.892058e-04, 7.892042e-04
2.460938e+00, 7.820697e-04, 7.820671e-04
2.476563e+00, 7.747072e-04, 7.747036e-04
2.492188e+00, 7.671259e-04, 7.671214e-04
2.507813e+00, 7.593336e-04, 7.593282e-04
2.523438e+00, 7.513383e-04, 7.513320e-04
2.539063e+00, 7.431481e-04, 7.431409e-04
2.554688e+00, 7.347713e-04, 7.347632e-04
2.570313e+00, 7.262161e-04, 7.262072e-04
2.585938e+00, 7.174911e-04, 7.174813e-04
2.601563e+00, 7.086048e-04, 7.085942e-04
2.617188e+00, 6.995658e-04, 6.995544e-04
2.632813e+00, 6.903828e-04, 6.903707e-04
2.648438e+00, 6.810646e-04, 6.810518e-04
2.664063e+00, 6.716200e-04, 6.716064e-04
2.679688e+00, 6.620576e-04, 6.620434e-04
2.695313e+00, 6.523864e-04, 6.523716e-04
2.710938e+00, 6.426152e-04, 6.425997e-04
2.726563e+00, 6.327526e-04, 6.327366e-04
2.742188e+00, 6.228075e-04, 6.227909e-04
2.757813e+00, 6.127886e-04, 6.127715e-04
2.773438e+00, 6.027044e-04, 6.026869e-04
2.789063e+00, 5.925637e-04, 5.925457e-04
2.804688e+00, 5.823749e-04, 5.823565e-04
2.820313e+00, 5.721463e-04, 5.721276e-04
2.835938e+00, 5.618864e-04, 5.618673e-04
2.851563e+00, 5.516033e-04, 5.515839e-04
2.867188e+00, 5.413051e-04, 5.412855e-04
2.882813e+00, 5.309997e-04, 5.309798e-04
2.898438e+00, 5.206950e-04, 5.206749e-04
2.914063e+00, 5.103985e-04, 5.103783e-04
2.929688e+00, 5.001178e-04, 5.000975e-04
2.945313e+00, 4.898602e-04, 4.898398e-04
2.960938e+00, 4.796328e-04, 4.796124e-04
2.976563e+00, 4.694426e-04, 4.694222e-04
2.992188e+00, 4.592964e-04, 4.592760e-04
3.007813e+00, 4.492008e-04, 4.491805e-04
3.023438e+00, 4.391622e-04, 4.391419e-04
3.039063e+00, 4.291867e-04, 4.291666e-04
3.054688e+00, 4.192803e-04, 4.192603e-04
3.070313e+00, 4.094487e-04, 4.094290e-04
3.085938e+00, 3.996976e-04, 3.996781e-04
3.101563e+00, 3.900322e-04, 3.900129e-04
3.117188e+00, 3.804576e-04, 3.804386e-04
3.132813e+00, 3.709787e-04, 3.709600e-04
3.148438e+00, 3.616002e-04, 3.615818e-04
3.164063e+00, 3.523264e-04, 3.523083e-04
3.179688e+00, 3.431615e-04, 3.431438e-04
3.195313e+00, 3.341096e-04, 3.340923e-04
3.210938e+00, 3.251743e-04, 3.251574e-04
3.226563e+00, 3.163591e-04, 3.163426e-04
3.242188e+00, 3.076673e-04, 3.076512e-04
3.257813e+00, 2.991019e-04, 2.990864e-04
3.273438e+00, 2.906659e-04, 2.906508e-04
3.289063e+00, 2.823617e-04, 2.823471e-04
3.304688e+00, 2.741917e-04, 2.741776e-04
3.320313e+00, 2.661582e-04, 2.661446e-04
3.335938e+00, 2.582630e-04, 2.582499e-04
3.351563e+00, 2.505079e-04, 2.504954e-04
3.367188e+00, 2.428945e-04, 2.428824e-04
3.382813e+00, 2.354240e-04, 2.354125e-04
3.398438e+00, 2.280975e-04, 2.280866e-04
3.414063e+00, 2.209161e-04, 2.209057e-04
3.429688e+00, 2.138805e-04, 2.138706e-04
3.445313e+00, 2.069911e-04, 2.069818e-04
3.460938e+00, 2.002484e-04, 2.002397e-04
3.476563e+00, 1.936527e-04, 1.936445e-04
3.492188e+00, 1.872038e-04, 1.871962e-04
3.507813e+00, 1.809018e-04, 1.808946e-04
3.523438e+00, 1.747462e-04, 1.747396e-04
3.539063e+00, 1.687367e-04, 1.687307e-04
3.554688e+00, 1.628727e-04, 1.628672e-04
3.570313e+00, 1.571535e-04, 1.571484e-04
3.585938e+00, 1.515781e-04, 1.515736e-04
3.601563e+00, 1.461456e-04, 1.461416e-04
3.617188e+00, 1.408549e-04, 1.408514e-04
3.632813e+00, 1.357048e-04, 1.357017e-04
3.648438e+00, 1.306938e-04, 1.306912e-04
3.664063e+00, 1.258206e-04, 1.258185e-04
3.679688e+00, 1.210836e-04, 1.210819e-04
3.695313e+00, 1.164812e-04, 1.164800e-04
3.710938e+00, 1.120117e-04, 1.120108e-04
3.726563e+00, 1.076732e-04, 1.076728e-04
3.742188e+00, 1.034639e-04, 1.034638e-04
3.757813e+00, 9.938176e-05, 9.938209e-05
3.773438e+00, 9.542485e-05, 9.542555e-05
3.789063e+00, 9.159107e-05, 9.159212e-05
3.804688e+00, 8.787830e-05, 8.787969e-05
3.820313e+00, 8.428435e-05, 8.428607e-05
3.835938e+00, 8.080702e-05, 8.080906e-05
3.851563e+00, 7.744405e-05, 7.744640e-05
3.867188e+00, 7.419316e-05, 7.419580e-05
3.882813e+00, 7.105203e-05, 7.105495e-05
3.898438e+00, 6.801832e-05, 6.802152e-05
3.914063e+00, 6.508968e-05, 6.509314e-05
3.929688e+00, 6.226373e-05, 6.226744e-05
3.945313e+00, 5.953809e-05, 5.954204e-05
3.960938e+00, 5.691037e-05, 5.691456e-05
3.976563e+00, 5.437818e-05, 5.438260e-05
3.992188e+00, 5.193912e-05, 5.194377e-05
4.007813e+00, 4.959082e-05, 4.959569e-05
4.023438e+00, 4.733088e-05, 4.733597e-05
4.039063e+00, 4.515693e-05, 4.516225e-05
4.054688e+00, 4.306663e-05, 4.307218e-05
4.070313e+00, 4.105762e-05, 4.106341e-05
4.085938e+00, 3.912759e-05, 3.913362e-05
4.101563e+00, 3.727424e-05, 3.728053e-05
4.117188e+00, 3.549529e-05, 3.550185e-05
4.132813e+00, 3.378849e-05, 3.379534e-05
4.148438e+00, 3.215162e-05, 3.215879e-05
4.164063e+00, 3.058248e-05, 3.058999e-05
4.179688e+00, 2.907891e-05, 2.908680e-05
4.195313e+00, 2.763878e-05, 2.764710e-05
4.210938e+00, 2.626000e-05, 2.626879e-05
4.226563e+00, 2.494051e-05, 2.494982e-05
4.242188e+00, 2.367829e-05, 2.368819e-05
4.257813e+00, 2.247134e-05, 2.248190e-05
4.273438e+00, 2.131773e-05, 2.132904e-05
4.289063e+00, 2.021554e-05, 2.022770e-05
4.304688e+00, 1.916292e-05, 1.917602e-05
4.320313e+00, 1.815802e-05, 1.817220e-05
4.335938e+00, 1.719907e-05, 1.721446e-05
4.351563e+00, 1.628432e-05, 1.630107e-05
4.367188e+00, 1.541207e-05, 1.543036e-05
4.382813e+00, 1.458064e-05, 1.460067e-05
4.398438e+00, 1.378842e-05, 1.381040e-05
4.414063e+00, 1.303383e-05, 1.305801e-05
4.429688e+00, 1.231532e-05, 1.234197e-05
4.445313e+00, 1.163140e-05, 1.166081e-05
4.460938e+00, 1.098059e-05, 1.101311e-05
4.476563e+00, 1.036149e-05, 1.039749e-05
4.492188e+00, 9.772696e-06, 9.812587e-06
4.507813e+00, 9.212871e-06, 9.257114e-06
4.523438e+00, 8.680704e-06, 8.729808e-06
4.539063e+00, 8.174922e-06, 8.229447e-06
4.554688e+00, 7.694286e-06, 7.754852e-06
4.570313e+00, 7.237592e-06, 7.304884e-06
4.585938e+00, 6.803669e-06, 6.878442e-06
4.601563e+00, 6.391379e-06, 6.474463e-06
4.617188e+00, 5.999613e-06, 6.091923e-06
4.632813e+00, 5.627292e-06, 5.729832e-06
4.648438e+00, 5.273364e-06, 5.387240e-06
4.664063e+00, 4.936807e-06, 5.063231e-06
4.679688e+00, 4.616621e-06, 4.756922e-06
4.695313e+00, 4.311830e-06, 4.467466e-06
4.710938e+00, 4.021480e-06, 4.194049e-06
4.726563e+00, 3.744640e-06, 3.935886e-06
4.742188e+00, 3.480393e-06, 3.692229e-06
4.757813e+00, 3.227843e-06, 3.462354e-06
4.773438e+00, 2.986106e-06, 3.245573e-06
4.789063e+00, 2.754313e-06, 3.041223e-06
4.804688e+00, 2.531602e-06, 2.848669e-06
4.820313e+00, 2.317125e-06, 2.667304e-06
4.835938e+00, 2.110037e-06, 2.496549e-06
4.851563e+00, 1.909498e-06, 2.335849e-06
4.867188e+00, 1.714671e-06, 2.184671e-06
4.882813e+00, 1.524716e-06, 2.042511e-06
4.898438e+00, 1.338791e-06, 1.908885e-06
4.914063e+00, 1.156050e-06, 1.783331e-06
4.929688e+00, 9.756362e-07, 1.665410e-06
4.945313e+00, 7.966818e-07, 1.554702e-06
4.960938e+00, 6.183048e-07, 1.450809e-06
4.976563e+00, 4.396058e-07, 1.353350e-06
4.992188e+00, 2.596642e-07, 1.261964e-06
5.000000e+00, 1.688687e-07, 1.218440e-06


#At time: 1.000484e+02, nsteps= 826


-1.000000e+00, 5.665073e-08, 8.832913e-07
-9.921875e-01, 1.113066e-07, 9.143427e-07
-9.765625e-01, 2.220561e-07, 9.795024e-07
-9.609375e-01, 3.348887e-07, 1.048940e-06
-9.453125e-01, 4.501407e-07, 1.122908e-06
-9.296875e-01, 5.681593e-07, 1.201673e-06
-9.140625e-01, 6.893032e-07, 1.285514e-06
-8.984375e-01, 8.139431e-07, 1.374726e-06
-8.828125e-01, 9.424623e-07, 1.469616e-06
-8.671875e-01, 1.075257e-06, 1.570509e-06
-8.515625e-01, 1.212739e-06, 1.677742e-06
-8.359375e-01, 1.355331e-06, 1.791673e-06
-8.203125e-01, 1.503473e-06, 1.912673e-06
-8.046875e-01, 1.657621e-06, 2.041133e-06
-7.890625e-01, 1.818247e-06, 2.177461e-06
-7.734375e-01, 1.985839e-06, 2.322084e-06
-7.578125e-01, 2.160902e-06, 2.475450e-06
-7.421875e-01, 2.343962e-06, 2.638025e-06
-7.265625e-01, 2.535562e-06, 2.810297e-06
-7.109375e-01, 2.736264e-06, 2.992775e-06
-6.953125e-01, 2.946652e-06, 3.185991e-06
-6.796875e-01, 3.167330e-06, 3.390498e-06
-6.640625e-01, 3.398925e-06, 3.606874e-06
-6.484375e-01, 3.642085e-06, 3.835721e-06
-6.328125e-01, 3.897481e-06, 4.077666e-06
-6.171875e-01, 4.165809e-06, 4.333360e-06
-6.015625e-01, 4.447790e-06, 4.603483e-06
-5.859375e-01, 4.744168e-06, 4.888738e-06
-5.703125e-01, 5.055714e-06, 5.189860e-06
-5.546875e-01, 5.383227e-06, 5.507607e-06
-5.390625e-01, 5.727532e-06, 5.842771e-06
-5.234375e-01, 6.089482e-06, 6.196171e-06
-5.078125e-01, 6.469959e-06, 6.568654e-06
-4.921875e-01, 6.869873e-06, 6.961101e-06
-4.765625e-01, 7.290166e-06, 7.374424e-06
-4.609375e-01, 7.731809e-06, 7.809563e-06
-4.453125e-01, 8.195805e-06, 8.267496e-06
-4.296875e-01, 8.683186e-06, 8.749228e-06
-4.140625e-01, 9.195020e-06, 9.255802e-06
-3.984375e-01, 9.732405e-06, 9.788293e-06
-3.828125e-01, 1.029647e-05, 1.034781e-05
-3.671875e-01, 1.088839e-05, 1.093549e-05
-3.515625e-01, 1.150935e-05, 1.155252e-05
-3.359375e-01, 1.216059e-05, 1.220012e-05
-3.203125e-01, 1.284337e-05, 1.287952e-05
-3.046875e-01, 1.355901e-05, 1.359201e-05
-2.890625e-01, 1.430883e-05, 1.433892e-05
-2.734375e-01, 1.509421e-05, 1.512160e-05
-2.578125e-01, 1.591654e-05, 1.594144e-05
-2.421875e-01, 1.677729e-05, 1.679987e-05
-2.265625e-01, 1.767791e-05, 1.769836e-05
-2.109375e-01, 1.861993e-05, 1.863839e-05
-1.953125e-01, 1.960488e-05, 1.962151e-05
-1.796875e-01, 2.063436e-05, 2.064929e-05
-1.640625e-01, 2.170996e-05, 2.172332e-05
-1.484375e-01, 2.283335e-05, 2.284525e-05
-1.328125e-01, 2.400619e-05, 2.401675e-05
-1.171875e-01, 2.523020e-05, 2.523951e-05
-1.015625e-01, 2.650713e-05, 2.651529e-05
-8.593750e-02, 2.783875e-05, 2.784583e-05
-7.031250e-02, 2.922686e-05, 2.923295e-05
-5.468750e-02, 3.067330e-05, 3.067847e-05
-3.906250e-02, 3.217993e-05, 3.218424e-05
-2.343750e-02, 3.374863e-05, 3.375214e-05
-7.812500e-03, 3.538132e-05, 3.538409e-05
7.812500e-03, 3.707994e-05, 3.708201e-05
2.343750e-02, 3.884643e-05, 3.884785e-05
3.906250e-02, 4.068278e-05, 4.068359e-05
5.468750e-02, 4.259099e-05, 4.259123e-05
7.031250e-02, 4.457306e-05, 4.457276e-05
8.593750e-02, 4.663103e-05, 4.663022e-05
1.015625e-01, 4.876694e-05, 4.876565e-05
1.171875e-01, 5.098283e-05, 5.098109e-05
1.328125e-01, 5.328076e-05, 5.327859e-05
1.484375e-01, 5.566279e-05, 5.566021e-05
1.640625e-01, 5.813100e-05, 5.812803e-05
1.796875e-01, 6.068743e-05, 6.068409e-05
1.953125e-01, 6.333416e-05, 6.333046e-05
2.109375e-01, 6.607324e-05, 6.606920e-05
2.265625e-01, 6.890671e-05, 6.890234e-05
2.421875e-01, 7.183660e-05, 7.183191e-05
2.578125e-01, 7.486492e-05, 7.485994e-05
2.734375e-01, 7.799368e-05, 7.798840e-05
2.890625e-01, 8.122484e-05, 8.121928e-05
3.046875e-01, 8.456035e-05, 8.455452e-05
3.203125e-01, 8.800212e-05, 8.799602e-05
3.359375e-01, 9.155202e-05, 9.154567e-05
3.515625e-01, 9.521190e-05, 9.520531e-05
3.671875e-01, 9.898354e-05, 9.897672e-05
3.828125e-01, 1.028687e-04, 1.028616e-04
3.984375e-01, 1.068691e-04, 1.068618e-04
4.140625e-01, 1.109863e-04, 1.109788e-04
4.296875e-01, 1.152219e-04, 1.152142e-04
4.453125e-01, 1.195774e-04, 1.195696e-04
4.609375e-01, 1.240544e-04, 1.240463e-04
4.765625e-01, 1.286540e-04, 1.286458e-04
4.921875e-01, 1.333777e-04, 1.333693e-04
5.078125e-01, 1.382266e-04, 1.382180e-04
5.234375e-01, 1.432018e-04, 1.431931e-04
5.390625e-01, 1.483043e-04, 1.482955e-04
5.546875e-01, 1.535351e-04, 1.535262e-04
5.703125e-01, 1.588950e-04, 1.588860e-04
5.859375e-01, 1.643846e-04, 1.643756e-04
6.015625e-01, 1.700046e-04, 1.699955e-04
6.171875e-01, 1.757554e-04, 1.757463e-04
6.328125e-01, 1.816375e-04, 1.816282e-04
6.484375e-01, 1.876509e-04, 1.876416e-04
6.640625e-01, 1.937957e-04, 1.937865e-04
6.796875e-01, 2.000721e-04, 2.000628e-04
6.953125e-01, 2.064796e-04, 2.064704e-04
7.109375e-01, 2.130181e-04, 2.130089e-04
7.265625e-01, 2.196870e-04, 2.196779e-04
7.421875e-01, 2.264857e-04, 2.264767e-04
7.578125e-01, 2.334134e-04, 2.334045e-04
7.734375e-01, 2.404691e-04, 2.404603e-04
7.890625e-01, 2.476517e-04, 2.476430e-04
8.046875e-01, 2.549599e-04, 2.549514e-04
8.203125e-01, 2.623923e-04, 2.623840e-04
8.359375e-01, 2.699472e-04, 2.699390e-04
8.515625e-01, 2.776227e-04, 2.776148e-04
8.671875e-01, 2.854170e-04, 2.854093e-04
8.828125e-01, 2.933278e-04, 2.933204e-04
8.984375e-01, 3.013527e-04, 3.013456e-04
9.140625e-01, 3.094892e-04, 3.094824e-04
9.296875e-01, 3.177346e-04, 3.177282e-04
9.453125e-01, 3.260860e-04, 3.260799e-04
9.609375e-01, 3.345401e-04, 3.345344e-04
9.765625e-01, 3.430938e-04, 3.430885e-04
9.921875e-01, 3.517435e-04, 3.517387e-04
1.007813e+00, 3.604856e-04, 3.604812e-04
1.023438e+00, 3.693161e-04, 3.693122e-04
1.039063e+00, 3.782310e-04, 3.782276e-04
1.054688e+00, 3.872261e-04, 3.872232e-04
1.070313e+00, 3.962969e-04, 3.962945e-04
1.085938e+00, 4.054387e-04, 4.054369e-04
1.101563e+00, 4.146468e-04, 4.146456e-04
1.117188e+00, 4.239162e-04, 4.239156e-04
1.132813e+00, 4.332417e-04, 4.332417e-04
1.148438e+00, 4.426180e-04, 4.426186e-04
1.164063e+00, 4.520396e-04, 4.520408e-04
1.179688e+00, 4.615008e-04, 4.615026e-04
1.195313e+00, 4.709957e-04, 4.709982e-04
1.210938e+00, 4.805183e-04, 4.805216e-04
1.226563e+00, 4.900626e-04, 4.900666e-04
1.242188e+00, 4.996223e-04, 4.996269e-04
1.257813e+00, 5.091908e-04, 5.091962e-04
1.273438e+00, 5.187616e-04, 5.187678e-04
1.289063e+00, 5.283281e-04, 5.283350e-04
1.304688e+00, 5.378834e-04, 5.378911e-04
1.320313e+00, 5.474206e-04, 5.474290e-04
1.335938e+00, 5.569327e-04, 5.569419e-04
1.351563e+00, 5.664125e-04, 5.664225e-04
1.367188e+00, 5.758529e-04, 5.758636e-04
1.382813e+00, 5.852465e-04, 5.852579e-04
1.398438e+00, 5.945860e-04, 5.945982e-04
1.414063e+00, 6.038639e-04, 6.038768e-04
1.429688e+00, 6.130727e-04, 6.130864e-04
1.445313e+00, 6.222051e-04, 6.222195e-04
1.460938e+00, 6.312533e-04, 6.312684e-04
1.476563e+00, 6.402098e-04, 6.402257e-04
1.492188e+00, 6.490670e-04, 6.490836e-04
1.507813e+00, 6.578173e-04, 6.578347e-04
1.523438e+00, 6.664532e-04, 6.664712e-04
1.539063e+00, 6.749671e-04, 6.749858e-04
1.554688e+00, 6.833514e-04, 6.833707e-04
1.570313e+00, 6.915987e-04, 6.916186e-04
1.585938e+00, 6.997015e-04, 6.997220e-04
1.601563e+00, 7.076524e-04, 7.076736e-04
1.617188e+00, 7.154442e-04, 7.154659e-04
1.632813e+00, 7.230696e-04, 7.230918e-04
1.648438e+00, 7.305215e-04, 7.305442e-04
1.664063e+00, 7.377930e-04, 7.378161e-04
1.679688e+00, 7.448770e-04, 7.449006e-04
1.695313e+00, 7.517668e-04, 7.517908e-04
1.710938e+00, 7.584559e-04, 7.584803e-04
1.726563e+00, 7.649377e-04, 7.649625e-04
1.742188e+00, 7.712060e-04, 7.712310e-04
1.757813e+00, 7.772546e-04, 7.772799e-04
1.773438e+00, 7.830775e-04, 7.831030e-04
1.789063e+00, 7.886690e-04, 7.886947e-04
1.804688e+00, 7.940235e-04, 7.940494e-04
1.820313e+00, 7.991357e-04, 7.991617e-04
1.835938e+00, 8.040004e-04, 8.040264e-04
1.851563e+00, 8.086127e-04, 8.086388e-04
1.867188e+00, 8.129679e-04, 8.129940e-04
1.882813e+00, 8.170617e-04, 8.170877e-04
1.898438e+00, 8.208898e-04, 8.209157e-04
1.914063e+00, 8.244483e-04, 8.244741e-04
1.929688e+00, 8.277336e-04, 8.277591e-04
1.945313e+00, 8.307422e-04, 8.307675e-04
1.960938e+00, 8.334711e-04, 8.334962e-04
1.976563e+00, 8.359175e-04, 8.359422e-04
1.992188e+00, 8.380787e-04, 8.381031e-04
2.007813e+00, 8.399526e-04, 8.399766e-04
2.023438e+00, 8.415372e-04, 8.415608e-04
2.039063e+00, 8.428309e-04, 8.428539e-04
2.054688e+00, 8.438322e-04, 8.438548e-04
2.070313e+00, 8.445403e-04, 8.445623e-04
2.085938e+00, 8.449542e-04, 8.449756e-04
2.101563e+00, 8.450736e-04, 8.450944e-04
2.117188e+00, 8.448984e-04, 8.449185e-04
2.132813e+00, 8.444287e-04, 8.444481e-04
2.148438e+00, 8.436651e-04, 8.436837e-04
2.164063e+00, 8.426083e-04, 8.426261e-04
2.179688e+00, 8.412594e-04, 8.412764e-04
2.195313e+00, 8.396198e-04, 8.396361e-04
2.210938e+00, 8.376913e-04, 8.377067e-04
2.226563e+00, 8.354759e-04, 8.354904e-04
2.242188e+00, 8.329758e-04, 8.329894e-04
2.257813e+00, 8.301937e-04, 8.302063e-04
2.273438e+00, 8.271323e-04, 8.271440e-04
2.289063e+00, 8.237950e-04, 8.238057e-04
2.304688e+00, 8.201851e-04, 8.201948e-04
2.320313e+00, 8.163063e-04, 8.163150e-04
2.335938e+00, 8.121626e-04, 8.121703e-04
2.351563e+00, 8.077582e-04, 8.077648e-04
2.367188e+00, 8.030976e-04, 8.031032e-04
2.382813e+00, 7.981855e-04, 7.981901e-04
2.398438e+00, 7.930269e-04, 7.930304e-04
2.414063e+00, 7.876270e-04, 7.876294e-04
2.429688e+00, 7.819910e-04, 7.819924e-04
2.445313e+00, 7.761247e-04, 7.761251e-04
2.460938e+00, 7.700339e-04, 7.700332e-04
2.476563e+00, 7.637245e-04, 7.637227e-04
2.492188e+00, 7.572027e-04, 7.571999e-04
2.507813e+00, 7.504748e-04, 7.504710e-04
2.523438e+00, 7.435474e-04, 7.435426e-04
2.539063e+00, 7.364271e-04, 7.364213e-04
2.554688e+00, 7.291207e-04, 7.291139e-04
2.570313e+00, 7.216351e-04, 7.216273e-04
2.585938e+00, 7.139773e-04, 7.139685e-04
2.601563e+00, 7.061545e-04, 7.061448e-04
2.617188e+00, 6.981739e-04, 6.981633e-04
2.632813e+00, 6.900428e-04, 6.900313e-04
2.648438e+00, 6.817686e-04, 6.817562e-04
2.664063e+00, 6.733588e-04, 6.733456e-04
2.679688e+00, 6.648208e-04, 6.648068e-04
2.695313e+00, 6.561622e-04, 6.561474e-04
2.710938e+00, 6.473906e-04, 6.473751e-04
2.726563e+00, 6.385136e-04, 6.384973e-04
2.742188e+00, 6.295387e-04, 6.295217e-04
2.757813e+00, 6.204735e-04, 6.204559e-04
2.773438e+00, 6.113256e-04, 6.113074e-04
2.789063e+00, 6.021026e-04, 6.020838e-04
2.804688e+00, 5.928120e-04, 5.927926e-04
2.820313e+00, 5.834612e-04, 5.834413e-04
2.835938e+00, 5.740577e-04, 5.740373e-04
2.851563e+00, 5.646088e-04, 5.645880e-04
2.867188e+00, 5.551218e-04, 5.551006e-04
2.882813e+00, 5.456039e-04, 5.455823e-04
2.898438e+00, 5.360622e-04, 5.360403e-04
2.914063e+00, 5.265037e-04, 5.264815e-04
2.929688e+00, 5.169353e-04, 5.169129e-04
2.945313e+00, 5.073639e-04, 5.073413e-04
2.960938e+00, 4.977960e-04, 4.977733e-04
2.976563e+00, 4.882383e-04, 4.882154e-04
2.992188e+00, 4.786971e-04, 4.786741e-04
3.007813e+00, 4.691787e-04, 4.691556e-04
3.023438e+00, 4.596892e-04, 4.596661e-04
3.039063e+00, 4.502346e-04, 4.502115e-04
3.054688e+00, 4.408207e-04, 4.407977e-04
3.070313e+00, 4.314531e-04, 4.314302e-04
3.085938e+00, 4.221373e-04, 4.221145e-04
3.101563e+00, 4.128786e-04, 4.128560e-04
3.117188e+00, 4.036822e-04, 4.036598e-04
3.132813e+00, 3.945530e-04, 3.945308e-04
3.148438e+00, 3.854958e-04, 3.854738e-04
3.164063e+00, 3.765151e-04, 3.764934e-04
3.179688e+00, 3.676155e-04, 3.675940e-04
3.195313e+00, 3.588010e-04, 3.587799e-04
3.210938e+00, 3.500757e-04, 3.500550e-04
3.226563e+00, 3.414435e-04, 3.414232e-04
3.242188e+00, 3.329080e-04, 3.328881e-04
3.257813e+00, 3.244727e-04, 3.244532e-04
3.273438e+00, 3.161409e-04, 3.161218e-04
3.289063e+00, 3.079156e-04, 3.078969e-04
3.304688e+00, 2.997997e-04, 2.997815e-04
3.320313e+00, 2.917959e-04, 2.917782e-04
3.335938e+00, 2.839067e-04, 2.838896e-04
3.351563e+00, 2.761345e-04, 2.761179e-04
3.367188e+00, 2.684815e-04, 2.684654e-04
3.382813e+00, 2.609494e-04, 2.609339e-04
3.398438e+00, 2.535403e-04, 2.535253e-04
3.414063e+00, 2.462555e-04, 2.462412e-04
3.429688e+00, 2.390967e-04, 2.390829e-04
3.445313e+00, 2.320650e-04, 2.320518e-04
3.460938e+00, 2.251616e-04, 2.251490e-04
3.476563e+00, 2.183873e-04, 2.183753e-04
3.492188e+00, 2.117430e-04, 2.117316e-04
3.507813e+00, 2.052292e-04, 2.052184e-04
3.523438e+00, 1.988464e-04, 1.988362e-04
3.539063e+00, 1.925950e-04, 1.925853e-04
3.554688e+00, 1.864750e-04, 1.864659e-04
3.570313e+00, 1.804865e-04, 1.804780e-04
3.585938e+00, 1.746294e-04, 1.746215e-04
3.601563e+00, 1.689034e-04, 1.688961e-04
3.617188e+00, 1.633082e-04, 1.633015e-04
3.632813e+00, 1.578433e-04, 1.578372e-04
3.648438e+00, 1.525080e-04, 1.525025e-04
3.664063e+00, 1.473017e-04, 1.472967e-04
3.679688e+00, 1.422234e-04, 1.422190e-04
3.695313e+00, 1.372724e-04, 1.372685e-04
3.710938e+00, 1.324474e-04, 1.324442e-04
3.726563e+00, 1.277475e-04, 1.277448e-04
3.742188e+00, 1.231714e-04, 1.231692e-04
3.757813e+00, 1.187178e-04, 1.187161e-04
3.773438e+00, 1.143852e-04, 1.143841e-04
3.789063e+00, 1.101724e-04, 1.101717e-04
3.804688e+00, 1.060776e-04, 1.060775e-04
3.820313e+00, 1.020994e-04, 1.020998e-04
3.835938e+00, 9.823615e-05, 9.823701e-05
3.851563e+00, 9.448604e-05, 9.448740e-05
3.867188e+00, 9.084737e-05, 9.084922e-05
3.882813e+00, 8.731834e-05, 8.732068e-05
3.898438e+00, 8.389708e-05, 8.389991e-05
3.914063e+00, 8.058172e-05, 8.058505e-05
3.929688e+00, 7.737034e-05, 7.737417e-05
3.945313e+00, 7.426098e-05, 7.426532e-05
3.960938e+00, 7.125167e-05, 7.125654e-05
3.976563e+00, 6.834040e-05, 6.834581e-05
3.992188e+00, 6.552517e-05, 6.553112e-05
4.007813e+00, 6.280391e-05, 6.281045e-05
4.023438e+00, 6.017460e-05, 6.018174e-05
4.039063e+00, 5.763517e-05, 5.764294e-05
4.054688e+00, 5.518354e-05, 5.519199e-05
4.070313e+00, 5.281767e-05, 5.282683e-05
4.085938e+00, 5.053546e-05, 5.054539e-05
4.101563e+00, 4.833487e-05, 4.834562e-05
4.117188e+00, 4.621382e-05, 4.622546e-05
4.132813e+00, 4.417027e-05, 4.418287e-05
4.148438e+00, 4.220216e-05, 4.221582e-05
4.164063e+00, 4.030746e-05, 4.032227e-05
4.179688e+00, 3.848416e-05, 3.850023e-05
4.195313e+00, 3.673025e-05, 3.674771e-05
4.210938e+00, 3.504375e-05, 3.506273e-05
4.226563e+00, 3.342269e-05, 3.344334e-05
4.242188e+00, 3.186513e-05, 3.188763e-05
4.257813e+00, 3.036914e-05, 3.039368e-05
4.273438e+00, 2.893283e-05, 2.895963e-05
4.289063e+00, 2.755433e-05, 2.758361e-05
4.304688e+00, 2.623178e-05, 2.626382e-05
4.320313e+00, 2.496337e-05, 2.499846e-05
4.335938e+00, 2.374730e-05, 2.378576e-05
4.351563e+00, 2.258181e-05, 2.262400e-05
4.367188e+00, 2.146518e-05, 2.151149e-05
4.382813e+00, 2.039568e-05, 2.044654e-05
4.398438e+00, 1.937166e-05, 1.942755e-05
4.414063e+00, 1.839145e-05, 1.845290e-05
4.429688e+00, 1.745346e-05, 1.752103e-05
4.445313e+00, 1.655609e-05, 1.663043e-05
4.460938e+00, 1.569779e-05, 1.577959e-05
4.476563e+00, 1.487704e-05, 1.496706e-05
4.492188e+00, 1.409235e-05, 1.419142e-05
4.507813e+00, 1.334226e-05, 1.345129e-05
4.523438e+00, 1.262532e-05, 1.274531e-05
4.539063e+00, 1.194013e-05, 1.207217e-05
4.554688e+00, 1.128532e-05, 1.143060e-05
4.570313e+00, 1.065953e-05, 1.081935e-05
4.585938e+00, 1.006145e-05, 1.023721e-05
4.601563e+00, 9.489760e-06, 9.683021e-06
4.617188e+00, 8.943203e-06, 9.155639e-06
4.632813e+00, 8.420521e-06, 8.653962e-06
4.648438e+00, 7.920487e-06, 8.176922e-06
4.664063e+00, 7.441891e-06, 7.723484e-06
4.679688e+00, 6.983545e-06, 7.292648e-06
4.695313e+00, 6.544279e-06, 6.883444e-06
4.710938e+00, 6.122937e-06, 6.494935e-06
4.726563e+00, 5.718380e-06, 6.126218e-06
4.742188e+00, 5.329480e-06, 5.776418e-06
4.757813e+00, 4.955123e-06, 5.444693e-06
4.773438e+00, 4.594201e-06, 5.130228e-06
4.789063e+00, 4.245614e-06, 4.832240e-06
4.804688e+00, 3.908268e-06, 4.549974e-06
4.820313e+00, 3.581071e-06, 4.282702e-06
4.835938e+00, 3.262930e-06, 4.029724e-06
4.851563e+00, 2.952752e-06, 3.790368e-06
4.867188e+00, 2.649438e-06, 3.563985e-06
4.882813e+00, 2.351882e-06, 3.349956e-06
4.898438e+00, 2.058966e-06, 3.147681e-06
4.914063e+00, 1.769562e-06, 2.956589e-06
4.929688e+00, 1.482522e-06, 2.776130e-06
4.945313e+00, 1.196681e-06, 2.605776e-06
4.960938e+00, 9.108505e-07, 2.445023e-06
4.976563e+00, 6.238148e-07, 2.293388e-06
4.992188e+00, 3.343288e-07, 2.150406e-06
5.000000e+00, 1.881964e-07, 2.082021e-06


