#At time: 0.000000e+00, nsteps= 0


0.000000e+00, 0.000000e+00
3.125000e-02, 0.000000e+00
9.375000e-02, 0.000000e+00
1.562500e-01, 0.000000e+00
2.187500e-01, 0.000000e+00
2.812500e-01, 0.000000e+00
3.437500e-01, 0.000000e+00
4.062500e-01, 0.000000e+00
4.687500e-01, 0.000000e+00
5.312500e-01, 0.000000e+00
5.937500e-01, 0.000000e+00
6.562500e-01, 0.000000e+00
7.187500e-01, 0.000000e+00
7.812500e-01, 0.000000e+00
8.437500e-01, 0.000000e+00
9.062500e-01, 0.000000e+00
9.687500e-01, 0.000000e+00
1.031250e+00, 5.000000e+00
1.093750e+00, 5.000000e+00
1.156250e+00, 5.000000e+00
1.218750e+00, 5.000000e+00
1.281250e+00, 5.000000e+00
1.343750e+00, 5.000000e+00
1.406250e+00, 5.000000e+00
1.468750e+00, 5.000000e+00
1.531250e+00, 5.000000e+00
1.593750e+00, 5.000000e+00
1.656250e+00, 5.000000e+00
1.718750e+00, 5.000000e+00
1.781250e+00, 5.000000e+00
1.843750e+00, 5.000000e+00
1.906250e+00, 5.000000e+00
1.968750e+00, 5.000000e+00
2.031250e+00, 0.000000e+00
2.093750e+00, 0.000000e+00
2.156250e+00, 0.000000e+00
2.218750e+00, 0.000000e+00
2.281250e+00, 0.000000e+00
2.343750e+00, 0.000000e+00
2.406250e+00, 0.000000e+00
2.468750e+00, 0.000000e+00
2.531250e+00, 0.000000e+00
2.593750e+00, 0.000000e+00
2.656250e+00, 0.000000e+00
2.718750e+00, 0.000000e+00
2.781250e+00, 0.000000e+00
2.843750e+00, 0.000000e+00
2.906250e+00, 0.000000e+00
2.968750e+00, 0.000000e+00
3.031250e+00, 0.000000e+00
3.093750e+00, 0.000000e+00
3.156250e+00, 0.000000e+00
3.218750e+00, 0.000000e+00
3.281250e+00, 0.000000e+00
3.343750e+00, 0.000000e+00
3.406250e+00, 0.000000e+00
3.468750e+00, 0.000000e+00
3.531250e+00, 0.000000e+00
3.593750e+00, 0.000000e+00
3.656250e+00, 0.000000e+00
3.718750e+00, 0.000000e+00
3.781250e+00, 0.000000e+00
3.843750e+00, 0.000000e+00
3.906250e+00, 0.000000e+00
3.968750e+00, 0.000000e+00
4.000000e+00, 0.000000e+00


#At time: 2.003203e+00, nsteps= 518


0.000000e+00, 1.611654e+00
3.125000e-02, 1.611769e+00
9.375000e-02, 1.611994e+00
1.562500e-01, 1.612433e+00
2.187500e-01, 1.613061e+00
2.812500e-01, 1.613838e+00
3.437500e-01, 1.614718e+00
4.062500e-01, 1.615639e+00
4.687500e-01, 1.616532e+00
5.312500e-01, 1.617318e+00
5.937500e-01, 1.617911e+00
6.562500e-01, 1.618215e+00
7.187500e-01, 1.618134e+00
7.812500e-01, 1.617563e+00
8.437500e-01, 1.616397e+00
9.062500e-01, 1.614530e+00
9.687500e-01, 1.611857e+00
1.031250e+00, 1.608273e+00
1.093750e+00, 1.603680e+00
1.156250e+00, 1.597981e+00
1.218750e+00, 1.591089e+00
1.281250e+00, 1.582922e+00
1.343750e+00, 1.573410e+00
1.406250e+00, 1.562489e+00
1.468750e+00, 1.550109e+00
1.531250e+00, 1.536232e+00
1.593750e+00, 1.520831e+00
1.656250e+00, 1.503893e+00
1.718750e+00, 1.485419e+00
1.781250e+00, 1.465421e+00
1.843750e+00, 1.443929e+00
1.906250e+00, 1.420984e+00
1.968750e+00, 1.396642e+00
2.031250e+00, 1.370969e+00
2.093750e+00, 1.344050e+00
2.156250e+00, 1.315974e+00
2.218750e+00, 1.286851e+00
2.281250e+00, 1.256790e+00
2.343750e+00, 1.225922e+00
2.406250e+00, 1.194375e+00
2.468750e+00, 1.162294e+00
2.531250e+00, 1.129824e+00
2.593750e+00, 1.097120e+00
2.656250e+00, 1.064335e+00
2.718750e+00, 1.031634e+00
2.781250e+00, 9.991746e-01
2.843750e+00, 9.671217e-01
2.906250e+00, 9.356336e-01
2.968750e+00, 9.048738e-01
3.031250e+00, 8.749958e-01
3.093750e+00, 8.461562e-01
3.156250e+00, 8.185003e-01
3.218750e+00, 7.921737e-01
3.281250e+00, 7.673097e-01
3.343750e+00, 7.440395e-01
3.406250e+00, 7.224812e-01
3.468750e+00, 7.027486e-01
3.531250e+00, 6.849418e-01
3.593750e+00, 6.691549e-01
3.656250e+00, 6.554678e-01
3.718750e+00, 6.439528e-01
3.781250e+00, 6.346681e-01
3.843750e+00, 6.276627e-01
3.906250e+00, 6.229720e-01
3.968750e+00, 6.206207e-01
4.000000e+00, 6.206207e-01


#At time: 4.002539e+00, nsteps= 1035


0.000000e+00, 1.510032e+00
3.125000e-02, 1.509762e+00
9.375000e-02, 1.509219e+00
1.562500e-01, 1.508132e+00
2.187500e-01, 1.506503e+00
2.812500e-01, 1.504334e+00
3.437500e-01, 1.501626e+00
4.062500e-01, 1.498383e+00
4.687500e-01, 1.494607e+00
5.312500e-01, 1.490303e+00
5.937500e-01, 1.485475e+00
6.562500e-01, 1.480129e+00
7.187500e-01, 1.474270e+00
7.812500e-01, 1.467906e+00
8.437500e-01, 1.461044e+00
9.062500e-01, 1.453694e+00
9.687500e-01, 1.445864e+00
1.031250e+00, 1.437567e+00
1.093750e+00, 1.428813e+00
1.156250e+00, 1.419616e+00
1.218750e+00, 1.409990e+00
1.281250e+00, 1.399950e+00
1.343750e+00, 1.389514e+00
1.406250e+00, 1.378699e+00
1.468750e+00, 1.367525e+00
1.531250e+00, 1.356012e+00
1.593750e+00, 1.344183e+00
1.656250e+00, 1.332061e+00
1.718750e+00, 1.319671e+00
1.781250e+00, 1.307039e+00
1.843750e+00, 1.294192e+00
1.906250e+00, 1.281158e+00
1.968750e+00, 1.267969e+00
2.031250e+00, 1.254655e+00
2.093750e+00, 1.241248e+00
2.156250e+00, 1.227782e+00
2.218750e+00, 1.214289e+00
2.281250e+00, 1.200806e+00
2.343750e+00, 1.187368e+00
2.406250e+00, 1.174011e+00
2.468750e+00, 1.160772e+00
2.531250e+00, 1.147687e+00
2.593750e+00, 1.134795e+00
2.656250e+00, 1.122131e+00
2.718750e+00, 1.109735e+00
2.781250e+00, 1.097641e+00
2.843750e+00, 1.085888e+00
2.906250e+00, 1.074511e+00
2.968750e+00, 1.063545e+00
3.031250e+00, 1.053024e+00
3.093750e+00, 1.042983e+00
3.156250e+00, 1.033452e+00
3.218750e+00, 1.024463e+00
3.281250e+00, 1.016045e+00
3.343750e+00, 1.008226e+00
3.406250e+00, 1.001031e+00
3.468750e+00, 9.944846e-01
3.531250e+00, 9.886086e-01
3.593750e+00, 9.834226e-01
3.656250e+00, 9.789443e-01
3.718750e+00, 9.751888e-01
3.781250e+00, 9.721689e-01
3.843750e+00, 9.698949e-01
3.906250e+00, 9.683745e-01
3.968750e+00, 9.676130e-01
4.000000e+00, 9.676130e-01


